1525687392761430016
1525687402773286912
1525687407953207297
1525687413682581504
1525687414324285440
1525687414173290496
1525687415175716866
1525687417524609024
1525687419391156224
1525687420250796032
1525687420045471744
1525687424080306176
1525687426022264832
1525687437581852673
1525687438022254592
1525687437850300416
1525687441113292800
1525687446817476609
1525687462634442753
1525687466312835072
1525687473015242753
1525687473556160512
1525687476542750720
1525687482154622976
1525687483488428032
1525687492544016386
1525687495941312512
1525687496666820608
1525687504749436929
1525687510357184512
1525687512680878083
1525687517277630464
1525687519748034562
1525687520926785537
1525687521962778625
1525687522973650944
1525687523057537024
1525687522952499201
1525687525045686278
1525687531056115713
1525687532729548800
1525687533153263620
1525687537188093953
1525687538781929472
1525687538803183617
1525687539436240897
1525687549922103296
1525687553545932802
1525687553914982400
1525687554040860673
1525687558847406080
1525687558700535808
1525687558860152832
1525687562362314752
1525687563054219264
1525687573984825344
1525687580582346753
1525687587599433729
1525687589008683008
1525687592213262338
1525687602577391616
1525687612559994882
1525687616577761281
1525687618301722625
1525687619689975808
1525687625222598656
1525687627617165312
1525687639151718400
1525687641449984003
1525687644591730689
1525687655102570498
1525687656591630337
1525687661612212227
1525687667114926083
1525687667811405826
1525687674027253760
1525687676107644928
1525687682688499712
1525687686656163840
1525687687587454976
1525687689198063622
1525687692914307074
1525687693220323328
1525687694554238977
1525687695846121472
1525687696034869249
1525687698228396033
1525687708890169345
1525687709037219840
1525687709913718784
1525687713604767755
1525687714430889985
1525687715055951872
1525687717371199488
1525687720118521856
1525687723876528128
1525687725432655873
1525687731237621761
1525687733993279490
1525687736669200384
1525687736644009987
1525687737826824192
1525687738665689091
1525687744026005504
1525687744453922816
1525687744734937088
1525687748539174915
1525687748673290242
1525687748635398145
1525687749717766145
1525687753257717761
1525687762103455744
1525687763621646337
1525687764615892993
1525687765756788736
1525687768084533248
1525687770789855234
1525687771498549249
1525687774523060224
1525687777123348482
1525687778549325826
1525687780147331072
1525687787479093248
1525687788384960515
1525687788540088321
1525687793019658240
1525687797356560384
1525687798145208320
1525687798568734720
1525687799697276928
1525687802200981506
1525687805296386049
1525687806315532289
1525687814905643008
1525687816725962753
1525687822174363649
1525687821830443008
1525687829052932096
1525687832475586561
1525687832580222976
1525687848434810881
1525687851207348225
1525687853572935681
1525687858899480576
1525687869511180288
1525687871197302785
1525687873407787009
1525687875831996416
1525687882731687937
1525687883620790272
1525687884950515712
1525687886695260160
1525687889782521856
1525687894521786371
1525687895641800705
1525687908140826625
1525687908656504840
1525687912012349440
1525687919058505729
1525687920216113152
1525687932207542274
1525687933277196288
1525687940512456704
1525687942378823681
1525687972590407681
1525687977531346946
1525687983566823425
1525687983713705984
1525687985601134592
1525687989879422976
1525687992970620930
1525687993385766912
1525687995164200960
1525688002340593667
1525688007977754624
1525688010695512066
1525688012943802368
1525688013543550976
1525688016861155329
1525688022443999234
1525688028458631168
1525688037723840513
1525688039884099584
1525688041351831552
1525688045340614656
1525688047483895808
1525688056904302593
1525688060121591808
1525688060842754048
1525688061723648006
1525688070720331776
1525688073240993792
1525688073165602817
1525688074419724290
1525688078588837888
1525688085077450755
1525688089397432321
1525688092266483712
1525688093344399360
1525688095621931008
1525688099929571331
1525688106598424576
1525688106925453314
1525688109471617024
1525688113196048384
1525688117394833409
1525688131235852290
1525688136164167681
1525688141285187584
1525688144699482112
1525688149145292806
1525688152899321856
1525688157609422849
1525688158343536643
1525688162760249344
1525688162613350400
1525688163221794817
1525688163338858496
1525688165713039361
1525688167298482176
1525688169555017728
1525688172599975936
1525688173455626242
1525688184490840064
1525688194489929728
1525688196042039296
1525688203352723457
1525688209883242500
1525688210835263488
1525688214979334145
1525688215515979777
1525688219752452098
1525688220591214592
1525688222147289090
1525688232591097857
1525688232670908416
1525688233987911680
1525688241240035328
1525688252547702784
1525688254837686272
1525688258109362176
1525688269706493953
1525688275821813760
1525688277256310784
1525688279726792705
1525688279999385600
1525688282587140096
1525688283619119106
1525688285552590849
1525688288073461760
1525688288639471616
1525688290900586497
1525688292016017409
1525688294209638400
1525688298441695233
1525688301331562497
1525688302040252417
1525688306826199046
1525688314874978304
1525688322127011840
1525688323427258368
1525688324467343360
1525688324584878080
1525688328481300480
1525688329878048772
1525688330326888450
1525688337868238850
1525688343626928128
1525688343899648001
1525688345233395712
1525688346596347904
1525688364762030081
1525688370315333632
1525688375990272000
1525688387075719169
1525688388518649862
1525688390586454017
1525688392155025409
1525688393090334720
1525688398480039936
1525688400183013378
1525688405639806979
1525688407141322752
1525688410479935488
1525688420122730497
1525688420378349568
1525688420718284800
1525688421146152961
1525688425122254848
1525688425789235202
1525688435775836160
1525688436505645057
1525688443086331907
1525688448996327426
1525688453337333760
1525688456818589698
1525688468009009159
1525688473620971520
1525688477681078275
1525688484102545409
1525688484710735872
1525688486933991424
1525688488141660160
1525688488590450688
1525688490091876353
1525688498224828419
1525688498761736192
1525688506902716418
1525688507854950402
1525688509205561345
1525688509880844289
1525688512036880384
1525688514557489154
1525688514796462081
1525688521410740224
1525688526301536259
1525688528604172289
1525688529401036800
1525688535038234624
1525688540956266496
1525688543133069312
1525688551073099776
1525688553782509569
1525688564163301377
1525688564448518145
1525688564498894849
1525688572728205315
1525688577958584320
1525688586246438913
1525688588138168321
1525688600028975107
1525688602096979968
1525688603229229056
1525688608371494913
1525688614071541760
1525688617821143040
1525688627262521345
1525688628747329537
1525688631138177025
1525688633797255168
1525688635776966656
1525688640273260545
1525688645411282945
1525688648091435009
1525688660397465600
1525688661542567936
1525688670233284608
1525688671801860096
1525688675497017345
1525688676189093888
1525688679662075904
1525688699543068672
1525688702046859265
1525688707084320769
1525688709080825857
1525688717779812352
1525688719340101633
1525688720380133377
1525688723861557248
1525688724658454528
1525688726856384514
1525688726902525952
1525688729033232385
1525688733013626880
1525688734519382016
1525688735014260736
1525688737081856002
1525688739980316673
1525688754794643456
1525688761970855937
1525688763392958464
1525688764609224706
1525688772666474496
1525688774008750080
1525688774323208196
1525688778614099969
1525688795139407873
1525688797362798592
1525688797974896641
1525688798717386753
1525688811337965568
1525688816761196544
1525688823279230976
1525688823946027009
1525688841033883650
1525688855709601798
1525688855705358339
1525688865398280192
1525688871853477888
1525688874449633282
1525688875909365761
1525688876962140162
1525688877561815041
1525688883232395264
1525688884457353216
1525688888055975936
1525688889188487169
1525688890727796737
1525688910420090886
1525688918447890433
1525688927306366978
1525688926677061633
1525688939201318913
1525688942216892416
1525688949016076290
1525688949703843840
1525688951591342081
1525688975595384833
1525688981660356616
1525688990376026112
1525688990787067907
1525688995274956802
1525689002858266624
1525689005458825217
1525689006725468160
1525689033090899969
1525689034391138305
1525689045157814272
1525689051306930176
1525689056545349632
1525689056608280578
1525689071451836416
1525689072412336128
1525689073188360192
1525689079815450625
1525689080838766593
1525689085892841472
1525689091924316161
1525689096886173696
1525689097066618880
1525689102036770818
1525689106113646595
1525689118826680320
1525689120462364672
1525689121863499776
1525689121963925504
1525689124182695938
1525689126070067201
1525689137868595200
1525689140301414400
1525689146219667461
1525689148836806667
1525689149180858368
1525689154729873408
1525689155216343045
1525689158248714240
1525689158324441089
1525689163416207360
1525689177387450370
1525689180470358017
1525689180621221888
1525689183704072193
1525689200171008000
1525689201706024961
1525689224216846337
1525689227094003712
1525689230235684866
1525689230998982657
1525689235747090437
1525689246065074177
1525689246824161281
1525689246979350531
1525689250045468672
1525689252289421313
1525689256001290240
1525689256768950274
1525689259335761920
1525689263139999745
1525689263404175360
1525689264192860161
1525689267753730049
1525689273780998145
1525689274783367169
1525689283369127937
1525689298019811328
1525689300314214400
1525689300293148673
1525689304894275584
1525689308354576384
1525689309998751745
1525689314964713475
1525689322619424768
1525689326406868994
1525689334027849728
1525689338004119553
1525689341389021186
1525689346816233475
1525689347403661314
1525689354781335553
1525689354567331840
1525689355192377344
1525689357406986241
1525689359713947648
1525689361408348161
1525689363614650368
1525689369562054656
1525689376935751680
1525689378617556993
1525689381272657921
1525689381243207680
1525689386247016449
1525689391372546048
1525689394958581760
1525689395516514304
1525689395856265218
1525689407172677632
1525689408095244289
1525689416907358208
1525689425115725827
1525689428487901184
1525689434003357696
1525689435828154374
1525689447693664256
1525689451850379264
1525689463443185664
1525689467989807104
1525689468337934341
1525689472955961344
1525689473094279168
1525689477494087683
1525689479079636995
1525689479213813760
1525689485538775041
1525689522859741184
1525689530602467329
1525689532728868864
1525689536520630274
1525689538655444994
1525689557840277506
1525689558863577088
1525689583714828290
1525689585753378818
1525689588915834881
1525689593030393856
1525689596385828864
1525689603755503617
1525689604938121217
1525689608293457920
1525689612861046784
1525689615486795776
1525689618670178304
1525689620335321088
1525689627465621504
1525689630263328768
1525689634411380738
1525689636739338240
1525689637729193984
1525689638383656961
1525689641994702848
1525689645610180611
1525689649984856069
1525689650605604864
1525689657224314880
1525689664799391744
1525689667001016320
1525689669194743809
1525689694452711424
1525689696218750976
1525689696424284160
1525689696826818561
1525689701767577605
1525689711326642177
1525689713809555457
1525689721514561536
1525689722198183936
1525689723917946880
1525689735166906368
1525689736647540742
1525689750648246272
1525689751906426880
1525689754322456576
1525689760773292033
1525689765013618688
1525689766427209728
1525689768058802177
1525689770885763072
1525689771686776832
1525689778930327554
1525689790628253696
1525689791257448449
1525689792507400193
1525689798366834689
1525689799335714816
1525689802498121729
1525689803102113793
1525689806176411649
1525689809251061760
1525689815701893121
1525689816226086912
1525689820076449793
1525689831380205568
1525689868701016064
1525689869489561602
1525689871960051712
1525689873990025218
1525689893426438144
1525689893648748544
1525689895896829952
1525689896739946497
1525689897356783617
1525689899428352000
1525689903991902210
1525689904126107648
1525689910879047681
1525689914028793856
1525689919217504258
1525689922127990784
1525689927010091008
1525689927639384071
1525689933087723520
1525689933213614082
1525689940394270721
1525689944059981824
1525689949600862209
1525689957376991234
1525689959734202368
1525689959797202946
1525689961516634112
1525689962292822016
1525689963735547904
1525689971054727168
1525689978793119744
1525689979950841856
1525689979988418560
1525689981846622209
1525689983083741184
1525689984920997888
1525689992542052355
1525690010413965312
1525690010934312960
1525690018739666952
1525690021398818816
1525690021893783553
1525690025974939648
1525690032798973953
1525690038746501127
1525690038784253952
1525690039312736256
1525690040764047365
1525690042395635712
1525690042538246147
1525690042940801026
1525690048682901504
1525690051950264322
1525690052008886274
1525690053548249089
1525690062553468929
1525690062792368128
1525690066793861121
1525690068177932291
1525690071495479298
1525690072120565761
1525690076822380544
1525690088549670912
1525690091137540096
1525690091544489985
1525690099501080577
1525690100784500737
1525690105138126848
1525690108686520321
1525690112016887808
1525690112780255232
1525690114332057600
1525690119075909632
1525690122636824577
1525690129536503810
1525690130471714816
1525690130920574976
1525690137811746817
1525690140471042050
1525690143549493249
1525690149295775745
1525690152353267712
1525690153096060928
1525690157101371392
1525690157688664064
1525690169713512449
1525690175283675136
1525690179704475648
1525690180555907074
1525690186134622209
1525690194778800134
1525690197245145088
1525690212147412992
1525690213745442817
1525690214085275651
1525690216564015104
1525690218984226816
1525690219353235456
1525690220011741184
1525690220963930113
1525690223765688322
1525690232091328513
1525690242006753280
1525690244636491778
1525690254736470016
1525690256854593538
1525690258817372160
1525690261082456064
1525690266438488064
1525690272499253248
1525690278446878720
1525690280925618176
1525690285384208385
1525690290572390400
1525690299170832385
1525690299695104000
1525690300177457152
1525690302731890689
1525690308775686144
1525690309048410112
1525690318829588482
1525690320263995392
1525690324684877824
1525690327448829955
1525690328061190145
1525690331055812610
1525690332683419653
1525690342875582464
1525690348273647618
1525690354753671168
1525690360277569536
1525690358952255490
1525690369911840768
1525690369916157952
1525690369756782593
1525690371690442755
1525690376908062721
1525690377952448512
1525690380410359809
1525690380460621824
1525690386634706945
1525690386945032192
1525690387221954561
1525690389327400960
1525690390988439552
1525690391927873539
1525690394335379457
1525690397678108672
1525690400974979072
1525690406276571141
1525690408562577408
1525690408365305856
1525690411355734016
1525690412496785409
1525690414484930560
1525690424513269760
1525690427071991809
1525690432335794178
1525690446458015747
1525690448706211840
1525690449385725952
1525690453215088642
1525690460194234368
1525690460869632001
1525690462207614977
1525690478829740034
1525690480822038528
1525690487507664896
1525690490045317122
1525690510140121091
1525690513478795266
1525690518876958721
1525690519501737984
1525690522525908992
1525690527416475648
1525690528095825920
1525690530616725505
1525690537885544448
1525690538376450049
1525690547175931905
1525690547461054464
1525690562933833729
1525690566171938817
1525690566675161089
1525690567531073536
1525690570923991041
1525690574979756032
1525690587436949505
1525690593300602880
1525690594768584704
1525690603215912961
1525690609750929408
1525690615073226753
1525690616407105536
1525690618281852928
1525690619611447296
1525690624288120833
1525690624346796032
1525690627509428224
1525690630684700672
1525690640562106369
1525690643586105344
1525690647876968452
1525690650334838784
1525690654734565376
1525690660732420096
1525690662532042754
1525690662858924033
1525690672661020673
1525690673671950336
1525690674602909696
1525690675521626112
1525690678377951232
1525690681934680064
1525690683897544704
1525690685114003456
1525690691053326336
1525690691552165888
1525690693573910529
1525690701073113088
1525690703858352128
1525690704437121025
1525690706521735169
1525690707813490689
1525690714507694085
1525690715162001409
1525690721063288833
1525690723395375104
1525690723718287360
1525690729590300673
1525690729955213317
1525690732429950977
1525690733486915584
1525690744442441728
1525690749194407937
1525690754441568256
1525690755381075968
1525690756593160192
1525690756828209153
1525690762163212289
1525690771730407425
1525690773685125120
1525690774423498753
1525690777439031296
1525690777875402754
1525690780932788225
1525690782140846080
1525690784346939392
1525690786075103234
1525690786934935552
1525690787832508418
1525690793674952704
1525690800553791488
1525690802680258560
1525690807373668352
1525690809798082562
1525690810603294720
1525690820422053888
1525690857986351105
1525690862168154114
1525690865364115456
1525690868723744769
1525690877297176576
1525690880128065536
1525690881407213568
1525690887052922881
1525690888587993088
1525690891255664641
1525690891767365632
1525690893658906624
1525690896511078402
1525690897328967682
1525690897341505536
1525690898159386625
1525690899908415490
1525690900768337920
1525690902265884672
1525690904568283136
1525690905541369856
1525690906904432640
1525690909651705856
1525690912046821378
1525690913619644418
1525690925594382336
1525690928081543169
1525690930556194816
1525690940928806912
1525690941054414849
1525690949451538434
1525690953683673089
1525690960134303744
1525690980049080320
1525690982175498240
1525690986139373569
1525690986910851072
1525690988718477313
1525690995073028096
1525691004036059141
1525691004627591169
1525691016027656194
1525691018309427202
1525691021404823553
1525691021526433797
1525691023225143297
1525691024458362880
1525691024487636993
1525691038291066881
1525691045249536002
1525691047787089925
1525691054569181188
1525691056557330432
1525691064677502977
1525691067160530945
1525691070964957184
1525691075322695680
1525691077314985985
1525691078657163264
1525691079294689281
1525691080292851713
1525691082960474112
1525691084504018945
1525691086341083142
1525691087012122624
1525691089633558528
1525691093995642882
1525691102832955392
1525691108147269636
1525691113364869120
1525691113469788161
1525691120994422785
1525691121254408194
1525691123708329984
1525691123867557889
1525691128259002369
1525691131639439360
1525691138144972803
1525691139910955008
1525691146248257536
1525691147217149952
1525691153588400128
1525691159066165248
1525691161834401795
1525691163939946496
1525691165428830208
1525691176107524097
1525691176862597125
1525691176904544256
1525691180108943361
1525691188778393606
1525691204071206912
1525691212811882497
1525691217299836928
1525691244877324290
1525691250095038465
1525691252280283136
1525691264099819521
1525691271255404544
1525691276351381512
1525691278360444930
1525691282148020224
1525691286774087681
1525691287327891456
1525691288141680640
1525691295699972098
1525691301282590721
1525691311034093568
1525691322446688256
1525691326502686721
1525691330726338561
1525691333976940544
1525691334459379712
1525691338091634688
1525691340004028416
1525691340545212417
1525691342072037376
1525691347637874688
1525691348132761601
1525691352893345792
1525691358345940992
1525691362279993344
1525691364683354112
1525691370987565057
1525691373252489217
1525691383394099203
1525691387366281217
1525691393288548352
1525691397336190977
1525691403266887681
1525691408665001989
1525691409294049281
1525691413824155648
1525691415073853445
1525691421281472512
1525691422942318593
1525691423093362688
1525691423726641153
1525691429288386562
1525691432173969409
1525691432572682241
1525691432744407040
1525691457411088385
1525691458539229184
1525691464835280896
1525691470048632832
1525691472649105408
1525691474007949312
1525691475614375937
1525691476461641730
1525691483797454849
1525691483835314177
1525691484749582336
1525691485060050944
1525691487257862145
1525691495768297473
1525691501963100160
1525691509378625537
1525691511102373888
1525691512163647491
1525691513652621314
1525691515447791621
1525691516487979008
1525691536830255104
1525691537467879425
1525691546120687617
1525691548351942658
1525691563032162305
1525691567301853186
1525691573597519875
1525691581617082368
1525691587635838976
1525691588617330688
1525691588214595584
1525691590869753857
1525691599308693504
1525691601644920832
1525691606791163904
1525691611694383104
1525691613095288833
1525691621668528128
1525691627792121858
1525691633001451520
1525691640387895297
1525691651150295040
1525691662768414722
1525691664571981825
1525691672046231552
1525691678471950336
1525691678555885568
1525691686747348995
1525691693835735040
1525691695261749248
1525691697350451202
1525691701272096768
1525691701787906048
1525691701981061120
1525691714765172739
1525691722902257665
1525691728249905153
1525691738647453697
1525691742112075776
1525691744607674369
1525691749326327809
1525691750731456513
1525691754728435712
1525691759426158592
1525691770218029056
1525691771715473415
1525691780058042368
1525691783849582594
1525691787318132736
1525691787897102336
1525691798328426497
1525691800006103040
1525691811628457985
1525691811985035264
1525691820793004032
1525691843647787009
1525691845459726336
1525691852376231936
1525691852506157056
1525691856767844352
1525691858512449538
1525691861049847808
1525691866007621637
1525691866418712576
1525691872714317824
1525691883888033792
1525691889743183873
1525691895413936129
1525691898513571841
1525691901998993409
1525691904964296704
1525691907820732416
1525691908726706177
1525691912757420032
1525691913768259585
1525691916142125060
1525691917870284801
1525691923201200130
1525691923155103744
1525691929345806336
1525691930843267072
1525691931199774720
1525691932172767232
1525691934785867777
1525691942708957184
1525691957841895426
1525691963621748736
1525691967291723777
1525691975579705344
1525691979094339585
1525691981707366400
1525691981418008577
1525691983322300418
1525692000674234369
1525692000984506369
1525692003920629761
1525692005442912256
1525692015933067264
1525692024208429056
1525692032966066178
1525692038385127425
1525692042139123712
1525692055241969664
1525692056605282306
1525692062422941696
1525692066784854016
1525692085952778241
1525692095150731266
1525692102369234944
1525692103606550528
1525692106546847744
1525692110485131265
1525692112758460416
1525692116432994305
1525692130341036032
1525692132622843907
1525692136519348229
1525692141502095362
1525692147164397568
1525692149009883137
1525692151149088768
1525692155829837825
1525692159428825093
1525692170342113280
1525692173315846145
1525692183822614528
1525692185022447617
1525692186725081092
1525692194786525184
1525692199706705920
1525692199899475968
1525692201103249408
1525692206446698497
1525692210359984128
1525692215175036928
1525692217092112384
1525692217473605632
1525692219558088704
1525692220527071234
1525692228164894721
1525692230597545984
1525692231583244288
1525692235156598785
1525692240592519174
1525692243855540224
1525692247001509890
1525692248020684800
1525692250222735360
1525692250436558849
1525692251443122178
1525692260016340992
1525692260574273536
1525692265762627585
1525692285618249728
1525692289078665216
1525692290165006337
1525692291939172355
1525692306074087435
1525692310843162625
1525692318816534528
1525692321949532160
1525692323228700672
1525692323610468352
1525692331986456576
1525692333521518593
1525692343088709634
1525692344342806528
1525692352635060224
1525692359677181952
1525692366031671296
1525692367898042368
1525692372667011073
1525692374462173185
1525692379759378433
1525692382108217345
1525692386851950593
1525692387661692928
1525692388542390272
1525692389951967232
1525692391868481536
1525692393093210112
1525692400546779136
1525692401343406083
1525692402387734528
1525692403637792768
1525692407492255749
1525692408511582208
1525692410314928128
1525692413183926274
1525692415138582528
1525692416933498881
1525692423225196544
1525692425456451585
1525692433203437568
1525692439092244480
1525692439839014912
1525692441927397377
1525692444423114753
1525692444980957189
1525692459266846720
1525692460583763969
1525692469014315009
1525692473363808256
1525692475423305731
1525692477314895872
1525692477474279424
1525692477830742017
1525692482524221441
1525692488605790208
1525692488635359234
1525692492024356865
1525692495404969985
1525692495937642497
1525692500681166848
1525692510433067011
1525692517529829376
1525692519505350658
1525692525784309761
1525692526874742784
1525692531480338432
1525692536949547008
1525692539927506944
1525692543048073217
1525692543823912962
1525692547410325505
1525692555903614976
1525692557958717442
1525692558055202817
1525692559581929475
1525692567807041536
1525692568360701952
1525692574316503041
1525692575193124869
1525692577080561664
1525692586354262017
1525692595456077824
1525692597397860352
1525692598618398720
1525692607451410432
1525692609749929985
1525692613697085441
1525692615018041344
1525692615055794176
1525692617207562240
1525692621095636993
1525692626384584705
1525692627420688384
1525692629358460929
1525692635263926272
1525692635544944641
1525692637902258176
1525692641320509442
1525692641610022913
1525692644030132224
1525692661923033089
1525692664548667392
1525692665622589441
1525692668659089409
1525692669258874880
1525692675000782848
1525692676443709440
1525692676426825728
1525692677529927681
1525692682361884672
1525692689681125376
1525692693711560704
1525692694575599626
1525692696190410755
1525692696249122816
1525692703048187905
1525692705128448000
1525692706542039040
1525692717464006656
1525692729879146496
1525692731531591682
1525692737906933760
1525692739072974848
1525692741987991553
1525692745406464001
1525692746094223360
1525692749202300933
1525692749713899522
1525692751853105152
1525692758115360768
1525692763328729089
1525692763630706691
1525692764620480512
1525692765530628096
1525692772849786880
1525692781666226176
1525692790428028929
1525692811890286593
1525692812125151233
1525692812754407424
1525692817271562242
1525692819913854976
1525692820790599680
1525692827337891842
1525692837316046849
1525692837441982464
1525692838599704577
1525692841938255872
1525692846421983232
1525692854185623553
1525692863656378369
1525692865141059584
1525692867477442562
1525692869981396992
1525692871738785792
1525692880739762176
1525692886150422529
1525692899379163136
1525692902063628288
1525692908762025985
1525692909806358528
1525692914906669059
1525692918001983489
1525692918115205121
1525692918991929344
1525692921420435456
1525692924322799617
1525692929653841920
1525692931037880320
1525692932233351168
1525692932900143104
1525692933122531328
1525692937543090177
1525692938541486080
1525692944577093633
1525692945533489152
1525692948964327425
1525692950948241408
1525692951069876225
1525692953737547776
1525692955729637377
1525692966718869504
1525692966643580928
1525692970388815872
1525692971890401280
1525692971722493952
1525692972834115586
1525692976378175489
1525692978748174337
1525692980996325378
1525692982384549889
1525692983219212290
1525692984481792003
1525692984955744256
1525692986247741440
1525692990546747392
1525692992727678976
1525692993008721920
1525692997047836672
1525693001229602816
1525693001372053504
1525693006338314240
1525693008020180999
1525693015590944770
1525693016790700033
1525693019051155456
1525693028287094784
1525693030237360130
1525693030941855744
1525693032825225216
1525693043772383232
1525693044997111809
1525693045554937856
1525693047366991874
1525693049468239872
1525693051649372163
1525693056879579136
1525693074067816448
1525693076420837377
1525693077947666434
1525693081844056067
1525693087221260288
1525693088584318976
1525693097153282048
1525693099376271361
1525693100814807040
1525693103847383040
1525693108062765057
1525693108708683776
1525693114337624065
1525693118825250817
1525693123581599746
1525693129294327808
1525693130619731968
1525693132381343744
1525693132926492672
1525693134105194497
1525693135824764928
1525693140107149313
1525693141436841985
1525693154615238656
1525693159291879424
1525693167164706818
1525693171375566849
1525693175418871809
1525693176132009985
1525693178262786050
1525693179424481282
1525693181781680128
1525693187305652224
1525693188098359296
1525693189931339776
1525693193169166337
1525693194343698433
1525693196587503616
1525693197074178050
1525693202912657409
1525693205030785027
1525693205211013121
1525693206012231680
1525693209065701378
1525693209548140544
1525693216900665344
1525693219102724097
1525693221786947584
1525693224681148419
1525693228686757890
1525693229311709184
1525693229106069505
1525693231396278279
1525693235540238336
1525693239436759040
1525693242712391681
1525693242951577600
1525693243677106177
1525693244650029056
1525693244914515968
1525693246596386817
1525693252086661120
1525693254250991616
1525693259305074691
1525693262618583040
1525693265684713473
1525693278045319170
1525693281002311680
1525693284424769536
1525693291001524226
1525693294340079617
1525693315269636096
1525693316364283906
1525693316494462976
1525693318721683457
1525693322966228993
1525693328930418688
1525693341291126785
1525693341471543297
1525693343413551105
1525693345649008640
1525693357686661120
1525693359880380416
1525693361214087168
1525693368642281472
1525693369279717381
1525693375026012161
1525693379832492032
1525693382311305216
1525693383137759232
1525693384509341697
1525693386291806208
1525693386023387136
1525693389227839488
1525693390746136576
1525693394756030464
1525693395871703040
1525693397423497217
1525693405388587008
1525693406923587584
1525693409767325698
1525693410669125632
1525693411621318656
1525693412963504129
1525693414842449920
1525693416117518336
1525693420865564672
1525693425575682049
1525693425701486592
1525693427098296322
1525693428956372992
1525693430235443200
1525693430525042688
1525693434731937792
1525693443783249921
1525693444584267778
1525693450972168193
1525693452696096769
1525693454038315008
1525693454851969024
1525693456294760449
1525693456529637376
1525693456630304768
1525693460103286785
1525693460254162945
1525693465580945408
1525693465220243456
1525693469393559553
1525693475508854785
1525693476842754048
1525693479036370944
1525693479644499968
1525693482249117697
1525693487579922432
1525693490096742401
1525693491103338496
1525693496870445056
1525693497378066434
1525693501563883520
1525693502591488000
1525693516512370688
1525693516839636992
1525693516839624704
1525693516977872897
1525693527048474624
1525693534598307840
1525693536007602176
1525693536141713408
1525693540629618689
1525693541766283264
1525693546078117891
1525693548183666689
1525693549903237120
1525693550775656448
1525693553871142914
1525693554387034113
1525693556119068672
1525693561001451520
1525693562762960896
1525693564214190081
1525693571570999296
1525693572221177857
1525693574096072709
1525693575396134912
1525693578382655488
1525693578311245824
1525693582073536513
1525693585093427200
1525693586833960961
1525693589786861570
1525693592962048000
1525693596422352898
1525693598175580161
1525693601619095553
1525693605133819904
1525693607742775298
1525693612142518273
1525693613920886784
1525693615481098246
1525693617402171393
1525693618765410307
1525693620820529152
1525693622733230080
1525693625753120770
1525693625832771584
1525693626189287425
1525693631729999872
1525693635081166849
1525693634904997890
1525693640328511490
1525693643230785538
1525693650654711808
1525693656350576646
1525693656686071808
1525693659832020992
1525693664495910913
1525693664806289408
1525693670527275010
1525693674385973248
1525693683928027137
1525693689342861312
1525693703905492992
1525693704010403840
1525693704081645568
1525693706644373504
1525693706854191104
1525693708577910784
1525693709467140099
1525693710058520585
1525693710129831936
1525693710427619328
1525693711782449155
1525693711836925953
1525693714043215872
1525693717390278656
1525693721169502210
1525693723912261633
1525693725271375872
1525693726307270656
1525693728425377794
1525693733592784901
1525693738009378817
1525693739213148162
1525693745399832579
1525693761161936896
1525693762936090624
1525693768887939077
1525693771857285121
1525693773396811776
1525693775162531841
1525693778132082690
1525693780862685184
1525693780971687936
1525693783131639808
1525693794884132870
1525693798587715586
1525693801062359046
1525693803805409280
1525693809220325377
1525693810017173505
1525693816065302534
1525693822948282369
1525693825381015554
1525693829042552832
1525693831517175809
1525693837112377344
1525693846339964935
1525693850668486657
1525693854367698946
1525693858918457345
1525693859166134272
1525693861627973632
1525693862416637952
1525693864832651266
1525693872738906117
1525693878212378625
1525693879953293312
1525693880842145792
1525693883040014336
1525693884050952193
1525693894369091584
1525693895417417728
1525693895555829760
1525693908507836418
1525693915768057856
1525693929227689987
1525693931329052672
1525693935665946630
1525693938018967553
1525693938534842370
1525693943635132416
1525693949117177858
1525693953470779393
1525693960676691969
1525693961502859265
1525693962585006080
1525693968431955968
1525693971552473089
1525693983975948288
1525693984118607872
1525693984814907394
1525693985553096705
1525693985620119552
1525693987507560451
1525693996563038208
1525693997070569473
1525693997703888896
1525693998626705409
1525693999989903362
1525694010551156736
1525694013143130112
1525694014665670656
1525694016360427520
1525694016800661504
1525694018746732545
1525694020298723329
1525694022106222592
1525694029815599106
1525694035175825409
1525694036559941633
1525694043140853760
1525694046257152001
1525694046760730624
1525694048991838209
1525694050782830594
1525694056252203008
1525694056126373888
1525694076942577664
1525694084383490048
1525694092243570690
1525694094344855552
1525694097675243521
1525694098379722752
1525694111352819712
1525694122295803905
1525694124736647169
1525694145196695553
1525694145511116800
1525694151274151936
1525694151295221764
1525694151462985728
1525694154000375808
1525694153778151424
1525694160291913728
1525694160761765890
1525694162015862785
1525694162670080000
1525694167497723905
1525694168487583744
1525694176129695745
1525694177169883136
1525694180604919808
1525694180563070978
1525694186330243074
1525694186523181056
1525694189736017920
1525694192219045888
1525694193028546563
1525694192990945280
1525694195784196098
1525694204437049344
1525694204453830656
1525694208136314880
1525694213089812480
1525694215300292609
1525694215736418306
1525694216503959559
1525694219800780800
1525694230219194369
1525694230617853952
1525694233407107073
1525694235193884672
1525694236074573826
1525694255825829888
1525694259898339331
1525694260107956224
1525694266445549568
1525694276839030785
1525694277610885121
1525694279150186496
1525694281134051329
1525694281469636608
1525694284766318594
1525694290101420033
1525694291733098498
1525694292203044866
1525694293159051266
1525694294169899008
1525694299429642242
1525694310867517440
1525694319256018945
1525694326046478337
1525694328252813312
1525694333516754944
1525694335605276678
1525694336947703809
1525694337908150273
1525694349371129857
1525694358779056129
1525694360364326912
1525694361169707008
1525694365984821248
1525694370430738432
1525694374624960512
1525694374935396354
1525694375199752193
1525694382065737729
1525694382191562752
1525694383701602304
1525694386775986177
1525694387367321600
1525694387837190144
1525694389888098304
1525694392803201026
1525694397706342401
1525694404622786560
1525694423941763072
1525694424038121472
1525694425409671168
1525694425543938048
1525694431583690753
1525694433194258433
1525694433295060993
1525694438756188160
1525694438856658944
1525694440135970816
1525694447291334656
1525694451699572737
1525694452345470977
1525694456317493248
1525694457873461248
1525694465976832001
1525694475648962560
1525694478954156032
1525694490409058304
1525694502404489217
1525694502580760576
1525694506376601601
1525694508607934467
1525694511002882052
1525694511363436545
1525694518309572608
1525694520184422400
1525694521874743297
1525694531307376640
1525694531827556353
1525694534847545346
1525694538311815169
1525694543227658241
1525694543584276481
1525694548143394817
1525694552329314306
1525694553013239808
1525694552425648128
1525694553994452992
1525694561141547008
1525694561548394497
1525694572818464769
1525694573774876673
1525694579260936192
1525694579856625664
1525694581211561984
1525694581312049158
1525694596663107584
1525694599561347072
1525694603038539777
1525694607190810624
1525694607597658112
1525694607757131777
1525694610248433665
1525694617622036482
1525694621145341953
1525694626119749633
1525694628527325187
1525694633560444929
1525694633992368128
1525694649997721601
1525694650165624832
1525694666116677635
1525694666766749696
1525694667857305603
1525694668943462400
1525694673402093568
1525694674643603456
1525694675860045825
1525694682977689600
1525694683678052352
1525694685666238464
1525694688493281280
1525694700354539520
1525694708302987264
1525694714682417154
1525694726355136512
1525694726619312131
1525694728913690624
1525694735528038400
1525694737109368832
1525694738032209920
1525694738141270016
1525694740355760129
1525694742247481344
1525694742322872322
1525694743254126595
1525694748371177473
1525694751520997376
1525694751818895361
1525694752997670913
1525694754863849472
1525694757070114818
1525694760765341697
1525694763210776577
1525694763353223168
1525694767446859777
1525694769049083905
1525694770315767808
1525694770424725505
1525694775269146624
1525694775344746497
1525694776183508994
1525694776674238467
1525694784991641601
1525694785905991682
1525694786975449092
1525694790091808768
1525694810245537792
1525694819804250112
1525694823059140608
1525694828906008579
1525694829497401345
1525694838036905985
1525694839337144320
1525694839425204224
1525694842843676675
1525694843900420096
1525694848375967745
1525694852201160704
1525694853077925888
1525694855841648640
1525694857863380992
1525694857829916678
1525694860816175104
1525694861097467904
1525694863752278016
1525694868835774465
1525694868676259840
1525694873646641153
1525694881142026240
1525694882743996417
1525694889895378944
1525694890172207105
1525694894576062464
1525694895184306177
1525694897784819712
1525694897856172034
1525694903262580742
1525694904386584576
1525694907268182016
1525694908044288000
1525694913630949376
1525694918831886336
1525694927061012480
1525694932190695424
1525694940231176201
1525694946472337408
1525694950247120896
1525694956404363264
1525694964495024128
1525694964788654081
1525694965770178565
1525694974515355653
1525694988725649409
1525694990252675072
1525694991196102656
1525695000666939392
1525695003674021888
1525695004756279297
1525695006597648385
1525695008128610304
1525695012746428418
1525695013711224835
1525695014608818176
1525695019960639489
1525695020782608385
1525695024591142912
1525695030974889985
1525695056136617985
1525695058841767938
1525695061790449664
1525695074427977728
1525695078806716416
1525695079016710149
1525695080216018945
1525695082002796544
1525695086511652865
1525695089607118848
1525695092635455488
1525695093927251971
1525695097077059584
1525695103146283008
1525695105042108416
1525695104702369792
1525695107567058944
1525695107634278400
1525695108015792130
1525695109114777600
1525695114705874944
1525695116194656256
1525695117667053571
1525695120930410496
1525695123065126912
1525695125103316992
1525695125262938114
1525695125774532608
1525695133903093760
1525695137438892033
1525695140240703491
1525695140974964736
1525695145806811137
1525695145861169152
1525695152983101442
1525695156673859584
1525695156946538497
1525695162722267136
1525695163611467776
1525695167965052928
1525695175015616512
1525695175258939393
1525695179340095488
1525695179637809154
1525695182968176640
1525695186634178560
1525695194653401088
1525695197719498752
1525695201553092608
1525695202907652098
1525695204380000257
1525695213217497088
1525695215536939008
1525695219152392192
1525695221899661312
1525695222604148736
1525695238299435008
1525695260982140928
1525695263779737600
1525695265306464256
1525695265579089923
1525695271019094017
1525695272466141184
1525695272466395136
1525695275918053377
1525695282708611072
1525695285061722112
1525695288777789443
1525695297640439809
1525695309459988480
1525695312068612097
1525695315852111873
1525695317177380864
1525695318087581696
1525695326702579712
1525695337238630400
1525695338996195329
1525695339281408000
1525695343530221569
1525695347787452416
1525695350396309504
1525695353747554304
1525695354296971264
1525695355295354881
1525695355526037505
1525695355051982853
1525695369379819522
1525695369669009408
1525695376447135744
1525695379181817857
1525695383598419969
1525695384827273216
1525695390112268288
1525695392242966528
1525695392960155648
1525695393782169600
1525695408856387584
1525695411117334530
1525695418008576001
1525695418465759232
1525695428087492610
1525695434467037185
1525695434949287937
1525695437361094656
1525695437428166661
1525695446198403073
1525695446714306562
1525695447335063552
1525695450589822976
1525695455593738240
1525695463579652097
1525695464464580608
1525695468231180290
1525695471343239170
1525695471544635393
1525695472589017089
1525695472857489408
1525695476414443520
1525695483141816324
1525695484056199168
1525695485780041729
1525695498635599872
1525695501395496964
1525695501869498370
1525695505031958529
1525695507695386625
1525695509674921990
1525695509578776576
1525695511361212416
1525695512074235904
1525695517774209024
1525695522157256704
1525695522165489664
1525695522325020675
1525695522408906752
1525695523679789057
1525695524355158017
1525695529820233730
1525695534039584769
1525695549525180416
1525695550825320450
1525695551873994754
1525695553035804672
1525695554772254722
1525695557297131520
1525695560468115456
1525695562762395648
1525695565706805248
1525695573847949312
1525695573936033797
1525695574732943360
1525695599114190849
1525695605322006529
1525695608757051392
1525695617871360001
1525695621654532096
1525695625345507331
1525695625798483968
1525695627505586176
1525695630064209920
1525695633910378496
1525695640193355778
1525695641304895488
1525695643326595074
1525695643473149953
1525695643297136641
1525695645406965760
1525695650670714880
1525695650754617346
1525695651283075072
1525695651438288897
1525695651773816837
1525695656920510464
1525695657717026816
1525695670665060353
1525695672296562689
1525695676872638465
1525695677136879618
1525695677287870464
1525695677514260482
1525695678441308160
1525695681368838144
1525695684107571200
1525695684951027712
1525695691888238594
1525695697240170496
1525695698611609601
1525695698808733696
1525695701698879489
1525695702214619136
1525695705049964544
1525695705750597633
1525695707805515777
1525695709206421504
1525695709701455874
1525695710502567936
1525695711609757696
1525695717066563585
1525695717876056066
1525695721961316354
1525695723492282368
1525695724255682560
1525695725035835397
1525695726298320896
1525695728928100357
1525695733172776963
1525695733424332800
1525695736758804480
1525695738772062209
1525695748762836992
1525695750662922240
1525695755192868864
1525695756186828801
1525695759265439744
1525695760976822272
1525695761698017286
1525695762281205761
1525695762365038603
1525695764537786369
1525695766307774469
1525695768979464193
1525695769906491392
1525695772653658112
1525695777099628544
1525695783554715650
1525695784808849409
1525695785920507906
1525695787967123458
1525695793444823040
1525695793688092672
1525695796313739269
1525695797274214401
1525695798310318082
1525695802764558336
1525695804429713409
1525695805016920064
1525695806455500800
1525695808309370880
1525695812914798592
1525695816924528640
1525695817826373632
1525695822523944960
1525695823606165507
1525695828521668609
1525695830333788161
1525695834570072065
1525695835018772480
1525695836419661824
1525695844741259264
1525695845454139392
1525695853532528643
1525695854216192000
1525695854606163968
1525695854685863937
1525695856791404545
1525695860281163779
1525695862239903745
1525695866207715328
1525695868443439104
1525695872482390017
1525695872750735360
1525695872952061954
1525695874013306880
1525695874977898496
1525695876794023936
1525695883815399424
1525695887791599617
1525695890610356224
1525695895345549312
1525695902047944704
1525695919886422018
1525695922163830785
1525695925477318656
1525695932289159168
1525695934130159616
1525695938165190657
1525695941071851521
1525695946755121152
1525695961200267264
1525695962273955841
1525695963863695360
1525695969362313217
1525695973099716608
1525695980816973824
1525695982633111554
1525695984403206145
1525695986735235074
1525695990807900163
1525695991139258368
1525695993773232135
1525695997069996032
1525695998202363904
1525696008130285568
1525696009346502656
1525696017743507456
1525696031572144128
1525696031647735808
1525696037121163264
1525696040145412096
1525696044528504833
1525696045895888898
1525696063411212288
1525696064270893056
1525696064732467200
1525696065411874816
1525696073389441024
1525696076497420289
1525696077646778369
1525696085456478208
1525696091961819137
1525696098647453696
1525696098899214336
1525696100853764097
1525696103420932097
1525696104590884864
1525696106641821696
1525696109506535425
1525696113306652673
1525696114313560064
1525696115185790976
1525696119271047170
1525696119967203328
1525696120231444480
1525696120785084417
1525696121816788992
1525696127990915074
1525696133980299265
1525696144956919809
1525696145967702017
1525696147184050176
1525696150711549952
1525696152406052864
1525696154968653824
1525696158965850112
1525696161469845504
1525696162656833538
1525696162963111936
1525696173918539778
1525696177211154438
1525696181384486913
1525696192939757568
1525696201550594050
1525696209909866497
1525696212975947777
1525696215110885376
1525696218260709378
1525696218872938496
1525696221028966400
1525696222584918016
1525696228046303232
1525696228935184390
1525696230575448065
1525696239941066754
1525696243049144321
1525696243510431746
1525696246316519426
1525696247998386177
1525696248119959559
1525696252607967233
1525696257448189952
1525696260153520131
1525696265509605376
1525696266776285184
1525696274066210816
1525696275051597824
1525696279354957826
1525696290977370117
1525696293070413826
1525696294605447172
1525696304978046978
1525696310048858112
1525696315740520451
1525696324649336832
1525696324733227008
1525696329325977600
1525696329674108928
1525696335160168448
1525696337886453763
1525696340235370496
1525696343511076864
1525696344949764096
1525696345608073216
1525696357444784128
1525696362343456768
1525696362846855168
1525696366004932608
1525696366923726851
1525696372825116672
1525696380270002178
1525696381410848768
1525696390034296832
1525696394094338049
1525696395751337985
1525696395822485504
1525696402235473920
1525696402562723841
1525696407105163265
1525696407180562432
1525696409667780608
1525696410359840768
1525696411316146181
1525696411693613056
1525696416437477377
1525696419595579392
1525696421256564736
1525696426151378944
1525696427535507456
1525696428366090240
1525696436561661953
1525696439959146496
1525696440496017409
1525696440722391041
1525696442635100160
1525696445323542528
1525696447244447745
1525696455234977792
1525696456329506817
1525696461886918657
1525696462377697280
1525696464931983360
1525696465238212609
1525696474369118209
1525696478538260482
1525696484653555712
1525696485769216001
1525696485987434498
1525696486440243201
1525696501678231552
1525696504752742407
1525696506845712384
1525696507478941704
1525696508506607617
1525696518019325952
1525696519541821441
1525696525636194304
1525696531612938241
1525696539003432963
1525696545437491201
1525696545991147520
1525696547526156288
1525696558611714048
1525696558741831681
1525696577565872128
1525696579214057472
1525696589108588544
1525696597346091008
1525696599741157376
1525696601913704449
1525696602253717504
1525696602895171584
1525696604082249728
1525696608863670272
1525696614282801154
1525696618548408320
1525696618770702336
1525696619034951687
1525696620335181826
1525696620934864896
1525696624785235968
1525696632460812288
1525696640186736641
1525696644658110464
1525696647405219840
1525696647958827008
1525696652048314368
1525696656724963333
1525696657102364674
1525696672642252800
1525696674114551808
1525696675360260096
1525696687385223169
1525696690342141952
1525696693433294848
1525696694884646913
1525696699691323393
1525696700408553472
1525696701486583809
1525696701679427584
1525696703344521216
1525696707627032578
1525696712861536256
1525696713981415425
1525696713842999297
1525696717093584896
1525696720784351232
1525696723267600386
1525696727403085826
1525696731270332416
1525696736412327936
1525696738299990016
1525696743857348608
1525696745941999617
1525696748265558016
1525696758306770945
1525696764426211330
1525696765722345473
1525696769585299456
1525696775926841344
1525696778854604800
1525696783321645057
1525696783711715329
1525696788044435456
1525696795577397255
1525696797758439424
1525696798962159616
1525696797796143104
1525696799738105857
1525696801457639425
1525696808202252293
1525696809879760897
1525696809888366593
1525696813868670977
1525696820650856448
1525696830658445312
1525696833812676608
1525696834571800576
1525696840166957056
1525696842603937792
1525696843207913478
1525696843673489408
1525696845934219265
1525696846676512768
1525696847746301953
1525696849490984960
1525696852921917441
1525696854536724481
1525696855757266945
1525696856654761985
1525696857871159296
1525696866620518400
1525696872043757571
1525696875545997312
1525696888359510016
1525696891287064581
1525696893405233153
1525696896093802496
1525696896840388609
1525696901491875841
1525696903039619072
1525696908567658498
1525696916037705730
1525696932596830208
1525696934182273024
1525696935440556032
1525696937319604224
1525696940264108033
1525696942604419073
1525696945313955840
1525696946014457857
1525696946706317314
1525696948417835008
1525696951886422016
1525696952377257984
1525696958299525120
1525696959914311680
1525696961944379395
1525696974237974528
1525696978197307393
1525696978184810498
1525696978986094593
1525696981594783745
1525696996463476736
1525696999697309696
1525697003929452545
1525697006089293824
1525697009939791872
1525697009038020608
1525697011118493698
1525697017334439938
1525697020350046208
1525697021155344389
1525697022153613312
1525697029208428545
1525697030538027008
1525697030936576000
1525697032131846144
1525697032320700416
1525697034497536000
1525697035336400896
1525697036976148480
1525697038633287680
1525697043200626688
1525697047222968320
1525697058308382720
1525697059160039424
1525697064449069056
1525697067309490176
1525697073160392705
1525697075144495104
1525697075807236100
1525697076239253505
1525697080777445377
1525697087811231746
1525697091669991424
1525697091913359360
1525697100536741888
1525697103153995776
1525697106891231232
1525697112935215104
1525697123580366848
1525697125501263872
1525697125664931840
1525697132694540288
1525697133839532032
1525697134548471816
1525697134829490176
1525697136922353664
1525697137857769472
1525697140244238342
1525697141640929281
1525697144698679296
1525697148041445376
1525697155847143425
1525697158074228737
1525697162167951361
1525697164126654465
1525697168073433088
1525697174834667520
1525697177145774081
1525697181616951297
1525697187543502855
1525697187782574081
1525697191259557889
1525697193398751232
1525697194535583744
1525697204895326208
1525697206086520833
1525697212226981889
1525697217415225344
1525697217532678145
1525697218895826949
1525697229264195584
1525697229553553408
1525697229943619585
1525697232955232258
1525697233252917249
1525697233617829888
1525697238978158593
1525697239083106304
1525697244825010176
1525697252823642112
1525697254748835840
1525697257705717761
1525697257886081024
1525697262218891264
1525697264810872833
1525697273988108289
1525697276089229312
1525697278798856192
1525697284499021825
1525697284708651008
1525697291461570560
1525697301439725573
1525697304103161857
1525697307093749760
1525697309014691840
1525697310751133697
1525697320360329216
1525697320846761984
1525697334365003778
1525697335946272768
1525697339981193217
1525697342434856962
1525697346947928064
1525697352010727424
1525697366971535362
1525697382444326913
1525697384470261762
1525697405034942465
1525697406825861120
1525697410550353922
1525697411125022721
1525697411351515139
1525697422550306821
1525697425545084928
1525697431073083392
1525697433547812864
1525697443366637571
1525697445111468032
1525697445128282112
1525697453277716480
1525697454280441856
1525697454263259137
1525697459632103424
1525697459426627584
1525697463461584897
1525697463855861760
1525697484823351302
1525697486903443456
1525697494834814976
1525697505241010176
1525697505538650112
1525697511096213504
1525697512656588800
1525697518553772033
1525697519165968385
1525697519157751809
1525697519371440129
1525697531312742401
1525697536589185024
1525697540863279104
1525697540989108224
1525697541555245056
1525697544411553792
1525697546546565120
1525697547502620675
1525697549235011585
1525697552917463040
1525697554037583872
1525697556164096000
1525697557418151936
1525697558575824898
1525697558651322368
1525697561931096065
1525697568084197377
1525697576980332544
1525697578687406081
1525697581392838656
1525697587399086081
1525697593417900032
1525697594348945409
1525697595678531584
1525697598039937024
1525697605531013120
1525697607993114624
1525697608739704833
1525697612719869953
1525697615228293120
1525697615538622465
1525697623906168832
1525697627811106817
1525697628335398913
1525697635394494464
1525697640343773184
1525697643938185217
1525697646513504256
1525697650871386112
1525697651806715906
1525697652368744449
1525697658161184768
1525697668328181762
1525697669951328256
1525697672908263424
1525697673403179008
1525697673969422336
1525697674288189440
1525697675382906885
1525697678318895104
1525697678721654785
1525697682517663744
1525697682823577601
1525697691803598855
1525697694546665473
1525697696476016641
1525697697549897728
1525697697683996672
1525697698946592769
1525697700863168512
1525697703644209153
1525697711890120704
1525697712364040192
1525697713710551042
1525697715962773504
1525697716931727360
1525697723495813121
1525697723856474113
1525697724951175171
1525697725672693760
1525697728268754944
1525697747692978177
1525697750033125377
1525697756030984194
1525697757368832000
1525697761542291456
1525697761068326912
1525697765380132867
1525697766483271681
1525697768324583424
1525697769481965568
1525697771398914048
1525697772619538433
1525697774322438145
1525697779061891072
1525697784019550208
1525697787626668033
1525697803590287360
1525697805247029248
1525697805654065152
1525697806413045760
1525697807063076864
1525697807503458304
1525697807579062273
1525697813862043649
1525697819427880962
1525697819700600833
1525697820396773378
1525697824264003586
1525697828823105536
1525697829179736064
1525697829464854528
1525697831423852544
1525697834376380416
1525697837580820480
1525697849610145792
1525697853376671744
1525697855742169088
1525697863853948933
1525697865254899712
1525697867347898368
1525697877552549888
1525697878160723968
1525697878525624322
1525697878664040448
1525697880010670080
1525697887849664516
1525697890902999040
1525697891070877696
1525697891175628800
1525697891175583744
1525697891427311617
1525697893713297408
1525697894195441665
1525697894396862464
1525697895550312448
1525697900193488896
1525697901414031360
1525697904077205505
1525697904647675904
1525697910666559491
1525697915292876801
1525697919596232704
1525697919688523776
1525697927225696258
1525697931172532226
1525697932250472448
1525697934221889537
1525697937745100800
1525697938441351168
1525697939624144896
1525697942329315329
1525697942862061568
1525697945668132864
1525697946167259136
1525697952689246208
1525697958070525953
1525697960792756226
1525697963246469120
1525697966740320257
1525697976689377281
1525697981197996032
1525697981827227648
1525697983152521216
1525697984494817280
1525697990685499395
1525697991771832320
1525697992002609152
1525697993713848320
1525697994225758209
1525698011266957314
1525698014337196032
1525698014555283456
1525698015842951169
1525698021941563395
1525698025615765504
1525698027524132864
1525698028132253696
1525698029390544896
1525698029755453441
1525698037183614977
1525698042225098754
1525698043810566146
1525698045119467520
1525698053201862656
1525698055709741057
1525698058046291969
1525698060520660993
1525698069551095809
1525698070461173760
1525698073384591360
1525698075045421056
1525698083979509761
1525698086483415040
1525698087787839488
1525698092070150144
1525698096226873345
1525698096751120385
1525698104489611266
1525698105152258049
1525698105148116993
1525698108276998147
1525698108386164738
1525698109661061120
1525698114233028608
1525698115864510465
1525698120390266881
1525698137456771074
1525698140007022593
1525698142842368000
1525698144834666496
1525698151285264384
1525698154108268544
1525698154573742081
1525698156029149185
1525698156650024961
1525698160773021697
1525698164610764800
1525698167966400512
1525698172147970048
1525698174626799616
1525698177394958337
1525698179907338240
1525698180045754368
1525698180276445184
1525698180888858625
1525698182897975296
1525698186408361984
1525698189604569089
1525698189868818432
1525698191068471297
1525698194751033345
1525698196604960768
1525698198374948865
1525698200954454016
1525698201239670785
1525698214061559808
1525698216544673797
1525698218876669952
1525698223377096704
1525698225918947328
1525698229748252675
1525698232000647168
1525698237457481728
1525698245397303298
1525698246840094721
1525698246894559232
1525698250812100609
1525698255664951298
1525698256965193729
1525698262551904256
1525698264489775105
1525698265118912512
1525698279895404545
1525698280738504704
1525698285041745921
1525698287390564353
1525698292264357890
1525698292616769536
1525698301361803264
1525698302624387074
1525698303005974528
1525698303182118913
1525698308282499075
1525698311063322624
1525698314229886976
1525698316083908609
1525698319380582400
1525698324032106496
1525698324933795841
1525698327928610817
1525698330503921664
1525698333616271361
1525698338619801600
1525698339383259136
1525698346823864321
1525698348325429250
1525698349025878017
1525698349902569473
1525698353920716800
1525698361432612870
1525698364368736256
1525698377819820034
1525698379111596032
1525698379795275776
1525698382345420801
1525698384241508353
1525698387886096384
1525698394353696773
1525698395507154944
1525698396111089665
1525698398774513667
1525698399936421892
1525698400238411776
1525698405812604928
1525698406252830721
1525698406223695872
1525698407016570882
1525698416176660480
1525698420425490445
1525698422816354304
1525698423957110786
1525698424514916354
1525698424930181120
1525698427102830592
1525698439291539457
1525698444517580802
1525698460439269377
1525698464474341377
1525698465019437056
1525698465661128705
1525698467477311488
1525698470899855361
1525698476490752002
1525698477933867008
1525698479124893696
1525698485974188034
1525698492345503744
1525698498032640000
1525698498573676549
1525698504219316224
1525698506069004288
1525698507780259841
1525698515175112704
1525698518031011840
1525698520853925888
1525698521512435712
1525698527510380546
1525698528084799488
1525698528219222016
1525698528441270274
1525698532421816320
1525698533843783687
1525698536851050497
1525698537706729473
1525698538247790594
1525698542924451840
1525698546401525761
1525698549077393410
1525698549593284608
1525698554710441984
1525698556513988608
1525698558711709702
1525698561148477440
1525698562495074304
1525698563598127109
1525698565053480962
1525698566609588229
1525698575677661184
1525698577615310848
1525698589548171270
1525698589556674560
1525698590194159617
1525698590622248960
1525698591309893637
1525698591729274881
1525698591771308036
1525698594107379712
1525698594954698752
1525698595239997440
1525698598297653248
1525698604299452416
1525698606321258496
1525698620409905153
1525698620997087232
1525698621727035392
1525698622989516800
1525698641997881345
1525698644179034112
1525698644850122752
1525698648163635200
1525698652144029696
1525698659257655296
1525698668426366976
1525698671660122116
1525698678643621889
1525698680879296514
1525698681042874370
1525698681877536768
1525698687774736384
1525698693621551104
1525698698558283776
1525698705541591041
1525698712625942530
1525698716669202432
1525698717944365056
1525698718447583233
1525698719420665858
1525698719726940161
1525698725275893760
1525698728295862272
1525698728946020352
1525698731907194880
1525698733966561280
1525698740111060992
1525698742745280513
1525698742678085632
1525698750806642692
1525698750945148930
1525698754921345027
1525698759304392706
1525698759719636994
1525698767760023552
1525698769475489792
1525698774689005569
1525698788244979712
1525698789742366720
1525698791198040064
1525698794083557377
1525698796256206848
1525698800278458369
1525698806725152768
1525698806675046400
1525698813306056706
1525698813352108033
1525698818087473153
1525698822722174976
1525698825737863171
1525698831815303168
1525698837221978112
1525698840078303232
1525698842208919553
1525698842812981249
1525698847594381312
1525698849473536000
1525698850358542336
1525698853806215169
1525698858906435586
1525698861104242688
1525698863100723202
1525698866569531392
1525698879064133632
1525698879596945408
1525698879873617922
1525698883531202560
1525698886085619713
1525698887670956032
1525698889743056897
1525698892079280128
1525698893429608448
1525698893786320897
1525698894230855680
1525698896814645251
1525698897858990081
1525698906411397120
1525698909238075393
1525698910471483392
1525698912551673857
1525698914095091712
1525698915487694850
1525698915630202880
1525698916628324352
1525698917903568897
1525698920550113281
1525698920688812032
1525698925310664704
1525698929316311041
1525698930289176576
1525698941362360320
1525698941886529536
1525698946139660289
1525698947662192641
1525698948853276672
1525698949826453504
1525698950904389632
1525698953240526849
1525698958114291712
1525698960064643077
1525698960022724609
1525698959980756993
1525698967329185793
1525698970529538048
1525698975814279168
1525698982722297856
1525698985192726529
1525698990817304576
1525698990976782336
1525698990674698241
1525698991693996032
1525698995619631104
1525698998736146432
1525699002431422464
1525699002213498880
1525699002552897537
1525699005820424192
1525699005673529344
1525699008739561472
1525699008974442496
1525699009926639617
1525699011403034625
1525699011763634176
1525699013483409409
1525699013584068610
1525699015907713025
1525699024812224514
1525699025885880320
1525699026741604352
1525699028360769537
1525699028838535168
1525699029799157760
1525699030310916096
1525699031913189376
1525699033527996418
1525699036438843392
1525699037290184705
1525699038586097664
1525699040662405120
1525699042335936516
1525699056122601473
1525699056365932545
1525699064893001728
1525699072719454208
1525699073537462272
1525699074397290497
1525699075156455429
1525699076771258368
1525699080760197120
1525699084828409856
1525699085130510337
1525699088825692162
1525699089505038336
1525699090264346625
1525699090465624064
1525699093028167680
1525699097889587201
1525699101106417670
1525699105279946752
1525699105380569088
1525699105959313409
1525699108337508353
1525699109000077312
1525699109877075968
1525699113244844034
1525699115438309377
1525699116759625728
1525699125647269890
1525699127786479617
1525699128528977921
1525699130663882752
1525699131523612672
1525699133989863425
1525699134422155264
1525699135671779328
1525699140877164544
1525699141409677315
1525699141652840449
1525699149487906816
1525699155951222789
1525699164549554176
1525699174372712448
1525699174863360003
1525699177358950402
1525699178617352192
1525699179124752387
1525699189291859968
1525699189900025859
1525699190730510337
1525699192102047744
1525699193431638019
1525699198166913025
1525699200759091200
1525699201124171776
1525699201660645377
1525699209088970752
1525699210393403392
1525699212440219649
1525699213518061568
1525699219331465217
1525699225098629124
1525699227699105793
1525699227954839553
1525699229376819202
1525699229900996610
1525699238964998145
1525699243654135808
1525699252269289472
1525699257247969280
1525699265976324096
1525699272137662464
1525699272397705217
1525699274557759489
1525699284582154241
1525699285790097408
1525699287765721092
1525699290240364544
1525699293520199686
1525699300134555648
1525699305280983041
1525699307126411264
1525699307961085952
1525699312952426497
1525699313380298754
1525699314084810752
1525699314307276800
1525699316190412800
1525699316941217792
1525699317675204608
1525699321655615488
1525699325522763776
1525699325891846145
1525699328643420160
1525699329117364224
1525699335656185856
1525699337325629440
1525699338323865600
1525699353658130437
1525699354480214016
1525699354652200960
1525699356833226752
1525699360373329921
1525699360998178817
1525699361715503104
1525699362197843968
1525699367830683648
1525699367889522688
1525699368925417473
1525699375934078977
1525699379008528385
1525699379373428736
1525699381294518272
1525699382795980800
1525699385912352769
1525699390777835522
1525699393281789952
1525699394791788546
1525699395059998720
1525699399514398720
1525699401670242304
1525699403633332226
1525699404295831552
1525699406238040065
1525699407353905152
1525699412898594816
1525699413036916737
1525699415742337024
1525699418137284608
1525699420146257920
1525699423921135616
1525699425057792000
1525699425263394819
1525699426832027648
1525699429579333638
1525699433169657857
1525699433672884224
1525699434436345857
1525699437477117955
1525699438991200256
1525699441717567488
1525699442602565635
1525699448197857280
1525699448692695040
1525699450395627520
1525699451909709827
1525699454355099649
1525699456422662144
1525699459400597504
1525699461388828672
1525699462303203328
1525699462907187200
1525699464849149953
1525699464899469314
1525699465671319553
1525699468775112704
1525699470834470912
1525699471467851776
1525699476983250944
1525699478891659270
1525699481211179008
1525699483287298049
1525699485392941058
1525699485845815298
1525699487397826560
1525699492065976321
1525699492019949568
1525699494331006977
1525699494599397377
1525699496923041792
1525699514249756672
1525699516116221957
1525699516288192513
1525699517458153472
1525699520499273728
1525699525536628736
1525699529466585090
1525699536987074560
1525699539600125953
1525699543534280712
1525699551297937409
1525699552279506945
1525699556301848577
1525699556846993410
1525699557333430272
1525699566460338177
1525699566565212162
1525699572873453568
1525699575801122816
1525699577977876481
1525699580041613312
1525699592263696384
1525699594423877632
1525699595665297408
1525699597011767297
1525699602132910080
1525699604158758914
1525699616376819712
1525699616729079809
1525699620533415941
1525699622693486593
1525699625528840194
1525699626573111297
1525699627554676738
1525699630339596288
1525699630561894400
1525699641441935361
1525699642897342465
1525699645846040576
1525699647578185728
1525699649432068097
1525699651659304960
1525699652384829441
1525699656281477120
1525699658433142785
1525699661247434752
1525699662589591553
1525699666515476483
1525699667069177856
1525699672345612288
1525699673750634499
1525699683271815170
1525699696727040006
1525699697314242561
1525699699872829440
1525699700921360386
1525699701152141312
1525699704155152385
1525699706600542211
1525699707703644161
1525699724493443072
1525699726716305408
1525699730000453634
1525699731271319554
1525699732454129664
1525699742168416258
1525699744449843200
1525699744902807553
1525699752649703424
1525699760014954496
1525699763957424128
1525699764360298496
1525699764691804160
1525699766386102274
1525699768793681920
1525699769435291651
1525699771838734336
1525699777479983107
1525699780466319360
1525699784094404608
1525699784786464769
1525699792969531393
1525699797952483328
1525699800561176576
1525699801446334464
1525699804658950144
1525699811294343168
1525699817371971584
1525699819561373696
1525699823319621634
1525699842483314688
1525699845603958784
1525699852742672386
1525699857343819777
1525699859340197888
1525699860443406337
1525699862901272576
1525699865434435584
1525699866978131969
1525699870035787778
1525699874477547522
1525699875052077056
1525699876226572288
1525699880831922176
1525699881892978688
1525699883344318464
1525699896426348544
1525699897588076546
1525699897877581825
1525699898917666816
1525699901421670400
1525699904378748928
1525699906777792513
1525699909751607302
1525699909822857217
1525699912071094272
1525699916630204416
1525699917368500225
1525699918387617794
1525699928789602305
1525699935102021632
1525699937656311808
1525699937610174464
1525699937626824704
1525699940697120770
1525699941452201985
1525699942261698560
1525699943188529153
1525699947827499008
1525699958883635200
1525699960402063360
1525699962897584128
1525699965250584576
1525699965800030209
1525699966848716802
1525699970841694208
1525699971600752641
1525699972502462464
1525699972653625344
1525699974331351040
1525699975123968001
1525699980568285184
1525699983868977152
1525699988336087040
1525699989938249728
1525699993625059328
1525699994858184704
1525699995965464586
1525699996057755648
1525699997358034944
1525700000797319168
1525700001820815360
1525700003880222720
1525700006061166592
1525700010330955776
1525700011584987137
1525700011891126272
1525700015578042368
1525700019235569665
1525700019868803073
1525700021068435456
1525700025627582464
1525700028874080258
1525700033877884928
1525700036377681920
1525700039720546304
1525700041511518208
1525700042719432706
1525700046796181506
1525700052462841856
1525700055419822081
1525700057751764992
1525700058599006209
1525700061837119489
1525700069504307201
1525700075229413376
1525700076320043008
1525700076873650176
1525700079260246018
1525700080895926272
1525700081239871488
1525700082942808065
1525700084247187457
1525700084238802944
1525700084284915713
1525700085530738688
1525700089552961537
1525700090517651456
1525700094930165760
1525700097580859393
1525700098260344832
1525700104736460801
1525700104702857216
1525700106313506817
1525700106485387270
1525700106883825664
1525700106762207233
1525700107341025280
1525700107391447040
1525700109673107458
1525700110256164865
1525700111912816640
1525700113506738177
1525700113623961600
1525700119055810560
1525700126387339269
1525700128480165888
1525700133895012352
1525700135107313664
1525700135245725697
1525700140639694848
1525700146461347841
1525700148025860098
1525700149984776192
1525700150307471360
1525700159857995779
1525700162252951552
1525700163288825862
1525700163578257409
1525700166820323328
1525700169450266625
1525700173502070785
1525700180527529985
1525700188052017155
1525700190191161345
1525700190509969409
1525700192338591745
1525700193794023424
1525700193802403840
1525700196067332097
1525700196927168512
1525700199892525057
1525700200467136513
1525700205017980928
1525700211989004289
1525700212378976257
1525700213997969409
1525700222176972803
1525700228141223936
1525700233954398209
1525700235481186304
1525700237137936384
1525700239599992837
1525700246466088964
1525700246830981125
1525700248219406337
1525700249171349505
1525700251738423296
1525700266930188288
1525700268687609862
1525700268842700801
1525700269886935040
1525700271829143552
1525700272110317568
1525700274106638339
1525700280448589824
1525700282566467585
1525700292175601665
1525700292951654401
1525700293291286528
1525700293777842176
1525700295703003136
1525700298005745664
1525700299520090112
1525700301382205442
1525700304905412608
1525700305504980992
1525700311058456576
1525700312220188672
1525700319128297472
1525700324144594945
1525700327143575552
1525700327990771714
1525700333414010881
1525700334185811969
1525700337218338816
1525700339588112384
1525700340812853248
1525700354389704705
1525700356721762304
1525700360547237888
1525700361536909312
1525700361843007488
1525700369455763457
1525700372597198848
1525700373306023939
1525700375034183680
1525700375545888770
1525700378871873537
1525700379190919169
1525700386006474752
1525700389546430464
1525700392054562817
1525700392436256768
1525700396554985473
1525700397494587396
1525700397708582912
1525700400174743552
1525700401256857602
1525700405602181120
1525700407539945472
1525700409985212416
1525700415567929344
1525700416062865409
1525700420932362240
1525700423427969024
1525700427089694721
1525700429300088832
1525700430067445761
1525700436228988930
1525700438162608128
1525700449831161857
1525700451085197312
1525700453954109440
1525700455430557696
1525700462560677888
1525700467065356288
1525700468181180416
1525700468957188099
1525700471511568384
1525700477014491137
1525700479006679040
1525700482886410240
1525700483570143234
1525700484941631488
1525700486132899841
1525700489400135681
1525700496111112194
1525700496467668992
1525700497067343876
1525700501093990401
1525700502478020608
1525700502951952384
1525700515400716288
1525700516256305153
1525700516793028608
1525700519544643590
1525700521172029440
1525700525290831872
1525700527325069312
1525700535998881793
1525700542063710208
1525700543095914496
1525700548065886208
1525700556454510592
1525700557679300614
1525700559596027904
1525700562511138816
1525700563412959232
1525700564188815360
1525700566453829633
1525700567082975232
1525700569100431363
1525700576780206080
1525700579279921152
1525700580584431618
1525700580978659329
1525700583859974144
1525700584334049282
1525700586435493888
1525700588247437312
1525700596858241024
1525700597487484929
1525700604449984513
1525700605922230272
1525700606106689536
1525700611831906305
1525700615539654656
1525700615422320641
1525700618400186373
1525700623756165120
1525700626679681025
1525700627271237633
1525700627988357121
1525700629993246721
1525700631486468098
1525700634841960448
1525700641787625472
1525700641989054466
1525700642047680512
1525700646187548672
1525700647672332289
1525700648645402624
1525700650973134850
1525700651602391041
1525700652957151232
1525700656706756608
1525700657197506565
1525700660737495045
1525700662247493632
1525700662968950784
1525700668660621313
1525700670095077376
1525700670451601408
1525700670652817408
1525700671424569345
1525700680102645761
1525700685576159232
1525700685920182273
1525700696481341440
1525700699035664384
1525700699648102400
1525700700415606785
1525700711408967680
1525700712503468032
1525700713518612484
1525700716475600897
1525700720162390016
1525700722918051841
1525700727758372864
1525700728605626368
1525700730337771520
1525700731814256641
1525700732195704834
1525700733789667329
1525700734188195840
1525700739565342723
1525700740916051968
1525700741926641669
1525700744946585600
1525700746049916928
1525700748692049920
1525700751330353153
1525700752341184513
1525700753230159877
1525700755784704001
1525700758708035586
1525700762713612288
1525700770640928768
1525700771903426561
1525700773803335680
1525700774046597128
1525700778274455552
1525700778404597760
1525700788214972416
1525700794233888768
1525700794804318209
1525700799615090689
1525700801867431937
1525700802291040262
1525700803872317442
1525700808255361030
1525700809886932992
1525700810474233856
1525700811627675648
1525700812403576833
1525700815452872704
1525700819018043393
1525700821547069440
1525700824227368960
1525700824210542592
1525700825284333571
1525700831596748802
1525700832552951808
1525700834369101824
1525700836340469760
1525700840908103685
1525700843139375104
1525700845563785216
1525700852777947136
1525700853704826880
1525700854581538818
1525700856175382528
1525700859526582272
1525700859543306241
1525700861238083584
1525700862550544386
1525700862730854400
1525700865285406726
1525700868435283971
1525700869978718208
1525700873422249986
1525700877432102912
1525700900702105605
1525700902438436864
1525700903075971072
1525700904833323008
1525700908230787072
1525700910726381570
1525700911905099777
1525700925595308035
1525700929227526145
1525700932620759041
1525700932792721410
1525700938140368898
1525700941084770304
1525700942729027584
1525700943333183490
1525700950874173441
1525700950903726080
1525700951859929088
1525700955345387521
1525700955320512513
1525700958843457536
1525700959481077760
1525700959363551232
1525700960097652739
1525700961930559489
1525700965214498817
1525700965957091328
1525700966074433537
1525700969023082496
1525700969815752705
1525700977340317696
1525700977436794880
1525700980452446209
1525700980884529152
1525700981605797888
1525700983287730179
1525700984210694147
1525700988031668225
1525700988207759361
1525700997552676865
1525701003517075456
1525701004548837376
1525701008277504000
1525701014107693056
1525701014405488643
1525701014938066944
1525701017135988738
1525701017282695170
1525701022684962816
1525701025549766663
1525701026824609792
1525701027336491008
1525701033548206080
1525701034923917312
1525701034953302017
1525701043098722304
1525701043023126529
1525701046248562689
1525701046890291200
1525701046751973376
1525701049960603648
1525701050472210432
1525701057464225792
1525701059074744320
1525701062044405766
1525701062228946944
1525701066628767744
1525701075566665729
1525701077189812224
1525701077663899649
1525701080465788933
1525701080847470592
1525701088250417153
1525701088493506560
1525701088803971073
1525701089848438786
1525701090494320641
1525701091102707712
1525701095074537472
1525701095158333442
1525701097444282369
1525701098497101824
1525701101122637824
1525701103450525696
1525701110002065408
1525701115668578304
1525701116347965440
1525701117400829952
1525701117719478272
1525701122240937986
1525701127475499008
1525701130449461249
1525701130507927552
1525701132189847553
1525701132512796672
1525701135306084353
1525701136216469505
1525701136384139266
1525701136660971520
1525701138632347650
1525701144177172480
1525701147406761984
1525701148333719552
1525701153077579776
1525701157049577473
1525701159108988928
1525701162120278016
1525701166654693379
1525701168147886081
1525701168420245504
1525701170483822592
1525701171679207429
1525701184371269633
1525701191241441286
1525701195393810433
1525701198589960192
1525701199139422211
1525701200095727616
1525701200351567872
1525701201433616385
1525701204189274113
1525701206689173504
1525701208010375169
1525701207938981889
1525701209587343360
1525701211315486721
1525701212611526657
1525701214016614400
1525701230458114049
1525701235969785856
1525701239933108225
1525701239954059265
1525701245285154816
1525701248325926913
1525701251282919424
1525701251849142275
1525701256362266624
1525701261596794880
1525701270610264064
1525701272548040705
1525701272833347586
1525701274901041154
1525701275983167490
1525701283574960129
1525701287324573698
1525701292819107841
1525701297164656642
1525701300587220992
1525701301035753472
1525701307063054336
1525701307092373511
1525701310384939011
1525701310791958528
1525701312926691330
1525701328131215360
1525701329087344640
1525701330253365248
1525701330999836672
1525701331176116224
1525701332786610182
1525701333579358208
1525701334040731655
1525701335009705984
1525701337584787456
1525701339522670592
1525701342253264896
1525701347336757249
1525701348989149185
1525701350264385536
1525701352462200839
1525701355389612035
1525701356522201090
1525701364789264384
1525701369994551296
1525701371776978944
1525701372116705282
1525701373148504064
1525701375304339459
1525701378110259201
1525701378064240643
1525701391771226112
1525701392203239425
1525701392517804033
1525701394241560576
1525701394904276993
1525701397823606785
1525701400587542528
1525701402630279173
1525701408418406401
1525701413027958784
1525701416454602752
1525701424516038656
1525701425635917824
1525701428639109121
1525701429163327489
1525701431088582658
1525701431784837120
1525701432397406208
1525701435878518785
1525701437287694342
1525701438013415424
1525701438239907843
1525701440471195649
1525701440928468992
1525701441209638912
1525701443776303110
1525701447006011393
1525701450793422848
1525701453221961728
1525701453184131072
1525701454278828033
1525701454626947075
1525701456778739712
1525701463216992256
1525701464139890688
1525701464210931713
1525701464613601280
1525701468250161152
1525701470452174848
1525701470833758208
1525701472465436673
1525701474323419136
1525701475770454016
1525701477435514881
1525701478723239937
1525701481009233921
1525701489792012290
1525701490173947904
1525701495299223552
1525701495877951489
1525701496590979076
1525701498319081472
1525701499954806785
1525701502257487876
1525701504660905984
1525701506699120643
1525701506942414848
1525701510709096448
1525701511577206785
1525701513619902464
1525701520561405953
1525701522281189376
1525701523648421889
1525701524428668928
1525701526794248192
1525701527628926976
1525701530229276673
1525701531013632002
1525701532938805250
1525701533505138688
1525701535652806656
1525701535992369152
1525701537166725122
1525701539301425153
1525701541088354309
1525701543672045569
1525701544586498052
1525701552924725248
1525701554157805569
1525701559467769857
1525701560910725120
1525701565197258752
1525701568070303746
1525701570939297793
1525701573686476805
1525701575020257280
1525701576874139648
1525701576538484737
1525701588324581378
1525701588924387330
1525701591008935936
1525701590979682304
1525701597157896192
1525701598235832320
1525701600735543296
1525701600941166593
1525701603923312642
1525701605995302912
1525701611947200512
1525701615218565121
1525701616166371329
1525701619253485568
1525701622411698176
1525701622931898373
1525701624710193152
1525701625091788800
1525701625716920320
1525701630221492225
1525701631601479680
1525701632616546307
1525701633669320704
1525701636659765251
1525701637968318464
1525701639654580224
1525701647904788484
1525701648290459648
1525701648999673856
1525701649658003456
1525701650912092162
1525701650932973568
1525701654770753537
1525701655249010690
1525701657136402433
1525701657069232129
1525701665483108353
1525701665503989760
1525701665739124736
1525701667479379968
1525701674601525249
1525701678858747905
1525701680427327490
1525701684550414337
1525701684516868096
1525701686148440064
1525701690363633664
1525701693530308608
1525701694713110528
1525701696936189957
1525701697321967616
1525701700606210048
1525701702011064321
1525701703651188736
1525701703974023169
1525701706822000640
1525701711901384704
1525701712576663555
1525701716749991937
1525701721099362304
1525701722546573313
1525701722894647299
1525701728271753217
1525701731841150977
1525701736152944642
1525701736362565632
1525701740015677441
1525701741366452224
1525701747322195973
1525701747968299008
1525701751055294469
1525701757363429378
1525701763478831105
1525701772597153792
1525701776569253889
1525701776942456834
1525701777034821632
1525701778154602498
1525701778821754881
1525701781191368705
1525701781203955712
1525701781543583745
1525701784030830592
1525701784852996096
1525701795745497089
1525701796215328768
1525701796236238848
1525701797649829889
1525701797653975040
1525701799600173056
1525701801013563393
1525701802775269376
1525701802821394432
1525701803106619392
1525701804952104961
1525701814594768904
1525701814485671936
1525701815240732672
1525701816633151490
1525701822081638400
1525701824409489409
1525701826737324032
1525701828679192578
1525701831007129600
1525701838011609089
1525701849609019392
1525701849801707520
1525701850422554624
1525701852133740548
1525701852645433347
1525701855933775873
1525701856059604993
1525701859347943431
1525701861038333953
1525701864414662658
1525701864989286400
1525701868852285440
1525701874174857217
1525701876536295424
1525701878322954241
1525701883150598146
1525701885268791296
1525701892424228864
1525701892872994816
1525701893242208262
1525701895817465856
1525701901396115456
1525701903933669376
1525701905258713090
1525701905942466560
1525701907259473920
1525701907507027968
1525701907720855555
1525701909620920320
1525701912544280577
1525701912670109697
1525701922761605121
1525701923344719872
1525701923315523586
1525701924087021568
1525701925496184833
1525701931661934592
1525701932219740161
1525701939627008001
1525701943523479552
1525701944823754753
1525701946652381187
1525701949269712897
1525701951685525504
1525701954101706752
1525701955330269184
1525701959348539392
1525701960468467712
1525701962443984896
1525701962779484161
1525701971205935104
1525701971717537792
1525701972325810176
1525701973160468480
1525701975123415041
1525701975479828480
1525701975584694272
1525701976180367361
1525701977400872960
1525701983281242113
1525701987660140546
1525701992143790085
1525701998271684609
1525702001132199937
1525702009554448387
1525702010124779520
1525702011638976516
1525702011781529600
1525702014629462017
1525702016793722880
1525702017834004480
1525702019125809154
1525702019713060865
1525702021004795904
1525702020719681536
1525702023630442497
1525702023986937856
1525702026985984000
1525702030987350017
1525702033717829632
1525702036095909889
1525702038616788996
1525702040936235011
1525702042664288257
1525702044224454656
1525702044182622214
1525702050436325378
1525702051048706049
1525702053426827265
1525702055137988609
1525702056027226112
1525702057713451008
1525702059848343553
1525702060007735297
1525702066970234880
1525702068152983552
1525702070413697024
1525702070413578240
1525702072028516354
1525702078005497857
1525702079825989632
1525702081931354113
1525702083215003648
1525702085790007297
1525702089065758720
1525702090898567168
1525702095034273795
1525702095097286657
1525702098943463424
1525702102965800960
1525702103435399168
1525702104211496961
1525702106010755073
1525702117125947393
1525702118337814528
1525702118266523649
1525702119675908096
1525702120594362368
1525702121110241280
1525702121865216000
1525702123601666049
1525702124746821632
1525702125388537859
1525702125371723776
1525702126093193216
1525702130463477760
1525702132539740161
1525702134900981762
1525702142102740994
1525702143289729027
1525702144283881473
1525702145143603200
1525702147345719298
1525702148297981953
1525702149279195137
1525702150499627009
1525702153993691136
1525702152609480704
1525702155105144832
1525702156241670144
1525702156933816321
1525702161212096512
1525702162004684800
1525702163997024256
1525702166417121280
1525702169533497346
1525702173719396352
1525702176382885891
1525702179385917443
1525702181998952457
1525702186541453313
1525702191754776576
1525702194057584642
1525702194300956677
1525702196326703105
1525702197673021440
1525702199703228417
1525702200030289922
1525702200000925697
1525702210377732103
1525702211610763264
1525702212600602625
1525702213380804608
1525702214383288326
1525702215243116545
1525702218669776897
1525702220297150465
1525702220594962432
1525702224374030336
1525702227284959233
1525702228023050241
1525702228018974721
1525702228538863616
1525702229142937600
1525702230397026304
1525702233458888704
1525702236705370114
1525702242854129667
1525702243886026752
1525702244636794881
1525702248281608192
1525702249485418496
1525702257211166721
1525702260356939777
1525702262185762817
1525702262273851392
1525702262412259328
1525702263594815488
1525702264396165120
1525702266379960321
1525702268481421312
1525702269299212288
1525702270360354816
1525702272969330689
1525702273569116160
1525702274034589701
1525702274269446144
1525702278145093632
1525702283027152898
1525702283090067456
1525702285267017728
1525702287724888066
1525702288626548738
1525702289289203713
1525702290471936000
1525702293517176839
1525702296843198465
1525702297053016064
1525702300664201216
1525702301427564545
1525702318456463360
1525702319828000768
1525702320088137729
1525702321317064705
1525702322441138176
1525702322927505408
1525702323359604737
1525702330980741120
1525702334449426432
1525702337318334465
1525702339708956672
1525702342859010048
1525702345975267330
1525702346914791426
1525702349871775749
1525702350647730177
1525702351415300096
1525702356574294016
1525702363335782400
1525702365818544129
1525702367580143617
1525702370612727813
1525702370872672256
1525702373854814209
1525702377248006144
1525702377403256834
1525702378028093440
1525702380733579270
1525702381182255104
1525702383052939266
1525702389566775297
1525702392117080064
1525702393232605184
1525702394029301760
1525702396252389378
1525702399112847362
1525702399008063488
1525702399750549504
1525702401742839809
1525702406037639169
1525702409372442624
1525702413340008448
1525702413767913472
1525702413914673154
1525702414585700352
1525702420671643648
1525702422190071808
1525702425553813504
1525702426535264256
1525702439588048898
1525702441173663746
1525702442520027136
1525702443572551681
1525702449624932352
1525702454578655232
1525702457375924224
1525702457527046147
1525702459091472384
1525702460148527104
1525702461931114497
1525702465831813120
1525702467064942592
1525702469690466304
1525702472702087168
1525702473415110657
1525702477529485313
1525702489353461761
1525702490196426753
1525702490074796032
