1522410804376739846
1522410810907242497
1522410817009954816
1522410817521659904
1522410818913988608
1522410821879574529
1522410824236769285
1522410825033654275
1522410826921095171
1522410826413469696
1522410827273445376
1522410827810316288
1522410836412747777
1522410839122268163
1522410844558180352
1522410846621732866
1522410847938752513
1522410851206107138
1522410853307457538
1522410853869436928
1522410857988251649
1522410859858997248
1522410871405883392
1522410872676704265
1522410874522193921
1522410883137380354
1522410886580903939
1522410890611417088
1522410891681181696
1522410892067065856
1522410892532584450
1522410894143242240
1522410898828234752
1522410899163820032
1522410917824241666
1522410917778010117
1522410920797868033
1522410928423198722
1522410935989719042
1522410941396262912
1522410941467529216
1522410944713867264
1522410946219716609
1522410947867992064
1522410950657249280
1522410952964071424
1522410954016780288
1522410954935267330
1522410955778445313
1522410956038496256
1522410968051036168
1522410970806693888
1522410971825848326
1522410974925537280
1522410976741625857
1522410978859790337
1522410979874668545
1522410985151254528
1522410985578975232
1522410987239915520
1522410988104040456
1522410989651648513
1522410990922567681
1522410996412956672
1522411005317459968
1522411005896237056
1522411008043761664
1522411009062973440
1522411010497335296
1522411013383012352
1522411014096138240
1522411029216514050
1522411030030258178
1522411034350391297
1522411036044890112
1522411039278649345
1522411040327225347
1522411040708825088
1522411041270992901
1522411048049033218
1522411052423692288
1522411053866487811
1522411054986592256
1522411064180322304
1522411071646142464
1522411076373078020
1522411081989304321
1522411084736512002
1522411089576796165
1522411092969938944
1522411100653953024
1522411100716900354
1522411101224411137
1522411103187218432
1522411105880096769
1522411107562008578
1522411108535087104
1522411108597915651
1522411116961595392
1522411119318609920
1522411120182673409
1522411126474039297
1522411133612826624
1522411134996910080
1522411143427506183
1522411153724432384
1522411153867038721
1522411156522123264
1522411163757293568
1522411164575186945
1522411165481111553
1522411165942530048
1522411166160781312
1522411168920334336
1522411170094882816
1522411170568810496
1522411174821863426
1522411190076555269
1522411190525255680
1522411191330611201
1522411191339044877
1522411193193107456
1522411198473510914
1522411201703157761
1522411202445705216
1522411210926342145
1522411214353141761
1522411216156590080
1522411217209413632
1522411219059097600
1522411220153810944
1522411220871090176
1522411225136742405
1522411227296772096
1522411229008089090
1522411239753850880
1522411240219418631
1522411240387223552
1522411245734969344
1522411246657617920
1522411249753112577
1522411256275247106
1522411260066807808
1522411264399474689
1522411266802950144
1522411268283506692
1522411269575352321
1522411274507804673
1522411277796139009
1522411279410937856
1522411280182784000
1522411282539888642
1522411284456775682
1522411289150201858
1522411290228105218
1522411294263029760
1522411294820864007
1522411301019873280
1522411302899097601
1522411305914834946
1522411306674012170
1522411307353391104
1522411309416996866
1522411311539404805
1522411314253115392
1522411316216016897
1522411320594812933
1522411321727279104
1522411325678407680
1522411344779218951
1522411348646408192
1522411351540338688
1522411359018881024
1522411360650670080
1522411360914907136
1522411363422949376
1522411364421357569
1522411371081740290
1522411381748019200
1522411395622522880
1522411395840679937
1522411399611359235
1522411407677046784
1522411416829018113
1522411422747185153
1522411425578332161
1522411435783073792
1522411437641154561
1522411441273327617
1522411441336238080
1522411452828631040
1522411452962947072
1522411454565072896
1522411455747829760
1522411457178222592
1522411457203392512
1522411458130489344
1522411461104095233
1522411469064736769
1522411473124741123
1522411478065811456
1522411480309772288
1522411483237392388
1522411483686178817
1522411488660668417
1522411500127887361
1522411501872721921
1522411502850002944
1522411509007237121
1522411512094199810
1522411515319668736
1522411520432427008
1522411528711987206
1522411529026555904
1522411531865976832
1522411533774557185
1522411538941988864
1522411542280650753
1522411549339664385
1522411553198424065
1522411555266179072
1522411558336409612
1522411567660339200
1522411574182481932
1522411575629557760
1522411592096178176
1522411594633949184
1522411597775482880
1522411599813828610
1522411601344831490
1522411603332935683
1522411603928395777
1522411606264664071
1522411615471218688
1522411616494669826
1522411616633233408
1522411617941696514
1522411618973454336
1522411622484037643
1522411624124014592
1522411633737412611
1522411634135810053
1522411636098838528
1522411639248674816
1522411644810317825
1522411652036980736
1522411655363276800
1522411661721849859
1522411665051947008
1522411667254034432
1522411667367284737
1522411668390748163
1522411668734726147
1522411678905913347
1522411681904840704
1522411690683424768
1522411695091556354
1522411699520917510
1522411701181759488
1522411702737944577
1522411703463407616
1522411709058752513
1522411710979661826
1522411714280570882
1522411715597684736
1522411720827981824
1522411721297641472
1522411723529101313
1522411729568686080
1522411737915527170
1522411738288865282
1522411738590851075
1522411739492532225
1522411744945065985
1522411745666502657
1522411753304313856
1522411757267955712
1522411764486389762
1522411770794676224
1522411771088171009
1522411771897827335
1522411774020042753
1522411774946983936
1522411777526489092
1522411781934698496
1522411782664556549
1522411790524682246
1522411793838231553
1522411796182806529
1522411797814390785
1522411798187630596
1522411798766493696
1522411801249386496
1522411805381128192
1522411821348495360
1522411840143335426
1522411841263226882
1522411847651151872
1522411849731518464
1522411853682515968
1522411864579350528
1522411869818048512
1522411869956235264
1522411871965532163
1522411882249957376
1522411886200958977
1522411889111625728
1522411889497681920
1522411894472159232
1522411895893934080
1522411896636280833
1522411898699927552
1522411902273527809
1522411907667353600
1522411910519738369
1522411914160136193
1522411915930124288
1522411916370583553
1522411916651634689
1522411919486947328
1522411928773091328
1522411931868581889
1522411936998203393
1522411939753775105
1522411942106828802
1522411945793572869
1522411947639123968
1522411961702572032
1522411963233583104
1522411963451850753
1522411970741551110
1522411977628389381
1522411980828684292
1522411981621321729
1522411983382921217
1522411984393846787
1522411984813441024
1522411993151549440
1522411994560794626
1522411995290648576
1522411997744279557
1522411998390067200
1522412000063729669
1522412000034562050
1522412001884000257
1522412010864095232
1522412012235628544
1522412012332015617
1522412013498077184
1522412023207927810
1522412026018078722
1522412027435749377
1522412027825856513
1522412030824656896
1522412031491846144
1522412032879955969
1522412035606253571
1522412038496133122
1522412038718431238
1522412048264699904
1522412049271119872
1522412051800510465
1522412052102406144
1522412056401567744
1522412057106305024
1522412060671361024
1522412061535490053
1522412066967011328
1522412076056166400
1522412076379029504
1522412080737013766
1522412086944542727
1522412089981108224
1522412092325773319
1522412096675360770
1522412100597035009
1522412106477355008
1522412107215556611
1522412108570251264
1522412109283446786
1522412117391028230
1522412117789483014
1522412124131274753
1522412127167950848
1522412129202188288
1522412129554378753
1522412137334906918
1522412137519452164
1522412146474242052
1522412147791306753
1522412151708651520
1522412151977443328
1522412152174571520
1522412157186543618
1522412162416795648
1522412164123869184
1522412166669910017
1522412167726731265
1522412167974244352
1522412174731366400
1522412175335337986
1522412184654913537
1522412186651484161
1522412186915594242
1522412191344996354
1522412197309456384
1522412202732445703
1522412208646463488
1522412215051198465
1522412215223164928
1522412216129134597
1522412221220986882
1522412225092235264
1522412226556178433
1522412227168460803
1522412231278960644
1522412232713580544
1522412237314347008
1522412238891626497
1522412239734685696
1522412247074627585
1522412246818828290
1522412248299446272
1522412261578612736
1522412261880565760
1522412265378619395
1522412269249994755
1522412270164353024
1522412272165044225
1522412272735469569
1522412277764349953
1522412289206407168
1522412289932079105
1522412290548588545
1522412292322861056
1522412293618868225
1522412294797508609
1522412303500554241
1522412306495414272
1522412307556536320
1522412316528103426
1522412316536438784
1522412317622816768
1522412318344155136
1522412320726691841
1522412322597257216
1522412322630819840
1522412325147455506
1522412328435609600
1522412334303817728
1522412335851356162
1522412340062392322
1522412339643011073
1522412342109167617
1522412344671940608
1522412354423894016
1522412358760648706
1522412359666520064
1522412364741722118
1522412367778394113
1522412368726220800
1522412375684440064
1522412377001582592
1522412377899216905
1522412381086920704
1522412381527330816
1522412385369219080
1522412385771864068
1522412385822199824
1522412393468514304
1522412397549572096
1522412400724611072
1522412401181798400
1522412403589357568
1522412403962560512
1522412404138721292
1522412410279235585
1522412420320296960
1522412420307771392
1522412422731993088
1522412428453195776
1522412429191401481
1522412432290889729
1522412433075486720
1522412435600289792
1522412447570796550
1522412454579478528
1522412460438958081
1522412461273538565
1522412461848154112
1522412463387521024
1522412464863862784
1522412465295970306
1522412472606502912
1522412472715546624
1522412477199302656
1522412482064576512
1522412482702233602
1522412483214028804
1522412484740661249
1522412489002176522
1522412494278512647
1522412500112793601
1522412501744467971
1522412502335864834
1522412503715745793
1522412508560175110
1522412514809688069
1522412521386393600
1522412521625432068
1522412541284175872
1522412554793889793
1522412570245615616
1522412573487943682
1522412576314781696
1522412578508525571
1522412586410598400
1522412590709813249
1522412592228179974
1522412595851972614
1522412597022232577
1522412597655519233
1522412598829932544
1522412599018729472
1522412599282966535
1522412599983456258
1522412600448933888
1522412607122116608
1522412609525399553
1522412610108502017
1522412615066132483
1522412615099502592
1522412620032094208
1522412622594953216
1522412631994384384
1522412632275308546
1522412632426360836
1522412637551800321
1522412649014771713
1522412649618808833
1522412652491939842
1522412652688936960
1522412653834121217
1522412655847550977
1522412655851581440
1522412662352666626
1522412670489661440
1522412672427433985
1522412673337794560
1522412675006877696
1522412679603929088
1522412683135438849
1522412690861305856
1522412694342672386
1522412698801438721
1522412701015851008
1522412709303795712
1522412722406801433
1522412724176797697
1522412732699799554
1522412737074188289
1522412740207329280
1522412752211521536
1522412752500785153
1522412754195341313
1522412755323691008
1522412759832539136
1522412765188882432
1522412765964554245
1522412767558389760
1522412771555610633
1522412774164516864
1522412776907743233
1522412776777347072
1522412781932355587
1522412781680611328
1522412783052206081
1522412786772545538
1522412789670764552
1522412793168769024
1522412796364816386
1522412797757464577
1522412797749039104
1522412800487870466
1522412801192566784
1522412802014691337
1522412804904525825
1522412804690661378
1522412807161098240
1522412808331276288
1522412812991176710
1522412825926381568
1522412830498205697
1522412831509184512
1522412834000359431
1522412836705685504
1522412839088107521
1522412839255879680
1522412841063657474
1522412855701942272
1522412855840096258
1522412859657011200
1522412861649309703
1522412863586979840
1522412870818058240
1522412871577227265
1522412872294449152
1522412881962274816
1522412882633363456
1522412882700480512
1522412885292425218
1522412885942718465
1522412890665402368
1522412891600826370
1522412891789479936
1522412892318011393
1522412897883897858
1522412901226606592
1522412903550398467
1522412905282605056
1522412908147363840
1522412908373848073
1522412910370250753
1522412925243502592
1522412932071444482
1522412939587768321
1522412943744376832
1522412949964562432
1522412951088644096
1522412952560754690
1522412953475112961
1522412960353763329
1522412964229398529
1522412964753649664
1522412967920291840
1522412971414237190
1522412978267697153
1522412978821373952
1522412997917954054
1522413003332800514
1522413004091912192
1522413006637907980
1522413011536859136
1522413012598296576
1522413013223231488
1522413017820188672
1522413021536075777
1522413022811205632
1522413027471069185
1522413028209094656
1522413030767800320
1522413034529951747
1522413034618109958
1522413039072460802
1522413044734824448
1522413048711061506
1522413049772187650
1522413053429661697
1522413055514013696
1522413055853969408
1522413056403419148
1522413060308324353
1522413060752764929
1522413061000286210
1522413069535789057
1522413072425574403
1522413076133421059
1522413080784875521
1522413091782377473
1522413092109717509
1522413094483513344
1522413099331952641
1522413100401676288
1522413101928361985
1522413104642297856
1522413105367732224
1522413106399531012
1522413110937718785
1522413112464490496
1522413113026428930
1522413113320128513
1522413113915883520
1522413119322079233
1522413122140741632
1522413131661819904
1522413134702592001
1522413134706876419
1522413136283938816
1522413137336713217
1522413137747755012
1522413149143670784
1522413153434451969
1522413155204358144
1522413156022247426
1522413157385490432
1522413159134412802
1522413163026829317
1522413163328819200
1522413165459476480
1522413168785604608
1522413169464991748
1522413175614087168
1522413181267857412
1522413184287707143
1522413187202752513
1522413188360597504
1522413196535123968
1522413199726948352
1522413205305372672
1522413208706981888
1522413211970150403
1522413216932024328
1522413217854541826
1522413222787231756
1522413224100040707
1522413229175152641
1522413231037456385
1522413235835707392
1522413242148179971
1522413244614430720
1522413256220028931
1522413257738399750
1522413260619894784
1522413266374438918
1522413270937841665
1522413274125451268
1522413276612681733
1522413278315565056
1522413295558352898
1522413297089273856
1522413303544250373
1522413304378974213
1522413307617067009
1522413311236747265
1522413330266210306
1522413344493350913
1522413348364640256
1522413351359365120
1522413352034746368
1522413353112829953
1522413358170968067
1522413359689347072
1522413369151700992
1522413370460319744
1522413375095021572
1522413380937691136
1522413381713604611
1522413384112775168
1522413394640441344
1522413404002131969
1522413404123766789
1522413408011882496
1522413408183799808
1522413410863960067
1522413414408245250
1522413418606731264
1522413419072217089
1522413420464717824
1522413431470665729
1522413432074641409
1522413437342859264
1522413440429707265
1522413444410056705
1522413445592793088
1522413447169908737
1522413452022538240
1522413452563779587
1522413455642349568
1522413457802510336
1522413461610934273
1522413464756629509
1522413465041879041
1522413467512172549
1522413468401516544
1522413470179856389
1522413474684489728
1522413475460521986
1522413476584456192
1522413479533191169
1522413488542564353
1522413493974093829
1522413494007644160
1522413494125187073
1522413493710123009
1522413505122643969
1522413504992530432
1522413505558810624
1522413507001688064
1522413507794202624
1522413510851973120
1522413517550333952
1522413521262112768
1522413526207414277
1522413529311191040
1522413531676778496
1522413532628893698
1522413534415659008
1522413535665410049
1522413537351643136
1522413538781777920
1522413545224351744
1522413545685716994
1522413555739500544
1522413560999129088
1522413565390450689
1522413569098141696
1522413571510095873
1522413574844555265
1522413574794137600
1522413578355105793
1522413582566117376
1522413583459487744
1522413584487178241
1522413595287556097
1522413595581198344
1522413598827585536
1522413600375148544
1522413608981782529
1522413612702355456
1522413622017859584
1522413624463335427
1522413625935204353
1522413627583651848
1522413629412360193
1522413639239667717
1522413639256264704
1522413643199131648
1522413643337539584
1522413643987574784
1522413650237136929
1522413651562532866
1522413652732780545
1522413654464995329
1522413656968945666
1522413661003911171
1522413666234245127
1522413667614134278
1522413670436728833
1522413674698199040
1522413679987277824
1522413687616819201
1522413688291999745
1522413698064973826
1522413706025611268
1522413706780594177
1522413707028234240
1522413708374249474
1522413709087420417
1522413710630785026
1522413710903586816
1522413712614830086
1522413717333450755
1522413727244599296
1522413734399987731
1522413734399983620
1522413736727924736
1522413739752013824
1522413740041379840
1522413743149355010
1522413749637980160
1522413749667344385
1522413763273838592
1522413763953147906
1522413766138290176
1522413768831119361
1522413770944880640
1522413771595128832
1522413772614565888
1522413778918584320
1522413778972856320
1522413784337465344
1522413789693501441
1522413790205136896
1522413790243008513
1522413790997848065
1522413800590569473
1522413804419657728
1522413812229410816
1522413815442587648
1522413815723401219
1522413817099165696
1522413818642669569
1522413826959978496
1522413833654050817
1522413835184914432
1522413836166332416
1522413837756084225
1522413837605126144
1522413843678253057
1522413849886011393
1522413850938720256
1522413856433266695
1522413857066655746
1522413864138194944
1522413867410010113
1522413870094204928
1522413873256665088
1522413881146150912
1522413888020664321
1522413892525346816
1522413894702092288
1522413902180532224
1522413904596545536
1522413906253254657
1522413905460572161
1522413906542854144
1522413914100834304
1522413923512815617
1522413926566313984
1522413930911469568
1522413938163470340
1522413946677956608
1522413947588169728
1522413952038322182
1522413953464295426
1522413960586223616
1522413961496477698
1522413963148988416
1522413967720820736
1522413969973125123
1522413969985740801
1522413972884017152
1522413973668347904
1522413973949358081
1522413976637906950
1522413986532237319
1522413988621004801
1522413988738646016
1522413989875134464
1522413995566714883
1522414000960585728
1522414001585803264
1522414001770090497
1522414004018331650
1522414007575097345
1522414012117524482
1522414014600466432
1522414018123730944
1522414024440225792
1522414029884567555
1522414034590605313
1522414039669919748
1522414039699234820
1522414042337677312
1522414043885182977
1522414044103200768
1522414047269904393
1522414052315734016
1522414052990980097
1522414064030425088
1522414068472102912
1522414071790059520
1522414072204910595
1522414072725217280
1522414077783519233
1522414079415136256
1522414083399692290
1522414087086424064
1522414090605453312
1522414091054157825
1522414092006395904
1522414096037023744
1522414096993460224
1522414106791264259
1522414107349159937
1522414110209626114
1522414111610609665
1522414116505333762
1522414131340627970
1522414133378957313
1522414133303468032
1522414138282156033
1522414144342921216
1522414144724639744
1522414147622916096
1522414150940569600
1522414155294289920
1522414155344584705
1522414155818536961
1522414156070141952
1522414157185880064
1522414168015527936
1522414170569854978
1522414171693924359
1522414174378381313
1522414179650621440
1522414179851767809
1522414184578920451
1522414188588642311
1522414190371160067
1522414192636145670
1522414200215244805
1522414200441556994
1522414202543128576
1522414203063132161
1522414202991915008
1522414203037908993
1522414206129217536
1522414212382961664
1522414234025574401
1522414234767958017
1522414233954177024
1522414239104839680
1522414242216955904
1522414248072294400
1522414249754169345
1522414264258117632
1522414266615279616
1522414269442445314
1522414273070129152
1522414273695305730
1522414274060206082
1522414275716911105
1522414280343236609
1522414287301615617
1522414289847529472
1522414292800266242
1522414300568203265
1522414304120631297
1522414310420627456
1522414314531049472
1522414319098601474
1522414323867521029
1522414323745923073
1522414324182142985
1522414328925896705
1522414336215744512
1522414341504520199
1522414348634705920
1522414351768068097
1522414352212525056
1522414352447549440
1522414353802223618
1522414355098218496
1522414358340542472
1522414358684393472
1522414359913316352
1522414365433081857
1522414368498937856
1522414370147512321
1522414371623870468
1522414373574262784
1522414375000322048
1522414383942574104
1522414389957173249
1522414390607233024
1522414393660743681
1522414396454092800
1522414396361875458
1522414399742373888
1522414400413577217
1522414402317680640
1522414404230385670
1522414404859580417
1522414415395663885
1522414415626256386
1522414415940829184
1522414418579136513
1522414428288860160
1522414433716383745
1522414436857921537
1522414443128410113
1522414447045881857
1522414448685764609
1522414450451652608
1522414450975907840
1522414452372615168
1522414465865723904
1522414467035901953
1522414472224288774
1522414473054724097
1522414473348358144
1522414475181268992
1522414477672595457
1522414478310223872
1522414479073587201
1522414479132266496
1522414479912415232
1522414480864514052
1522414482898800642
1522414489941024768
1522414492860231681
1522414493736833024
1522414501706018816
1522414504830722048
1522414505506000897
1522414506147778561
1522414507238338561
1522414508953772033
1522414509041852416
1522414512535748609
1522414515983429632
1522414517128417285
1522414521050181638
1522414524535648258
1522414527106625537
1522414532215590912
1522414532823552001
1522414534144765955
1522414538527760384
1522414541371592704
1522414542306910208
1522414558970798081
1522414560917037056
1522414561390911488
1522414564696109057
1522414564960260098
1522414579107696641
1522414581326430208
1522414583373254658
1522414584300457985
1522414591480844289
1522414592160325633
1522414594463092743
1522414596933525504
1522414599060045830
1522414601484345345
1522414605531811840
1522414608681684992
1522414611105927168
1522414611256987649
1522414612138049539
1522414614511824897
1522414615417831424
1522414616848052226
1522414621751136257
1522414621541662721
1522414622350921735
1522414622900424705
1522414625303646208
1522414627912572929
1522414627807715328
1522414628302725122
1522414629070286850
1522414629317910529
1522414633197486081
1522414635298787328
1522414635999121408
1522414643502792704
1522414658912616449
1522414659206324228
1522414661114679298
1522414664482709504
1522414665753575424
1522414672045133824
1522414677703073793
1522414681171935233
1522414682639851520
1522414684917354496
1522414687933063169
1522414688436379649
1522414698431488000
1522414699861753856
1522414706652332038
1522414709554700293
1522414709747585024
1522414710980849664
1522414715196121088
1522414724142575616
1522414744099069953
1522414744417746944
1522414750620999680
1522414751996862466
1522414754475941891
1522414769709502465
1522414778081234947
1522414781415706630
1522414782799884288
1522414784079093761
1522414783940771842
1522414790605422593
1522414792144822272
1522414794216808449
1522414796443996160
1522414801548365825
1522414803989446657
1522414804593487873
1522414807890206720
1522414813229555714
1522414813481250817
1522414814471012352
1522414815230238720
1522414820015984640
1522414829327298560
1522414829327327232
1522414831369961473
1522414835677507590
1522414837963403265
1522414841230725120
1522414841364951041
1522414842493161473
1522414843621486597
1522414843545935873
1522414844284219392
1522414851313729539
1522414852186296320
1522414853696200704
1522414855772332038
1522414855734669312
1522414859836694529
1522414864039391232
1522414866639773697
1522414868191604738
1522414868997066753
1522414869928202241
1522414872394227713
1522414877691809792
1522414880631840768
1522414881072418818
1522414881982582785
1522414883005947904
1522414885472280588
1522414886441320448
1522414889146400770
1522414892682203147
1522414898633973760
1522414898990432271
1522414907282665479
1522414908222095377
1522414909874753537
1522414909790859264
1522414910193426433
1522414912403873792
1522414916308803584
1522414919454441472
1522414923397181441
1522414926111064064
1522414937469071360
1522414938601443328
1522414944880373760
1522414946339938310
1522414946469953538
1522414946532925440
1522414951893282827
1522414957731614720
1522414958142578688
1522414959237419008
1522414959669526528
1522414961649238016
1522414965663178752
1522414967579987968
1522414967722442752
1522414970813698049
1522414973561016320
1522414973686894592
1522414974643183617
1522414977155584001
1522414980162854914
1522414983358865408
1522414989189033984
1522414992909340679
1522414995220406272
1522414995618910208
1522414996919103488
1522414998307414016
1522414998475010049
1522415001708810240
1522415003315306497
1522415012823937026
1522415015437156353
1522415019752841217
1522415032721625091
1522415033879257090
1522415039151591425
1522415042414661634
1522415044323123201
1522415044574777346
1522415049284984832
1522415054603313153
1522415057321459712
1522415065013628933
1522415069321211911
1522415073762885634
1522415079966351360
1522415085947338759
1522415089680326660
1522415091588775936
1522415103567663104
1522415114963632130
1522415115198423040
1522415118969151488
1522415121670234112
1522415122886635521
1522415124212068359
1522415125445152769
1522415133867319298
1522415137734410243
1522415138246209538
1522415138611122178
1522415139814789121
1522415142285283330
1522415143254118401
1522415148224462849
1522415149067472896
1522415158865408002
1522415160102723584
1522415161562312704
1522415161616879621
1522415162354851840
1522415165324496897
1522415166230609920
1522415168550014976
1522415169204330497
1522415173075714049
1522415173310554112
1522415176770801666
1522415177911746560
1522415178213564417
1522415178889023488
1522415179950084097
1522415181283872770
1522415188221300738
1522415194646859776
1522415197046124545
1522415200732864513
1522415202339328000
1522415205380096001
1522415212179214337
1522415212376199168
1522415215429636096
1522415216742567936
1522415218609033216
1522415219330404353
1522415219728863234
1522415226641072130
1522415229287731201
1522415238661955585
1522415241249923073
1522415241828704257
1522415248661168129
1522415251156869131
1522415251777462272
1522415255271448576
1522415263848804353
1522415267590062084
1522415281443909633
1522415281594937345
1522415294559309825
1522415295146733569
1522415295943430146
1522415296077836301
1522415300339290112
1522415304092962822
1522415305833607168
1522415308669079553
1522415309847678977
1522415310195859456
1522415312498569217
1522415313387761665
1522415313467416578
1522415315497496578
1522415316453798336
1522415318630641664
1522415330190327808
1522415333923069952
1522415346405318657
1522415347856551936
1522415348288475142
1522415348657664005
1522415350528229377
1522415357964832768
1522415358136705024
1522415360573587456
1522415362880405504
1522415364101054465
1522415364037959681
1522415367246786565
1522415367523602433
1522415368148598786
1522415376805543944
1522415378483322880
1522415378940448770
1522415380987359232
1522415381390020610
1522415383856259074
1522415383407652865
1522415386846715926
1522415390101426176
1522415401736769536
1522415402978279424
1522415403561099264
1522415410594861057
1522415412989730817
1522415413006680064
1522415415015755776
1522415415397429248
1522415417884659713
1522415420174585858
1522415420657082371
1522415421730824192
1522415429234348032
1522415433516781575
1522415437660647424
1522415444254240768
1522415445818679296
1522415450956746768
1522415451329990657
1522415451963375616
1522415455528312833
1522415457298489346
1522415462524633088
1522415465607348224
1522415470556729371
1522415471642873856
1522415478077272064
1522415479079407616
1522415480547557376
1522415480836919296
1522415482875351042
1522415489598771200
1522415493382119424
1522415495621885958
1522415496968040449
1522415502714408960
1522415506170462209
1522415510335410178
1522415510733737984
1522415511404953606
1522415516320739331
1522415516690030592
1522415516773756930
1522415518526881798
1522415520020152320
1522415521177739265
1522415526034784259
1522415538722516993
1522415540295413760
1522415540576391168
1522415543780790278
1522415543730507791
1522415550252654596
1522415558959976448
1522415568179154944
1522415571303911427
1522415574244114433
1522415574944337920
1522415575993098240
1522415577968660480
1522415584054456323
1522415586860584961
1522415587300823041
1522415589675122689
1522415590744285184
1522415591046496257
1522415593932177409
1522415597526650880
1522415600714194946
1522415601104433154
1522415604728315906
1522415611074203649
1522415612244508677
1522415613754462208
1522415619676770304
1522415622377852930
1522415625276207106
1522415625313738752
1522415625234272258
1522415627499102209
1522415632398094337
1522415635208478720
1522415636349177856
1522415639083864064
1522415640124006400
1522415640627326976
1522415643412377601
1522415646449053697
1522415646616678400
1522415648516759555
1522415649942867997
1522415650186178560
1522415654023880704
1522415653977788416
1522415654434865152
1522415654594355203
1522415660076261376
1522415660776701953
1522415666376196097
1522415670641582081
1522415673716224000
1522415674135662606
1522415677688086528
1522415680833863681
1522415684822700034
1522415684692721665
1522415685489602562
1522415688446488576
1522415688509534209
1522415689310556160
1522415692783497216
1522415693093904385
1522415693538463744
1522415696117968897
1522415699918045184
1522415700589137922
1522415700878368773
1522415701532811266
1522415703176876032
1522415710877671424
1522415713813733396
1522415721053052928
1522415723653611523
1522415726807633920
1522415730532225027
1522415733552070657
1522415733606858753
1522415737104650241
1522415737159176192
1522415737125707776
1522415740577468417
1522415747275833344
1522415750526418944
1522415750887092224
1522415755261890560
1522415755249205248
1522415757031837705
1522415760819503105
1522415763944005633
1522415766556971010
1522415767643467776
1522415771292291072
1522415774392107017
1522415781606305792
1522415792398417920
1522415794872799233
1522415796525223936
1522415806029647872
1522415809901252608
1522415810219634691
1522415811251654657
1522415813998829568
1522415815110406144
1522415815827542016
1522415819917078528
1522415826481127424
1522415831686258689
1522415833544151040
1522415837256495104
1522415843765669889
1522415846232104962
1522415847301599232
1522415849080033280
1522415849415626752
1522415852431511552
1522415857539764224
1522415859486101506
1522415859645534208
1522415863390953472
1522415872857489408
1522415877983019008
1522415879279026177
1522415879887015936
1522415885314629634
1522415890238779392
1522415891509616642
1522415892629491712
1522415894789603330
1522415895297105921
1522415895888515072
1522415898795118592
1522415899504168960
1522415900363735040
1522415901588525056
1522415903341780993
1522415905447235584
1522415907829604364
1522415914968354816
1522415916583202816
1522415916738236416
1522415917988298752
1522415920257413120
1522415922086133763
1522415924976173056
1522415924996943872
1522415926330671105
1522415931959521280
1522415937202364418
1522415937844133888
1522415940188749825
1522415943967821824
1522415944743727104
1522415947021176835
1522415954029944832
1522415954101121024
1522415967778791427
1522415968630325250
1522415968806387714
1522415971545268224
1522415990969151502
1522415994664333312
1522415994886631424
1522415995037655043
1522415997797474305
1522416008874573827
1522416013836525568
1522416015384133659
1522416031817424896
1522416035911147520
1522416040130531328
1522416040193449986
1522416045054644224
1522416046480805889
1522416046594011137
1522416050742177794
1522416064033964034
1522416064696569858
1522416073001287681
1522416073852825600
1522416075710902276
1522416075635408906
1522416078420422657
1522416084673957888
1522416096850161664
1522416099987492865
1522416106123800578
1522416107411460097
1522416108456001537
1522416110687162369
1522416115770609665
1522416118828253184
1522416130220036097
1522416131704860675
1522416134376628224
1522416135567720455
1522416157457797120
1522416159089381376
1522416171425083392
1522416172712579072
1522416181369614336
1522416186436247552
1522416188072112129
1522416190014083072
1522416191469494272
1522416191683321856
1522416192627089408
1522416193864445952
1522416200315457536
1522416205352603648
1522416212243845121
1522416214647230464
1522416220934635520
1522416223597826050
1522416232296812544
1522416236042371072
1522416240500817921
1522416249560571904
1522416250470739971
1522416251905191936
1522416256791588865
1522416260239310852
1522416260373430274
1522416266031554566
1522416266006478850
1522416277138116609
1522416280044724225
1522416282536189952
1522416294175424512
1522416305596424193
1522416328531148800
1522416331554967557
1522416332498780161
1522416333207617536
1522416337896706048
1522416338291068928
1522416343030845440
1522416344288964610
1522416344293310464
1522416351557660672
1522416368817258496
1522416369228210176
1522416374962094080
1522416377293938688
1522416378912911362
1522416379877548032
1522416382112976896
1522416385171017729
1522416390933823489
1522416390992547842
1522416392426844160
1522416395161645057
1522416401629208578
1522416402535227394
1522416404368183304
1522416406595264512
1522416408763772929
1522416412995862528
1522416416611356672
1522416420432367617
1522416421107552269
1522416428879474688
1522416429513179136
1522416435732967425
1522416441072496641
1522416442636967946
1522416443903688704
1522416447569469440
1522416448324448256
1522416454708125696
1522416460580233218
1522416464040542209
1522416464124428289
1522416465420472320
1522416471023898624
1522416473586778112
1522416481555910657
1522416486882680834
1522416497238360066
1522416508277772290
1522416510240702465
1522416510412677120
1522416514753781764
1522416514762166272
1522416521729003521
1522416522173501442
1522416523620589569
1522416524039839744
1522416536169984002
1522416537931595776
1522416541081473053
1522416551068114944
1522416553534230529
1522416555979591680
1522416565798551552
1522416566847029248
1522416569405558789
1522416570697490435
1522416570751803392
1522416580394512385
1522416580684091410
1522416581770452992
1522416581833285632
1522416587311128581
1522416587508224002
1522416593535479808
1522416594198011904
1522416599226994688
1522416600443498496
1522416600917413889
1522416601928187915
1522416604927213569
1522416606080552960
1522416607540228102
1522416607515095044
1522416608144240640
1522416609066995717
1522416616566317074
1522416617497542658
1522416625030504448
1522416628029292545
1522416633188397058
1522416639194824706
1522416641140740097
1522416644194250753
1522416653774073858
1522416654814257156
1522416658903715841
1522416659109224450
1522416660107476995
1522416662649229313
1522416669540462593
1522416675739500544
1522416679468388353
1522416684405043205
1522416686871236609
1522416687915675648
1522416692776902657
1522416705024180224
1522416709046439936
1522416711647076352
1522416715879038979
1522416718819246081
1522416724980740097
1522416731578281985
1522416732824035328
1522416734963122177
1522416737563652103
1522416739593728001
1522416740147159040
1522416743309889536
1522416744991793152
1522416745281114112
1522416745432158208
1522416751472001026
1522416751572627458
1522416751882948608
1522416752436654084
1522416757809369088
1522416758103343104
1522416758535163905
1522416762184208387
1522416767049646081
1522416769897480192
1522416774892998657
1522416778659442688
1522416787094228994
1522416795352805381
1522416799345692672
1522416801954496514
1522416803162607619
1522416809135067137
1522416810959810560
1522416811970596864
1522416817335119877
1522416819721715715
1522416821546012672
1522416823370752000
1522416823559413760
1522416824066969602
1522416832975720449
1522416835412598785
1522416839392907265
1522416848255557632
1522416856547708929
1522416875073949699
1522416885345759233
1522416887740653568
1522416889980497921
1522416891582578689
1522416903960023041
1522416907458162689
1522416912445104128
1522416913099685888
1522416920615608321
1522416923262300162
1522416930631880704
1522416935702515713
1522416942862196736
1522416949166280706
1522416952639205380
1522416952710422546
1522416954371297280
1522416955042549763
1522416955566837762
1522416956707639304
1522416956871426048
1522416958678913024
1522416969781284865
1522416972109172738
1522416972398759937
1522416974097272832
1522416978266370050
1522416981688963072
1522416986235580419
1522416986965299200
1522416996704563201
1522416999653122049
1522417001947447296
1522417002333286435
1522417007060213761
1522417007907545088
1522417010528948224
1522417011179114503
1522417017923452929
1522417021362876416
1522417028803579909
1522417029776564226
1522417031370481665
1522417033685737472
1522417037376733186
1522417044054220800
1522417047984033800
1522417052098650137
1522417054820798464
1522417055143710720
1522417057823924231
1522417058029387776
1522417070360592384
1522417076845129728
1522417077033783299
1522417084260659200
1522417087737737216
1522417089042071552
1522417090614992896
1522417098341122048
1522417107711016961
1522417108302315523
1522417112626737154
1522417113100656640
1522417113092304900
1522417113562062848
1522417115440943105
1522417115885555713
1522417119656173569
1522417121204092928
1522417122282184704
1522417122533679105
1522417124203020289
1522417126283350017
1522417128997109760
1522417128942583815
1522417133912829957
1522417134399148033
1522417136097914881
1522417142557196289
1522417147070275585
1522417148349411328
1522417148735459328
1522417153428934656
1522417153772691456
1522417155517534208
1522417159749529600
1522417160664059906
1522417160768868352
1522417160907284482
1522417163562270725
1522417172554915840
1522417176124309505
1522417176178794501
1522417176891822081
1522417186442137600
1522417191731318784
1522417195179032577
1522417205077753856
1522417207199817729
1522417210626646018
1522417212140662784
1522417218054758400
1522417218931367937
1522417222005710851
1522417222353920001
1522417222899089408
1522417225801646080
1522417226539749377
1522417227219226624
1522417227806380032
1522417228754399234
1522417232986451969
1522417242306187264
1522417246714347520
1522417247305838602
1522417248731869186
1522417251202498560
1522417270722547713
1522417272043757568
1522417272370827265
1522417274711330823
1522417277773271044
1522417279480352769
1522417282466603009
1522417308966207488
1522417313353506818
1522417327555309569
1522417333591220224
1522417346291376128
1522417348254531584
1522417349177102337
1522417349906903041
1522417356978360320
1522417364725293056
1522417364939202560
1522417367099269121
1522417367183237120
1522417370131795969
1522417371167690752
1522417372262404099
1522417372384141316
1522417374997143558
1522417375265628161
1522417376486211584
1522417378549719042
1522417382827773954
1522417387055861762
1522417388964220928
1522417389907886080
1522417397323513856
1522417399257042948
1522417407897260032
1522417408845230080
1522417408811560960
1522417414964752384
1522417417409937409
1522417418311716864
1522417420408954880
1522417422300594176
1522417425299476486
1522417428684320769
1522417431213494274
1522417433344196610
1522417435281965056
1522417436381020161
1522417442038763521
1522417442307428353
1522417449265737729
1522417449932578820
1522417452830932998
1522417456303779840
1522417465107619847
1522417466110001152
1522417466445500416
1522417476436434946
1522417476654538753
1522417481926660097
1522417483403116545
1522417483357040641
1522417484606889985
1522417487878496258
1522417495734468608
1522417496694923267
1522417498754363392
1522417502743142401
1522417507399004160
1522417508321570816
1522417509701500929
1522417510477602816
1522417512582762497
1522417516362055680
1522417518136147969
1522417530194771976
1522417532447113216
1522417539208429568
1522417539988746240
1522417544837181446
1522417545571151873
1522417546070265856
1522417549354356736
1522417563531153413
1522417568853671938
1522417569252057089
1522417586159468545
1522417587723935744
1522417588717953025
1522417594711658496
1522417597165314049
1522417602034909184
1522417605956763648
1522417607696998401
1522417623996186626
1522417628341579776
1522417628651954177
1522417630111543296
1522417636281307137
1522417637564817408
1522417642883141635
1522417644120510467
1522417645521448962
1522417647161606150
1522417647278821376
1522417654723612672
1522417657936756736
1522417658645422081
1522417659433951249
1522417663800377344
1522417663762485249
1522417664492191748
1522417666413281281
1522417667931467776
1522417668170604544
1522417669273755648
1522417671287066624
1522417684486311936
1522417686373756928
1522417686482935809
1522417686760013824
1522417688705970180
1522417693172793346
1522417694431014913
1522417697912463361
1522417704921182209
1522417713397874688
1522417715520151553
1522417717457788929
1522417723908796416
1522417724953092097
1522417733928951811
1522417738462998531
1522417738811117570
1522417740455321600
1522417745098326016
1522417745635196928
1522417748831313922
1522417749896708097
1522417760420118528
1522417765713391617
1522417767680552960
1522417777750986755
1522417779047116802
1522417781051899905
1522417785233575939
1522417787523813377
1522417787955601408
1522417788257767425
1522417788291276800
1522417790577221634
1522417793391546376
1522417798361755649
1522417799632760833
1522417803709620224
1522417807157301248
1522417808411402242
1522417808650481665
1522417813277016065
1522417814887407617
1522417815873073152
1522417817743732736
1522417822932029441
1522417824601239552
1522417827679899649
1522417827948421120
1522417837196943363
1522417841827467264
1522417843471409152
1522417844935344128
1522417846600540162
1522417847993044992
1522417849414914048
1522417850098585600
1522417851059085313
1522417851423993860
1522417851591704578
1522417858617262081
1522417859770687494
1522417868457062400
1522417869556002816
1522417869602099201
1522417873477672960
1522417874391904256
1522417878116536321
1522417879513284609
1522417879538409472
1522417884672241664
1522417885142003712
1522417887935442944
1522417889126633473
1522417893656469509
1522417894273204225
1522417898987393030
1522417899138396174
1522417903949299715
1522417904645554176
1522417905236946946
1522417909619957760
1522417910761029633
1522417912807571458
1522417915756257280
1522417916137943041
1522417921565286400
1522417923872153600
1522417925013049346
1522417925298266114
1522417933812649984
1522417933925949440
1522417934089568256
1522417935318499328
1522417937314897921
1522417941328846848
1522417943698493441
1522417946504712192
1522417950300327936
1522417953903423489
1522417954390167553
1522417955174187008
1522417955287728131
1522417963504128000
1522417965739614213
1522417968285728768
1522417971167178752
1522417974912638976
1522417980985991168
1522417984706334721
1522417986220437505
1522417987793289216
1522417990536515584
1522417990939066374
1522417993602457600
1522417998929313802
1522417999709446148
1522418001882062849
1522418004184731648
1522418005661126656
1522418007623954432
1522418010073735173
1522418017719705600
1522418021637271553
1522418024137043969
1522418025366016000
1522418032127131656
1522418038049767425
1522418044567691264
1522418045351698432
1522418052113080321
1522418055720099841
1522418055825051648
1522418066713415684
1522418066856026113
1522418068034830338
1522418069275959298
1522418074305114118
1522418076347740161
1522418080286138372
1522418087773020160
1522418091119980545
1522418092973993984
1522418093351481344
1522418096279015424
1522418103690346496
1522418107066814465
1522418107641475073
1522418125425291265
1522418126058672130
1522418129510420485
1522418131268157441
1522418135529410560
1522418136091439105
1522418140302479360
1522418141741129729
1522418144366632961
1522418144861724673
1522418145134321680
1522418145822187520
1522418148049186816
1522418151199285248
1522418153975914496
1522418157260095489
1522418158824738816
1522418160502067201
1522418167288672281
1522418168047751168
1522418171478691840
1522418173219581952
1522418183952556033
1522418191972331520
1522418192622276610
1522418198087450626
1522418198804582401
1522418215686750209
1522418215892226049
1522418224524144640
1522418224700219394
1522418228357746688
1522418229003567106
1522418229867683840
1522418234418417668
1522418238914768897
1522418240030396423
1522418240311513088
1522418244484833281
1522418246259023886
1522418249216008192
1522418249081708551
1522418253657563136
1522418254182076416
1522418255138336768
1522418259416555520
1522418269684174850
1522418272762748929
1522418273295470592
1522418283730853889
1522418288294301696
1522418290471153667
1522418291997822976
1522418300180963328
1522418300948557824
1522418302408028160
1522418306245971972
1522418306971762688
1522418308695445506
1522418315163021313
1522418315573952512
1522418315423064065
1522418317306249217
1522418326349262848
1522418327372578831
1522418334830055424
1522418344342831109
1522418345265532928
1522418345735241729
1522418346477735936
1522418347635363841
1522418352177790976
1522418359819718656
1522418366526496768
1522418370955649024
1522418371274633216
1522418374239608832
1522418374134874112
1522418377809137667
1522418379910520842
1522418382037041152
1522418391868395524
1522418393860788224
1522418397769871363
1522418398814167041
1522418405319618562
1522418416400977925
1522418421916385280
1522418429202169856
1522418430338555905
1522418430338600961
1522418438983106560
1522418448093097984
1522418450303537155
1522418460290076674
1522418466690682880
1522418469026910212
1522418470050271233
1522418475490476034
1522418478472478720
1522418480343040000
1522418483128115210
1522418487666388993
1522418488702296065
1522418488526225409
1522418500056371201
1522418500714827776
1522418511167082498
1522418513285156864
1522418522311245826
1522418528820805640
1522418529030529025
1522418541730934784
1522418545631522816
1522418545753477120
1522418546516578311
1522418549238681600
1522418557488975873
1522418557681909760
1522418560127098880
1522418565491662849
1522418569937666049
1522418571611185152
1522418581182496769
1522418584068276224
1522418584449859584
1522418587033640966
1522418587696345089
1522418589827047424
1522418590133063680
1522418593681616897
1522418593983565834
1522418594419982337
1522418594931527680
1522418598991613953
1522418603345207296
1522418603798241283
1522418604138016768
1522418609846370308
1522418610651684866
1522418612417581059
1522418616808914944
1522418622551007232
1522418632583753728
1522418633003130882
1522418633405775873
1522418635213611009
1522418636035706888
1522418640758480897
1522418643367256064
1522418644797603842
1522418647075074049
1522418649587363840
1522418651403542528
1522418650770132993
1522418654427901953
1522418654763274240
1522418659397931015
1522418660148666368
1522418661348286470
1522418661780295680
1522418662430621697
1522418665551024129
1522418683464798209
1522418683804590080
1522418686639833088
1522418690620370945
1522418690955919360
1522418691954155520
1522418699591897090
1522418703723372545
1522418706038628353
1522418707745570816
1522418708664180741
1522418709708644355
1522418710518108160
1522418714712363008
1522418716037857280
1522418718944509956
1522418719183486976
1522418719426764801
1522418722790641668
1522418726829711360
1522418727622529025
1522418728314540032
1522418732898951169
1522418733356101632
1522418733532205056
1522418737311268865
1522418738720436225
1522418741467750400
1522418749567025152
1522418751047622656
1522418751370833920
1522418754143105025
1522418758870044672
1522418759637602304
1522418766243639299
1522418767573180418
1522418769376776192
1522418770593128448
1522418780403642373
1522418780969869314
1522418782047961088
1522418782408482817
1522418785336152064
1522418785852002307
1522418791023624192
1522418800066453504
1522418801374990336
1522418801492561920
1522418806164914176
1522418810531241986
1522418816117968896
1522418816592105488
1522418816722026497
1522418819532308481
1522418822199787520
1522418827434336262
1522418830882271233
1522418832941408256
1522418833453207552
1522418835588009984
1522418835797782534
1522418836502454273
1522418836938850304
1522418837148389376
1522418839388139520
1522418844899422208
1522418855083229184
1522418855808798720
1522418856249208832
1522418860288319488
1522418860854583298
1522418867884249088
1522418868123324417
1522418871973597190
1522418875891171328
1522418878864760832
1522418881280851968
1522418883965108224
1522418884317429760
1522418886540419073
1522418887719112705
1522418889275105288
1522418891753934849
1522418901669355520
1522418903879716869
1522418903925764096
1522418912066949120
1522418920644386817
1522418921281785856
1522418922120753152
1522418923718811650
1522418927023894529
1522418932841598977
1522418935571927041
1522418937925091328
1522418943151022083
1522418946716147713
1522418949102743552
1522418949660753920
1522418954861305856
1522418959085182976
1522418959261356035
1522418961794666499
1522418965724737536
1522418966836219906
1522418974532767747
1522418978253062145
1522418981285642245
1522418986150998017
1522418988210438147
1522418989455994880
1522418995495907333
1522419007831355392
1522419008850460673
1522419010649866241
1522419010951856130
1522419013371969541
1522419020787372032
1522419025988317185
1522419029469765634
1522419030468005893
1522419040534343680
1522419061216649216
1522419068086767616
1522419071433719808
1522419071974875143
1522419074009022465
1522419078035505152
1522419081273556992
1522419083681087494
1522419099485278208
1522419100408070145
1522419102001864704
1522419105420259329
1522419109299957761
1522419113938890752
1522419121387884546
1522419127201189889
1522419130254733313
1522419130980306945
1522419133354229761
1522419138618081281
1522419147484942342
1522419149368172544
1522419154728341505
1522419158146854916
1522419159426113537
1522419160776835072
1522419162349555712
1522419167793664001
1522419169081372674
1522419171421736961
1522419175016251393
1522419179860770816
1522419184482799617
1522419188027084802
1522419189037867009
1522419192137457664
1522419196273074181
1522419197590085635
1522419197787066368
1522419200777674752
1522419203550199814
1522419204460367873
1522419208369418242
1522419213444567041
1522419213683638272
1522419215524933632
1522419221766217728
1522419229932281859
1522419231429648386
1522419235552743426
1522419236815179778
1522419241563136001
1522419247762354176
1522419252275253248
1522419252266950656
1522419253634375681
1522419256922619904
1522419260819218435
1522419261645467649
1522419261792260102
1522419263667007489
1522419265122484225
1522419267811041281
1522419272206753793
1522419274651865088
1522419276178673664
1522419281182756864
1522419283124703232
1522419288879124482
1522419292209307650
1522419295292121088
1522419297963888643
1522419304205271040
1522419306566492166
1522419307757846528
1522419309682868224
1522419312551763971
1522419315068358666
1522419316016095232
1522419320562720769
1522419321972084736
1522419322336907265
1522419324945940480
1522419325633802240
1522419334353666048
1522419334823526400
1522419339521146880
1522419352628301826
1522419353253290000
1522419355639820299
1522419357036556289
1522419357552414721
1522419357636309009
1522419358491983875
1522419359427317760
1522419360081584128
1522419361214087168
1522419362182975489
1522419363453698048
1522419364116549632
1522419364242329600
1522419364754079752
1522419365936775169
1522419366914146305
1522419368491196416
1522419368914993152
1522419370114306049
1522419369850163200
1522419370881867777
1522419371997605888
1522419374136729600
1522419375113969665
1522419375672033280
1522419376129032192
1522419377278263296
1522419377378893826
1522419378398150656
1522419382923767809
1522419384823816192
1522419389831778305
1522419392981704709
1522419393124315141
1522419399344467968
1522419401982627841
1522419402884452352
1522419405367435266
1522419408056070145
1522419409096265728
1522419419032416256
1522419427907678210
1522419429832802305
1522419432408195072
1522419434052280320
1522419437764231168
1522419439504928772
1522419441438445570
1522419450296905729
1522419453555879936
1522419456697376772
1522419458656067584
1522419461051006979
1522419465094320128
1522419467023785984
1522419467212529664
1522419468449816576
1522419471440400385
1522419476297302023
1522419483519983623
1522419484434313217
1522419490683858947
1522419492588040192
1522419494949380098
1522419497747075077
1522419505506533376
1522419515077931008
1522419522027860002
1522419522921242625
1522419532157042690
1522419535374172160
1522419535738941440
1522419537148272640
1522419538557648897
1522419540034007040
1522419540281413637
1522419540331831296
1522419542596755456
1522419548590387201
1522419553506140160
1522419554516881410
1522419565090775041
1522419567380733952
1522419568236535808
1522419570266492935
1522419580441964544
1522419582740295680
1522419589740646400
1522419595239383041
1522419611966312451
1522419614667399168
1522419617163010048
1522419617242693634
1522419616991088640
1522419619297955848
1522419619235086336
1522419621760057344
1522419621726404609
1522419622238167046
1522419624398274563
1522419626919010304
1522419632568557568
1522419634472951808
1522419635752218624
1522419639233429509
1522419639980105728
1522419641586495489
1522419641104146432
1522419643524255747
1522419649681498112
1522419654563667968
1522419656094412800
1522419674910179328
1522419676831260674
1522419678865465345
1522419685572190214
1522419694367645697
1522419695395160091
1522419697416777728
1522419698138333185
1522419698775773207
1522419699757240322
1522419701426851840
1522419708099796999
1522419709983043585
1522419722121269248
1522419724713345024
1522419729121562625
1522419734561669123
1522419737782853640
1522419746095968257
1522419747568160768
1522419749401022464
1522419749921169409
1522419755449208833
1522419757445791748
1522419760985632769
1522419761069666304
1522419761828835330
1522419762369859597
1522419763221311489
1522419765855227906
1522419766283182081
1522419768782905346
1522419769701502981
1522419769898639362
1522419770234052609
1522419781034414080
1522419783924424706
1522419800810659840
1522419800739307520
1522419802488381440
1522419806523301888
1522419806892347396
1522419810264571905
1522419813238333442
1522419814525976578
1522419816858107904
1522419820641538049
1522419821278859264
1522419826773442560
1522419827385810944
1522419833501061120
1522419833610153984
1522419838534176768
1522419845844897792
1522419848676098048
1522419857194684417
1522419864400367618
1522419869295292416
1522419883757252608
1522419885279789056
1522419889658552320
1522419891394985984
1522419894003847168
1522419897720098819
1522419901146619904
1522419901213945859
1522419903810125826
1522419908012912641
1522419918771216384
1522419920839008257
1522419921761751056
1522419934424449025
1522419937377239041
1522419939407450112
1522419940342788096
1522419944146849792
1522419945904263168
1522419948374482944
1522419948919967744
1522419952644509696
1522419952892149760
1522419953311305728
1522419955861499904
1522419959900647424
1522419962857631744
1522419963881046016
1522419964161966080
1522419964623437825
1522419965965520898
1522419966401777669
1522419968016535552
1522419972793843721
1522419973246705664
1522419975830470656
1522419976040337408
1522419981140512769
1522419988325412864
1522419995019468801
1522420010278395904
1522420015701676032
1522420017140310016
1522420022743818240
1522420030436216832
1522420032034283523
1522420031216185344
1522420032860745728
1522420040699723776
1522420045976162309
1522420048840863744
1522420049927151616
1522420053630619648
1522420054406549504
1522420057866973186
1522420059238703104
1522420060228407298
1522420067572531201
1522420068533084161
1522420071594926080
1522420072995766272
1522420077844381698
1522420085792526336
1522420086526590978
1522420088758013960
1522420091257765889
1522420093271093248
1522420094177062914
1522420094026096643
1522420103794479104
1522420104750895105
1522420106931978241
1522420107359703040
1522420108748107776
1522420109251338240
1522420110681640961
1522420117023436800
1522420116876627969
1522420120982892546
1522420139228020737
1522420139295006723
1522420150305230848
1522420151294988288
1522420151718719489
1522420154117894144
1522420154390523904
1522420156638584835
1522420159000059906
1522420160363175938
1522420164599418880
1522420170794455040
1522420179363418114
1522420188091764738
1522420194508902400
1522420194555183104
1522420196111224845
1522420205275824129
1522420207691653120
1522420210141212673
1522420210862485506
1522420227035774979
1522420230072459265
1522420231028813826
1522420235973836801
1522420239450914819
1522420239207706625
1522420240692518913
1522420242110201858
1522420243397754880
1522420245457211394
1522420248183508993
1522420249693659136
1522420252386086912
1522420259625398272
1522420261831729153
1522420268022521857
1522420268739842049
1522420274305679362
1522420288675139590
1522420288742301697
1522420289367420928
1522420290055254016
1522420291657699328
1522420297575632896
1522420298536079360
1522420301270761472
1522420301824409602
1522420307314700288
1522420307956486146
1522420310330548224
1522420322577887233
1522420326843432962
1522420329670447104
1522420329699844096
1522420330354122752
1522420332015099905
1522420333743071237
1522420344606568449
1522420344971309060
1522420345600622592
1522420348343488513
1522420354660110336
1522420354995855360
1522420358682456065
1522420362839216129
1522420365263183872
1522420366903320577
1522420369742872578
1522420370472857600
1522420376415875072
1522420376692834304
1522420377317748736
1522420378844475392
1522420383365828609
1522420387295944705
1522420387618955265
1522420388118028288
1522420396963807232
1522420399165870080
1522420406807842817
1522420410062622722
1522420416836427777
1522420417096470528
1522420416928567296
1522420419193679873
1522420427716325376
1522420428492398592
1522420430149238784
1522420432573501440
1522420436151246848
1522420443839401985
1522420453679190016
1522420455571095553
1522420459060760576
1522420468652941312
1522420471437959168
1522420471752499201
1522420475288301570
1522420476638896129
1522420477725138944
1522420480610689024
1522420482565455876
1522420484175970305
1522420484171730944
1522420487636361218
1522420498273308672
1522420498214395906
1522420502437974017
1522420502500892689
1522420504681926658
1522420508574334981
1522420514991583238
1522420524374056961
1522420527012458497
1522420529885495304
1522420535707279360
1522420535828918272
1522420537062039552
1522420543550599178
1522420549628182530
1522420552417398784
1522420552589144065
1522420555261087745
1522420561812639747
1522420566220804102
1522420570461196288
1522420571727966208
1522420573154217984
1522420573359513602
1522420573443432463
1522420574944993280
1522420575704072194
1522420575985184769
1522420577016897541
1522420580942815233
1522420580947005440
1522420582779957248
1522420585632083968
1522420586995200000
1522420586944901121
1522420596856008704
1522420596872777730
1522420597778751488
1522420605978836992
1522420609568886789
1522420613100576770
1522420613587116032
1522420614241427458
1522420615868989441
1522420618607661057
1522420626002440193
1522420626157453312
1522420626530750464
1522420627008798720
1522420627927412736
1522420631039528960
1522420634659082241
1522420636559507457
1522420636651749376
1522420642007732228
1522420649523744768
1522420651134525440
1522420652040650752
1522420653420388352
1522420653990764546
1522420655257530368
1522420663662923776
1522420667651604481
1522420670449299456
1522420672458379270
1522420674283053056
1522420676732375040
1522420687125815297
1522420702527299586
1522420705350017025
1522420706167824384
1522420710526062592
1522420712937566208
1522420716368445440
1522420721468817409
1522420724429987845
1522420727772758016
1522420728645230592
1522420736270516229
1522420737281298432
1522420737537155072
1522420737654484992
1522420738782756864
1522420739269345282
1522420740024373248
1522420740531888128
1522420743497261056
1522420753051885568
1522420758089187328
1522420762098946048
1522420762581291010
1522420764330405888
1522420764368154624
1522420766582657030
1522420766507253762
1522420771137720320
1522420774522572802
1522420776556716032
1522420776791642112
1522420780138889217
1522420781229256707
1522420781896151040
1522420781523030017
1522420785763205120
1522420794034434050
1522420795959648256
1522420798862016514
1522420802628599809
1522420808261451780
1522420818118074369
1522420820030726153
1522420824518668294
1522420825214828546
1522420825101635584
1522420829044318209
1522420834295779328
1522420837944414208
1522420844210929664
1522420844357734400
1522420845435629568
1522420850028339201
1522420857770942464
1522420859981516800
1522420862925824001
1522420867640213504
1522420867631882242
1522420876376825861
1522420878310522880
1522420881212907521
1522420889349984262
1522420893238149120
1522420899701534720
1522420902117486597
1522420903270916096
1522420905305321473
1522420907444260864
1522420912636706817
1522420917351378945
1522420919712776193
1522420921994252288
1522420922568908802
1522420929007165442
1522420929430704130
1522420930307362817
1522420932379299841
1522420935202160640
1522420935688880130
1522420943515275264
1522420944102379533
1522420956001624064
1522420964776161280
1522420972200022017
1522420986095751168
1522420995629408262
1522420995365257220
1522420997353267205
1522421001325359104
1522421003514695680
1522421005167341568
1522421006433988608
1522421010292781056
1522421014646435842
1522421017355956224
1522421023697686535
1522421028298895362
1522421030299619334
1522421035647262723
1522421039287963648
1522421040667938818
1522421045638148096
1522421050654572544
1522421057021485056
1522421059462615040
1522421068773875712
1522421069596217344
1522421072666279936
1522421075069521929
1522421080048214017
1522421081000361985
1522421082489241605
1522421082925539329
1522421084385067008
1522421085622480897
1522421085823713280
1522421086830346241
1522421090651320327
1522421091972624384
1522421095542018049
1522421096829669377
1522421098977144832
1522421101795684355
1522421101963341826
1522421108103733248
1522421121819488256
1522421126844104704
1522421129222266880
1522421134058217472
1522421135320702976
1522421137476657152
1522421138487349248
1522421143826997248
1522421144409804802
1522421144619741185
1522421158733172738
1522421163846414341
1522421170213113858
1522421174424289281
1522421176320106496
1522421187422277633
1522421191646285824
1522421193915224065
1522421196951891968
1522421207878062081
1522421212995063809
1522421224562991104
1522421232423079937
1522421240333537280
1522421240337682432
1522421241839329281
1522421243483672576
1522421249502285824
1522421250303606784
1522421250924101635
1522421254237609991
1522421263415005187
1522421266912886784
1522421267122606084
1522421273317584896
1522421273762340864
1522421277234978816
1522421278619185158
1522421279386652672
1522421279508340736
1522421285304811522
1522421287892750340
1522421287876018176
1522421288995852291
1522421293500575744
1522421293404020738
1522421294452596761
1522421304435093504
1522421305034878977
1522421308037996563
1522421308671287296
1522421315776430082
1522421317533904896
1522421341613342720
1522421341923811328
1522421344033558529
1522421344096460802
1522421354544390144
1522421354674667520
1522421358088667138
1522421361905446913
1522421362257797120
1522421362211631106
1522421363478339584
1522421387679383555
1522421389159981057
1522421390233804800
1522421392800686082
1522421404259520513
1522421404897095680
1522421412513861632
1522421414275338242
1522421415085056001
1522421418679537664
1522421421296787463
1522421422265671681
1522421426212712448
1522421428875927552
1522421430713208835
1522421430687875072
1522421430171930625
1522421432642416641
1522421437876817920
1522421455723638784
1522421455924957196
1522421455937589250
1522421456336007169
1522421461419450370
1522421477232025601
1522421487608778753
1522421492276936706
1522421493300621313
1522421495993192448
1522421497121357826
1522421497062518784
1522421500258701312
1522421503178022913
1522421504339763201
1522421505606524931
1522421507107999744
1522421507221299202
1522421511730212866
1522421517568692225
1522421523658813441
1522421527270117376
1522421533305880577
1522421534794653697
1522421536065572865
1522421538309427200
1522421541652373504
1522421548019326977
1522421552058306560
1522421552460959745
1522421554226864133
1522421557691396096
1522421568416141312
1522421570957975554
1522421572967215104
1522421582408433672
1522421587550560256
1522421595071037444
1522421599160479744
1522421599319777284
1522421600947163136
1522421605573529601
1522421614230577152
1522421621792944128
1522421623239979008
1522421625479696384
1522421625676775431
1522421626054209537
1522421629221052418
1522421629925605383
1522421639639617536
1522421642256863232
1522421652507746304
1522421655351570432
1522421657012473856
1522421660250513409
1522421662502821890
1522421663480098816
1522421664415457281
1522421671574994944
1522421673093386242
1522421673894551552
1522421675400343552
1522421677543546880
1522421678185271297
1522421681360359424
1522421682115334145
1522421683675488258
1522421688146796544
1522421690059403268
1522421692093460480
1522421700494696450
1522421700960428034
1522421705154744323
1522421709680394241
1522421712184250368
1522421712876449793
1522421715195744256
1522421716579983360
1522421717674700800
1522421720833003520
1522421727011262464
1522421730270134278
1522421730328948738
1522421740550381568
1522421746388799488
1522421750952308737
1522421751975657474
1522421754559438848
1522421756010668032
1522421757126270977
1522421757461909505
1522421758489505793
1522421758762139649
1522421758854266880
1522421762868273152
1522421763103207425
1522421763426115585
1522421764625739776
1522421765951082496
1522421770418114561
1522421772213227520
1522421776978001920
1522421783395250176
1522421795554578433
1522421796691234816
1522421797685243905
1522421804786237440
1522421806782509056
1522421807424450560
1522421808842031104
1522421812705038337
1522421813476741121
1522421814617542656
1522421814777061381
1522421823543119875
1522421824428326917
1522421826223190016
1522421826684698624
1522421827120816139
1522421831118032898
1522421835903684610
1522421837334028289
1522421837791170561
1522421839980548096
1522421841545072640
1522421844015554560
1522421848734117892
1522421850265075715
1522421851208704000
1522421851603021825
1522421851640811522
1522421851862929409
1522421853180080128
1522421853918318592
1522421854002163713
1522421858347458565
1522421866408857600
1522421874206154755
1522421877054058497
1522421880430501888
1522421880619110400
1522421881663631361
1522421885316653056
1522421885698551814
1522421885983670274
1522421889515364353
1522421892979691520
1522421894875652112
1522421896650059776
1522421899934019585
1522421906300977153
1522421913439588364
1522421917935833089
1522421923015188480
1522421926387408896
1522421931416465410
1522421934365057025
1522421938328584210
1522421938286702593
1522421939976945664
1522421943315701762
1522421944573964288
1522421946662723589
1522421950823477248
1522421951653765121
1522421955525152769
1522421955453980673
1522421958394138624
1522421958838738944
1522421960612872192
1522421966761832457
1522421968171110400
1522421968062267392
1522421968779509761
1522421980271624193
1522421982372892672
1522421986135269376
1522421987729100801
1522421987901153281
1522421990900047874
1522421993848688652
1522421993823518721
1522421996843319302
1522422001419395072
1522422004002996225
1522422004728610819
1522422005231853569
1522422008037838848
1522422018578202627
1522422021480722432
1522422023368036352
1522422026148982785
1522422027793096706
1522422028430721025
1522422029177212928
1522422033442877444
1522422033795227650
1522422040623558656
1522422041173016578
1522422043211407362
1522422045836984327
1522422048794066944
1522422049544704001
1522422049645416449
1522422054728962048
1522422063847600136
1522422068016553984
1522422071711707137
1522422077508173839
1522422079202729984
1522422080096067584
1522422084869275650
1522422089646587904
1522422090997313542
1522422091068358675
1522422097372401664
1522422099784216576
1522422101143134212
1522422101298364417
1522422101478621185
1522422107975688192
1522422110676787200
1522422113101041664
1522422119723933697
1522422131686002694
1522422132902449153
1522422140686979072
1522422141366505472
1522422147775442944
1522422150958923776
1522422152099766272
1522422152695214081
1522422152925954055
1522422153613918212
1522422156411686912
1522422157208342529
1522422158005264384
1522422159183912960
1522422160584675328
1522422163751505920
1522422164435222528
1522422168021209088
1522422168491114499
1522422168478433280
1522422170881769472
1522422177496281095
1522422179601829890
1522422184509063168
1522422183963901952
1522422185205317637
1522422188875427840
1522422190183960577
1522422190658011137
1522422191349973005
1522422192574713856
1522422205287702529
1522422207984545792
1522422213256921088
1522422213349097478
1522422214544576515
1522422216247361536
1522422217547603969
1522422229404954626
1522422230860414976
1522422231514685442
1522422233112756225
1522422233431519233
1522422234526195712
1522422247956389889
1522422250372313088
1522422251332771840
1522422256688893954
1522422259327115264
1522422262325993472
1522422264691662849
1522422267153874944
1522422268659486720
1522422270601224192
1522422273407393792
1522422281053650946
1522422287022301184
1522422287672164354
1522422298191568897
1522422300066422788
1522422302847250432
1522422303807705092
1522422304961146880
1522422315446898689
1522422323806097409
1522422327731912704
1522422335793508354
1522422337672515586
1522422342324006912
1522422347629740032
1522422349294936065
1522422350624481280
1522422351828492288
1522422357217976320
1522422361957482498
1522422362053955584
1522422364075610112
1522422368177639427
1522422369456959489
1522422377610678272
1522422378214707205
1522422388436185089
1522422389426077696
1522422390780747777
1522422391766491137
1522422393305800705
1522422393452568576
1522422393658122240
1522422395503529984
1522422398426959875
1522422398724804608
1522422401048453121
1522422401404919809
1522422408220717056
1522422417834258432
1522422420719734784
1522422420887453697
1522422426298109952
1522422430664654848
1522422436247252992
1522422436746125318
1522422447940718597
1522422456727842817
1522422457067610112
1522422459819237376
1522422460750172160
1522422462805327872
1522422470460215296
1522422470711693313
1522422475828695042
1522422476160090112
1522422477112098816
1522422481109360640
1522422483881762817
1522422484447989761
1522422485781823491
1522422487073832961
1522422488709349376
1522422488579334146
1522422489120481281
1522422490601082880
1522422490806554626
1522422491389562881
1522422491947634690
1522422494736654337
1522422494707142658
1522422503989207040
1522422506254225408
1522422510675021824
1522422511408926720
1522422512050745345
1522422513610940416
1522422514605043712
1522422519621369857
1522422519793438720
1522422526596595712
1522422526793719808
1522422529268363265
1522422533529681927
1522422536478203906
1522422537463939072
1522422539724677130
1522422541922574336
1522422555113672704
1522422555876937731
1522422555843383331
1522422561329582080
1522422573602119683
1522422578081837056
1522422592870694912
1522422596238782475
1522422598302375936
1522422601888546820
1522422602903343104
1522422614626652161
1522422615452835890
1522422616757530624
1522422617529061376
1522422621316521986
1522422624604852225
1522422624718135297
1522422626362212352
1522422630766329856
1522422635526864897
1522422635459657728
1522422636877295616
1522422637695496194
1522422638815203329
1522422642594177040
1522422644053843968
1522422645463130115
1522422660751400960
1522422661422493697
1522422663263756288
1522422664106848256
1522422666879188994
1522422667101491203
1522422667667812352
1522422677448757249
1522422686986784769
1522422687053881346
1522422687733329920
1522422690405097472
1522422690639978496
1522422693806723073
1522422704221130752
1522422709333991424
1522422710101368833
1522422712156762112
1522422712202932224
1522422712299311104
1522422713972928514
1522422719605747712
1522422721258295296
1522422731165290496
1522422731412844544
1522422733271109633
1522422736899002374
1522422744062873602
1522422746243903489
1522422747481133057
1522422748756197378
1522422751306342400
1522422753781231616
1522422753915244546
1522422754301075462
1522422754921697285
1522422757736304640
1522422760085110785
1522422763994112010
1522422770159783936
1522422771938361344
1522422771892035584
1522422773402021888
1522422773787893763
1522422775738245122
1522422776304267264
1522422778451972099
1522422784059908097
1522422786790236171
1522422787176079360
1522422789826695168
1522422790321844224
1522422795032047630
1522422798420959232
1522422821330247710
1522422823591022592
1522422829655941120
1522422833414033414
1522422837352534016
1522422837901987840
1522422838673563648
1522422840129163265
1522422844130566145
1522422849146867712
1522422849038094336
1522422850103222289
1522422850686128128
1522422851751583744
1522422858588303360
1522422861574508545
1522422864087220226
1522422864234020864
1522422866427498497
1522422870638530561
1522422873599746048
1522422875864678402
1522422884546842624
1522422885620592641
1522422886283284481
1522422886593699843
1522422890024648704
1522422898492854272
1522422911826644992
1522422913143427072
1522422917262368769
1522422920273870848
1522422920198434817
1522422925311324162
1522422931342700544
1522422938712031233
1522422938921840640
1522422940524072961
1522422942222667776
1522422943766261761
1522422945167065088
1522422947276890113
1522422955904491523
1522422963051851776
1522422965836656641
1522422977756901378
1522422978763497472
1522422979891810306
1522422985717874688
1522422986850115586
1522422989152739329
1522422991052750854
1522422993443508225
1522422997797249029
1522423004088569862
1522423008119377921
1522423014272516098
1522423016000561153
1522423033117487104
1522423043913654272
1522423047822757888
1522423050603581440
1522423052277059584
1522423060883808257
1522423062527975426
1522423063169617922
1522423074175520769
1522423076037742594
1522423078516576257
1522423079057645573
1522423079888117764
1522423081356210182
1522423085147860993
1522423086292869120
1522423091124654081
1522423097323831296
1522423100670988290
1522423108056977410
1522423110733119488
1522423114344599552
1522423117649436672
1522423126952488960
1522423130786045952
1522423132786724866
1522423140978200576
1522423142483902466
1522423146472775685
1522423147584237569
1522423161198886912
1522423162566496257
1522423163174662145
1522423166236246016
1522423167221964801
1522423167960158220
1522423170627735553
1522423171076562944
1522423171567308803
1522423171898658816
1522423172359929857
1522423173786046477
1522423175136563201
1522423177632169985
1522423178634612739
1522423183349014528
1522423183567171584
1522423184628277248
1522423191364423683
1522423192626864130
1522423193398566914
1522423194166206464
1522423195080531969
1522423198050103296
1522423201262886912
1522423211832623107
1522423212973428738
1522423218732421120
1522423227951337472
1522423231692607491
1522423233630416897
1522423239452119042
1522423243017113602
1522423243096928256
1522423244204163075
1522423247752597504
1522423260939444226
1522423263288336384
1522423263997177856
1522423270766743554
1522423276521275392
1522423278693879808
1522423279021088769
1522423280115802132
1522423283521490944
1522423284532404224
1522423285354434560
1522423287200067586
1522423288420569088
1522423290798784517
1522423293114036225
1522423296247095296
1522423300324052992
1522423301741633536
1522423302635065344
1522423310453252110
1522423317453496322
1522423323824640001
1522423326819368978
1522423328543281153
1522423330447446016
1522423334205599744
1522423342053183493
1522423344200626181
1522423344540311553
1522423347300159488
1522423347795091457
1522423355370004482
1522423356708073474
1522423357869903873
1522423361569230848
1522423363200761862
1522423363192430595
1522423363830001665
1522423366652674048
1522423372990328833
1522423376337379334
1522423377956249600
1522423382087716872
1522423382486175744
1522423383929114625
1522423386642829312
1522423387011833858
1522423387494125568
1522423389729734669
1522423391478640640
1522423392170741760
1522423393408233472
1522423394213507073
1522423395664736269
1522423395702525955
1522423402807631873
1522423407547076608
1522423413264027648
1522423413335379968
1522423414497198080
1522423414690037760
1522423414631415808
1522423416648839169
1522423419698126850
1522423421174534144
1522423424081031168
1522423427402981376
1522423429605036032
1522423436546437122
1522423442972291072
1522423446873034752
1522423447623806976
1522423447837499394
1522423450643714049
1522423462530359299
1522423464673562624
1522423467517296640
1522423468876251137
1522423470763745280
1522423472298807296
1522423473821429762
1522423474588983296
1522423478141558784
1522423478686781441
1522423479424929798
1522423481115291649
1522423493438042113
1522423504074858497
1522423507086422017
1522423519409229825
1522423522693464067
1522423526191472644
1522423527386800128
1522423527692980236
1522423530968817664
1522423530872320005
1522423532722008064
1522423539432931328
1522423543560081410
1522423551835344897
1522423553077006338
1522423556310765568
1522423561830342656
1522423565823447051
1522423566498775040
1522423570743365633
1522423574224523264
1522423581120122883
1522423583435366400
1522423587038281731
1522423589965869057
1522423596982886401
1522423597456896000
1522423598312525903
1522423603551211521
1522423606239768576
1522423607632269313
1522423609221918722
1522423611302293504
1522423616050282497
1522423620517216259
1522423621083410433
1522423627509125120
1522423629207973888
1522423630092775424
1522423632353447936
1522423634492542978
1522423639802527745
1522423641128030208
1522423649243910144
1522423653383737344
1522423657196404736
1522423658853003264
1522423661134860291
1522423665698254850
1522423668336386048
1522423668839571457
1522423668567117824
1522423673411538944
1522423674673975299
1522423677102530563
1522423679438577665
1522423679811997707
1522423680210452481
1522423683385643009
1522423684228689920
1522423686124474369
1522423692432662529
1522423693435195392
1522423695301619719
1522423697247776773
1522423697679781888
1522423700347359234
1522423702268391425
1522423704592035841
1522423706986991618
1522423709042098176
1522423708844974080
1522423710321414146
1522423714582777856
1522423715589496832
1522423717464358918
1522423718093500416
1522423722279411714
1522423743770939392
1522423751308193793
1522423753099120640
1522423768756457472
1522423777308647424
1522423779661688838
1522423784824786947
1522423789358882816
1522423791841857537
1522423798091644928
1522423799903399937
1522423800784166915
1522423809999085568
1522423811781578753
1522423817494319114
1522423817725001728
1522423818077315074
1522423827887792130
1522423829036998663
1522423829943009281
1522423833721978880
1522423834149896192
1522423836020518912
1522423838755147780
1522423841359908865
1522423841510809601
1522423842249060352
1522423844031582210
1522423849026940928
1522423850079866882
1522423854513242112
1522423856924921861
1522423858871083009
1522423860091662338
1522423862092312576
1522423862209753091
1522423864952766465
1522423874863906817
1522423882648629248
1522423890647023621
1522423890705891329
1522423891817283585
1522423894879125505
1522423895093137408
1522423899539095552
1522423903590748162
1522423906216390659
1522423907369852930
1522423908107833344
1522423908695253000
1522423919587770370
1522423920732872704
1522423921953460224
1522423923488350208
1522423925212422150
1522423925875093507
1522423927158743042
1522423927951310848
1522423929276710913
1522423931604541441
1522423937459572736
1522423946582372354
1522423948734050304
1522423951414071297
1522423960243163136
1522423961207799808
1522423965427412992
1522423972381564929
1522423972960346112
1522423974088609795
1522423976496095233
1522423977909506048
1522423980719812608
1522423982041018369
1522423991205519361
1522423995366318080
1522423998801498113
1522423998730354688
1522424002471514116
1522424006376370176
1522424009031360516
1522424013104029696
1522424014475563008
1522424016505643015
1522424016862130178
1522424024466440192
1522424028509929472
1522424034767609867
1522424034822180864
1522424043944747009
1522424055055409154
1522424055458054147
1522424056754184193
1522424058071203840
1522424064870162434
1522424066602266624
1522424070087843844
1522424070981275648
1522424072814182401
1522424074500288514
1522424077255733249
1522424078044434432
1522424081399832576
1522424082972741632
1522424087305461760
1522424087443824640
1522424093999513600
1522424098005131264
1522424098290290692
1522424104116277250
1522424108566577153
1522424109044408320
1522424111032459264
1522424116732645378
1522424117366042625
1522424120197062657
1522424120218198018
1522424123267461135
1522424131941281795
1522424140778688512
1522424142309568513
1522424143643303936
1522424143790096386
1522424147414069248
1522424147544006656
1522424155219574785
1522424155911901185
1522424158994456576
1522424160466743296
1522424166749810689
1522424168108769281
1522424170700845059
1522424173066395649
1522424181115265024
1522424183875067905
1522424184831422464
1522424185280204800
1522424187993870337
1522424193312342016
1522424195170414592
1522424196231532547
1522424201864691712
1522424206117511169
1522424208034254849
1522424208487493632
1522424218843074562
1522424228355653632
1522424232994652161
1522424233451978753
1522424234085175296
1522424236438179840
1522424237557911552
1522424238346489856
1522424238451400710
1522424238942167040
1522424239223156738
1522424240502366208
1522424242415054887
1522424243652284416
1522424249360781314
1522424255127896066
1522424259016105986
1522424263373901824
1522424264623890432
1522424267471790080
1522424268893700112
1522424269497679882
1522424274635698177
1522424291807137792
1522424292096544768
1522424299881177100
1522424304197148672
1522424305660825600
1522424305950339073
1522424315828125698
1522424319535718401
1522424322186485760
1522424325630230529
1522424327123132416
1522424332751941633
1522424334152835072
1522424335893291008
1522424335947894784
1522424339479547906
1522424343858401280
1522424347591389184
1522424351349485573
1522424358312022017
1522424360182636545
1522424365639512065
1522424366327345152
1522424367312953344
1522424370420985858
1522424374195798017
1522424374938292229
1522424381879824385
1522424386594160640
1522424390348124160
1522424391623184384
1522424394345242624
1522424395607982081
1522424404541640704
1522424407246921729
1522424409415626753
1522424410778619904
1522424419616174081
1522424420538753029
1522424421750906882
1522424425043402753
1522424426565971985
1522424429212545024
1522424429598416896
1522424430521208832
1522424431464886273
1522424436615376897
1522424437416644608
1522424438632894465
1522424445134069760
1522424449865240576
1522424450137739265
1522424450544775169
1522424451400409089
1522424451710984193
1522424455091347456
1522424459973513218
1522424460724383745
1522424462100283395
1522424462422982656
1522424462863388673
1522424463169626112
1522424466709434368
1522424467363971072
1522424471918989313
1522424474234146819
1522424474699767809
1522424477723906048
1522424488604090369
1522424497244196870
1522424497512538112
1522424502386364418
1522424503455911938
1522424504886124544
1522424509390807042
1522424510712262656
1522424511307685891
1522424511903064064
1522424512800829442
1522424514872762368
1522424515623497733
1522424517645250560
1522424519801118723
1522424524154843138
1522424524591046695
1522424526553899010
1522424528621776900
1522424528772681730
1522424533885480960
1522424540944556032
1522424543507267589
1522424544245465089
1522424559315607553
1522424561362518021
1522424561681190912
1522424571743322113
1522424576415776768
1522424577221181441
1522424578227818500
1522424579158913024
1522424585391640576
1522424591024459777
1522424599018983425
1522424601279713287
1522424601392914432
1522424601623543809
1522424601799761920
1522424604366675972
1522424611291512834
1522424613682171907
1522424614533566465
1522424615187873792
1522424616806932496
1522424617821999105
1522424621710127109
1522424623257767942
1522424624646082561
1522424627737235456
1522424633110192129
1522424637925249026
1522424639879852033
1522424646603268098
1522424649728016386
1522424654165643278
1522424655327412224
1522424655814053904
1522424656476749824
1522424657194156032
1522424662298443788
1522424666287132673
1522424666781937665
1522424671098093568
1522424673891491840
1522424676189880322
1522424677959974912
1522424684964368385
1522424684754931712
1522424686830886912
1522424697769664512
1522424702131658753
1522424703389949952
1522424703364775937
1522424704975441920
1522424705554305025
1522424707370397699
1522424710130286592
1522424710260269056
1522424714802606080
1522424719596785669
1522424721802989568
1522424724692910080
1522424726379016193
1522424727633076224
1522424728438386689
1522424728928935936
1522424731651170306
1522424735845527553
1522424739142279170
1522424739825917953
1522424741948268546
1522424743336595456
1522424746549256192
1522424757710430209
1522424759862112257
1522424759958523921
1522424762726764545
1522424764714954754
1522424765528477696
1522424766480719874
1522424767097278464
1522424767332204544
1522424773623652355
1522424774961549313
1522424777108910081
1522424787146059776
1522424789494898703
1522424789658390529
1522424791260610567
1522424799842107392
1522424800790122497
1522424802937643008
1522424804359512065
1522424808792801280
1522424809090691072
1522424820935593984
1522424843144249344
1522424845803401218
1522424847032324098
1522424851184631808
1522424852392693760
1522424855483797506
1522424855618101249
1522424855718735872
1522424858977701888
1522424861917859840
1522424864971370496
1522424865495605249
1522424869345976321
1522424873016082432
1522424875650105344
1522424881324994560
1522424882021257216
1522424890271440898
1522424891382931462
1522424894360805376
1522424895447130112
1522424897007501315
1522424896927715328
1522424897187811328
1522424899448487936
1522424900471955458
1522424901168209920
1522424902942351360
1522424910521544704
1522424915663769600
1522424924882755584
1522424934105968640
1522424934521356291
1522424938157723649
1522424939072172032
1522424946529611776
1522424947762774019
1522424949050327040
1522424950950354944
1522424953710301184
1522424954607869952
1522424961276813316
1522424962585350144
1522424966628745216
1522424974597922816
1522424975411531776
1522424982655094785
1522424985536671744
1522424990179725312
1522424992238997505
1522424995351257089
1522425000195670018
1522425000183185408
1522425005627346983
1522425008315944960
1522425012367638533
1522425013793607681
1522425015219769344
1522425016436105216
1522425020680650753
1522425023910322177
1522425024321409024
1522425029052534784
1522425029677522945
1522425051123187712
1522425056932077569
1522425061055082496
1522425062913187841
1522425066042109953
1522425068902666240
1522425069368184832
1522425070169296897
1522425070416805888
1522425079598100481
1522425081510649856
1522425086053076993
1522425093414330370
1522425093573468161
1522425093980360707
1522425122988216320
1522425124569423873
1522425131829805056
1522425134916714496
1522425137085263872
1522425137861206016
1522425144291086340
1522425150825771009
1522425151563968512
1522425153128640512
1522425159117901825
1522425160183209988
1522425162221731842
1522425164654383107
1522425165107314688
1522425165950468098
1522425167326195712
1522425172514553856
1522425172828905472
1522425177459597312
1522425187240529920
1522425189698621440
1522425193779671042
1522425194979250177
1522425197340594177
1522425198020026373
1522425206140190720
1522425206618345474
1522425208862388225
1522425213035630594
1522425216466567168
1522425216760258560
1522425217917804559
1522425223630442496
1522425226478432258
1522425227241734144
1522425227573366785
1522425228185329664
1522425229036986369
1522425230236467212
1522425235693256705
1522425238360887297
1522425240684531712
1522425246262910978
1522425247538028544
1522425250427944962
1522425258136981505
1522425258816516100
1522425259101675521
1522425263971307520
1522425265250516992
1522425267226042369
1522425278726823942
1522425284594647041
1522425287530668033
1522425288281722880
1522425288415756289
1522425296150016007
1522425299912253440
1522425304647569408
1522425305138409472
1522425309681025024
1522425320850214912
1522425321810800646
1522425324167962624
1522425325816270849
1522425327963750401
1522425328899080197
1522425330769801240
1522425331319201793
1522425331327639552
1522425332200054786
1522425333135421440
1522425334657863683
1522425339301044224
1522425342052511747
1522425342878752769
1522425346271948803
1522425347261804545
1522425347496546305
1522425352160743425
1522425362797453312
1522425363762225159
1522425364894699521
1522425366111043585
1522425367100809217
1522425369760079872
1522425376944894019
1522425377951473664
1522425382250631171
1522425384054239234
1522425384058372098
1522425386251997184
1522425386205917184
1522425391801147392
1522425395051606018
1522425399170547713
1522425399782821889
1522425409132015616
1522425413271752707
1522425415717081089
1522425416807550978
1522425425246490625
1522425426160885760
1522425426907471872
1522425428484694016
1522425436281896960
1522425436730449922
1522425440761221121
1522425442535456769
1522425451263627267
1522425457710411776
1522425465725726720
1522425471924768768
1522425481009803264
1522425486953140224
1522425490380062721
1522425490677678081
1522425493542391810
1522425496419639296
1522425497275502592
1522425497992507393
1522425501872181248
1522425504845991936
1522425505290629120
1522425506289041410
1522425507207340033
1522425519165394944
1522425532826243072
1522425534160019456
1522425534306791424
1522425539985817602
1522425540828872704
1522425543706218496
1522425543937126400
1522425546222747648
1522425547506212865
1522425550299615232
1522425555584528384
1522425556712763394
1522425559921405954
1522425560902909953
1522425564920918016
1522425565705289728
1522425568414818304
1522425569165684738
1522425573007581185
1522425580217634818
1522425581656289280
1522425585229864961
1522425586236407808
1522425590401449984
1522425592171409408
1522425592909422592
1522425593832230913
1522425611771338752
1522425612962566146
1522425618050203648
1522425618545221632
1522425620898238464
1522425626518597635
1522425626740854784
1522425629353906176
1522425631572643845
1522425633745297408
1522425634051563523
1522425647888482307
1522425649025060865
1522425649104752641
1522425650824495107
1522425650874880000
1522425653051936769
1522425656793083904
1522425659926134786
1522425660395900929
1522425668604149766
1522425670370004992
1522425671766753282
1522425673809379328
1522425677122883584
1522425681203847168
1522425681921064968
1522425683682770947
1522425685994008577
1522425686698479618
1522425686979452929
1522425689546403840
1522425691270168577
1522425693916774412
1522425697519779841
1522425701269262337
1522425704683814912
1522425705279201281
1522425706982125571
1522425708819226624
1522425715236483072
1522425716192780293
1522425720986865665
1522425729543131136
1522425733531938816
1522425744596549633
1522425745863290880
1522425754281291776
1522425759108841477
1522425775013740544
1522425777173798915
1522425777450541056
1522425781305151488
1522425783955951617
1522425789878255616
1522425796002033664
1522425796262076419
1522425799642689536
1522425801932783617
1522425806617784327
1522425806173216771
1522425810438828032
1522425813773262849
1522425822711328770
1522425823256621057
1522425831821357059
1522425834195374081
1522425836372217861
1522425837651386368
1522425839408795649
1522425843435569152
1522425843779256322
1522425844555304962
1522425849080954880
1522425850192441344
1522425850578227202
1522425851849195520
1522425852574810117
1522425858337632256
1522425859138850817
1522425861105799168
1522425863245119489
1522425865115779072
1522425866566963205
1522425869389766656
1522425870799056896
1522425871537164288
1522425872271261696
1522425879699337216
1522425881809018881
1522425890029936640
1522425890663149568
1522425891342667776
1522425892001177600
1522425895306227715
1522425897198010369
