1521308543244468225
1521308544158638080
1521308550106132481
1521308550261506048
1521308551209095169
1521308562332520450
1521308563456544768
1521308564194795520
1521308565054578688
1521308565285347329
1521308565759176705
1521308566593970177
1521308576890990592
1521308577713037317
1521308584956825600
1521308587670319105
1521308588064780288
1521308591982059520
1521308592489607169
1521308602098753536
1521308606989230082
1521308623389048836
1521308626123599874
1521308627931484161
1521308630670315526
1521308632482201600
1521308637196701696
1521308640002682881
1521308640283480064
1521308641365798916
1521308641705398272
1521308643807084544
1521308646210220033
1521308650026975232
1521308653432848392
1521308655517380609
1521308657471922177
1521308658377715712
1521308659233525760
1521308662567948290
1521308665030090757
1521308667085307906
1521308667676545024
1521308676467957760
1521308685317939201
1521308695266791426
1521308695535177728
1521308698806603776
1521308699586973696
1521308701818122242
1521308705295380489
1521308706109104134
1521308710848577536
1521308716339023873
1521308722802434048
1521308727445385216
1521308732470312960
1521308736618438656
1521308737809567745
1521308750455341056
1521308754087747586
1521308758290358273
1521308762400862208
1521308766083465217
1521308768956522498
1521308769610829827
1521308770059657216
1521308780784459779
1521308792725536768
1521308796118867968
1521308801705644032
1521308803794415617
1521308810153017344
1521308811176251392
1521308813260996611
1521308821796311040
1521308822874341377
1521308823037874177
1521308826586292224
1521308837298515975
1521308840762949633
1521308845775081472
1521308849801674752
1521308859381555201
1521308870416781312
1521308880193601537
1521308881120546821
1521308881883906049
1521308889186136065
1521308892914925576
1521308896408879104
1521308897444773889
1521308897616797706
1521308899919474693
1521308900145963008
1521308901081325568
1521308902335336448
1521308903291641856
1521308904227020802
1521308908383522816
1521308913118949377
1521308917686538246
1521308920517742593
1521308924833673217
1521308933251637249
1521308933931114496
1521308937101856769
1521308938884423681
1521308939446538241
1521308941421977600
1521308945188597765
1521308946555973633
1521308947981942784
1521308949936586752
1521308950326439937
1521308959575097346
1521308962926301185
1521308968433377285
1521308982668845058
1521308983478390784
1521308986477273090
1521308994270334978
1521308997042655233
1521308998649139200
1521308999903326210
1521309002088525824
1521309004600909824
1521309010217025538
1521309013719367680
1521309015195668482
1521309022091202560
1521309022179184641
1521309023815049223
1521309023944904706
1521309026377682950
1521309032446844929
1521309035206692865
1521309038998343687
1521309040160165889
1521309040365563906
1521309050218205188
1521309053913337858
1521309054588628993
1521309055981178881
1521309055830134784
1521309057889538049
1521309057906323457
1521309059320016896
1521309059965673472
1521309060859142145
1521309066613739520
1521309068996091905
1521309070195625985
1521309078529753089
1521309078613602308
1521309080387825664
1521309080920330241
1521309085970448392
1521309086196940800
1521309088138858496
1521309091154563073
1521309096380489728
1521309097089458177
1521309100663250945
1521309102240063496
1521309102860914690
1521309108137304064
1521309117834575874
1521309119545806849
1521309126768398337
1521309138835419136
1521309141658406912
1521309144053166083
1521309144556445705
1521309145994997761
1521309147869814784
1521309160012488704
1521309160691974145
1521309164445839361
1521309165351751680
1521309169906819072
1521309172654125058
1521309172230508545
1521309174826778625
1521309176982605824
1521309183546732545
1521309186767921152
1521309187736748033
1521309188114329600
1521309198289674249
1521309198520365057
1521309203561951233
1521309207798054912
1521309214043516931
1521309220032987141
1521309221056389121
1521309225305219072
1521309239397953536
1521309244150198272
1521309249804152832
1521309252723388419
1521309253037961216
1521309263334944769
1521309266593857536
1521309266782605314
1521309267869028352
1521309271362834435
1521309271677415430
1521309271744557056
1521309274709889026
1521309276102402049
1521309279071965186
1521309279579521030
1521309281076883457
1521309286122631168
1521309285917073409
1521309291017293824
1521309292154044416
1521309293898780675
1521309297703071745
1521309300303581184
1521309301977059328
1521309302170005507
1521309304019689478
1521309304321724416
1521309304774553601
1521309304699162624
1521309307597377540
1521309307589046272
1521309309199691782
1521309311456231425
1521309313578508288
1521309317344993281
1521309320796942337
1521309321568604167
1521309323678396417
1521309324341035008
1521309325024632832
1521309327419711488
1521309329806303234
1521309334168383490
1521309343391657985
1521309350287052801
1521309354779156485
1521309366170828800
1521309368893026305
1521309370805407744
1521309372210679808
1521309374714626048
1521309376367284225
1521309379936534528
1521309380934868992
1521309385443753985
1521309393765244930
1521309398617972738
1521309406977302529
1521309408529162240
1521309413067431938
1521309416582230018
1521309421392990214
1521309424379441152
1521309425415426049
1521309426426290178
1521309427571298305
1521309429702004736
1521309431438483457
1521309433615298563
1521309438946258944
1521309438539612160
1521309439873146883
1521309444252082178
1521309443132174337
1521309458730668032
1521309461117390851
1521309465068326912
1521309466733551618
1521309467274526721
1521309467958296579
1521309468537114625
1521309471074439168
1521309472274235397
1521309486627135496
1521309491425333249
1521309496680673280
1521309496726929409
1521309500246011905
1521309503563702272
1521309514141777920
1521309514561118209
1521309515538485250
1521309517920808964
1521309517862080513
1521309518159925248
1521309518885539841
1521309521137876995
1521309523809607684
1521309527592914946
1521309528230449152
1521309534114963458
1521309535046180865
1521309539261468674
1521309540737769473
1521309541652070402
1521309545460609024
1521309545989033984
1521309548530831360
1521309550254919680
1521309556994977797
1521309558773370891
1521309559540928512
1521309559624712197
1521309561076195329
1521309561713397761
1521309563676512256
1521309567833231360
1521309570282438659
1521309571133980672
1521309581007368198
1521309582009810945
1521309583301562368
1521309587009417217
1521309588263419904
1521309591505616896
1521309591723667456
1521309597159632897
1521309610430320641
1521309611344674818
1521309612741304321
1521309614263918594
1521309615958417408
1521309616751005696
1521309617061572608
1521309618286309376
1521309618860920832
1521309621008359425
1521309622899986432
1521309627723530241
1521309629053280257
1521309633880731648
1521309637353517062
1521309639173943296
1521309642810351618
1521309644395741185
1521309644702035971
1521309674041229313
1521309677987975169
1521309684229095426
1521309684338204673
1521309686372323328
1521309686531858434
1521309697156042757
1521309697650741248
1521309699303387138
1521309699429257216
1521309701467738113
1521309702231142403
1521309703464112128
1521309704181460992
1521309705523580931
1521309705804697600
1521309706274410498
1521309710053371905
1521309712226168832
1521309712247050242
1521309714386235393
1521309717200621568
1521309717494177793
1521309726918729730
1521309727652663297
1521309727891902465
1521309743221936128
1521309747122774017
1521309748594987013
1521309753519091714
1521309754244714502
1521309760011870208
1521309760582459392
1521309763602202627
1521309764004757505
1521309767733497856
1521309771185500165
1521309769390243843
1521309772871573506
1521309775299940352
1521309777514668034
1521309779754377217
1521309779838255104
1521309783659356161
1521309785555042304
1521309788000423939
1521309788168241155
1521309789325824012
1521309790064029701
1521309793754894337
1521309795806072833
1521309799262076928
1521309802059780096
1521309803288616961
1521309810892939264
1521309811106885632
1521309812029419520
1521309813099143168
1521309822058180608
1521309825354940417
1521309828001456129
1521309828970332165
1521309829125525507
1521309832531300352
1521309833932247041
1521309837929455624
1521309845076381696
1521309846322225153
1521309851774763008
1521309851728678912
1521309854652145665
1521309858720632838
1521309860012380161
1521309860763103233
1521309864584224773
1521309868673712129
1521309873958494211
1521309873664933890
1521309881344700423
1521309884008042496
1521309884746289154
1521309884565893121
1521309886415572992
1521309893185134592
1521309895634694150
1521309908221960192
1521309909429764101
1521309914286764036
1521309914425036800
1521309916136304640
1521309916144807940
1521309918875328517
1521309922201415684
1521309928585154560
1521309928975212544
1521309931416305665
1521309935623098368
1521309935669239809
1521309936453660678
1521309939213701120
1521309940064919555
1521309943852322817
1521309944426938371
1521309953876578305
1521309954887454725
1521309960562425859
1521309962797993986
1521309962915483649
1521309963020341250
1521309964471525377
1521309972675829760
1521309974537949186
1521309976454701070
1521309978182795270
1521309978514149379
1521309978899927042
1521309986365874180
1521309990635646977
1521309992544096262
1521309992543993857
1521309998047019010
1521309998038589440
1521309998730518528
1521310001104576515
1521310004195696640
1521310007769378818
1521310009837166593
1521310012517359616
1521310013003898882
1521310023997087746
1521310026333360129
1521310030905196546
1521310032650027010
1521310033379840001
1521310034357104640
1521310038152855552
1521310045585219584
1521310048047316992
1521310051503251457
1521310053482958849
1521310059074146304
1521310059770253312
1521310062203084800
1521310062668619776
1521310066988617730
1521310067898957824
1521310077084385280
1521310079051522048
1521310081152921601
1521310085494067201
1521310092163006464
1521310096738988034
1521310098139852801
1521310099653861376
1521310100832595968
1521310101415645185
1521310103978266625
1521310105131757568
1521310106067087361
1521310106675294208
1521310109888045056
1521310113818202113
1521310115470659584
1521310116523515904
1521310135733399552
1521310137214025729
1521310137708916742
1521310139185352706
1521310142788034561
1521310144897900544
1521310154427412481
1521310155157164032
1521310156474171395
1521310156713336840
1521310157476610050
1521310158143598593
1521310159699689473
1521310161226412034
1521310161708662784
1521310162706915330
1521310162975436800
1521310164585963522
1521310165714321408
1521310169430429696
1521310183846256640
1521310184781774850
1521310184982945793
1521310187063283717
1521310188988420096
1521310187902185475
1521310194218803200
1521310196689158145
1521310198488477696
1521310199067336705
1521310198757007365
1521310202842075136
1521310204364742657
1521310204318691331
1521310205765632000
1521310208034852866
1521310211314700290
1521310211692191744
1521310225957113858
1521310235608203264
1521310239404216321
1521310243107622914
1521310243199893506
1521310249566699521
1521310251055820801
1521310252649439232
1521310253043920898
1521310258639036416
1521310265911832576
1521310268529451010
1521310271796563968
1521310275424727041
1521310277018468360
1521310278243258368
1521310279535050753
1521310281632210944
1521310294303252482
1521310295049785345
1521310295653687296
1521310296559820803
1521310298912735233
1521310306626150400
1521310306932125696
1521310307414515713
1521310313374793729
1521310314528137217
1521310314649825280
1521310315476144128
1521310318345191424
1521310319813005321
1521310326893027331
1521310329380261895
1521310334329495555
1521310336783368194
1521310336766418945
1521310348783112193
1521310349294592001
1521310351161126912
1521310353275109378
1521310355934355462
1521310357054181376
1521310360740970497
1521310362154455048
1521310366822809602
1521310368697839616
1521310372254388229
1521310378432638978
1521310386305310720
1521310386473029632
1521310387513212928
1521310388356358146
1521310388981313537
1521310390579302401
1521310390575058945
1521310391275425793
1521310395289452544
1521310396719812608
1521310402818179072
1521310413757063168
1521310415682248705
1521310415841636352
1521310421000589314
1521310422246305793
1521310426260250624
1521310427342331905
1521310430291009536
1521310432228741120
1521310433226993666
1521310433751322626
1521310437907652608
1521310438096527366
1521310438276972545
1521310440583741444
1521310441561022471
1521310442785808384
1521310443679395840
1521310446254542851
1521310448003567616
1521310448875974657
1521310450335596546
1521310450385932288
1521310454500442112
1521310454605250560
1521310457801367552
1521310459680509955
1521310461593071616
1521310465573462016
1521310465791602688
1521310469960749056
1521310472951283713
1521310474314387459
1521310479590821894
1521310485454508033
1521310486192664577
1521310486737862659
1521310488164192257
1521310500872757254
1521310500801372162
1521310501015531520
1521310506144915459
1521310506954412037
1521310509429149696
1521310511710806017
1521310514852204545
1521310521928073216
1521310522288836610
1521310522389508096
1521310526009225218
1521310527544246275
1521310529679237120
1521310532082434049
1521310533399773185
1521310534011871235
1521310533772795904
1521310535521812481
1521310536398299137
1521310543864336388
1521310555314741249
1521310558435295232
1521310561304297473
1521310572977045504
1521310575191486464
1521310575451848704
1521310582447689728
1521310586864291841
1521310589108342784
1521310591016706050
1521310595047337984
1521310595026501637
1521310595919843334
1521310597031374853
1521310609798832130
1521310615889133570
1521310616186593280
1521310618283827201
1521310621039476739
1521310620246757376
1521310622889263104
1521310624176873473
1521310632255107072
1521310641486802944
1521310641943810051
1521310643990708226
1521310645735641088
1521310650525536260
1521310662604910592
1521310665482326016
1521310666367414272
1521310667579527169
1521310667982221315
1521310671618641920
1521310673845641216
1521310676928630785
1521310677255733248
1521310683882741760
1521310684025614336
1521310690916589568
1521310696394432514
1521310698801971201
1521310698646740994
1521310701557538818
1521310701536657409
1521310703541436416
1521310705453965312
1521310707282755586
1521310714660536323
1521310720910000128
1521310747984158720
1521310750085718016
1521310756087685122
1521310763662589952
1521310764098895872
1521310764870639616
1521310764388261888
1521310768821534720
1521310773926105089
1521310778355183616
1521310780435673092
1521310781748531200
1521310786748137473
1521310787796709377
1521310789205905409
1521310790699163651
1521310792888594437
1521310792850759682
1521310797263097856
1521310798781374464
1521310804351623168
1521310809510580228
1521310810370449408
1521310813776007170
1521310815982391296
1521310819291738113
1521310827432841216
1521310841743753217
1521310844688216066
1521310849067012096
1521310851726290944
1521310855417184257
1521310865244528640
1521310867207434242
1521310868096569345
1521310867870076930
1521310870780919809
1521310871884083200
1521310873695969283
1521310874853588993
1521310876011216896
1521310882277605376
1521310882445283328
1521310885045850112
1521310888963227651
1521310890724708352
1521310891743924224
1521310894864707585
1521310898450747394
1521310898836721666
1521310899805564930
1521310903244840960
1521310905354670081
1521310907158372352
1521310907397246976
1521310907481178113
1521310912640163851
1521310914003230721
1521310914028482562
1521310918625226753
1521310919049072641
1521310922328920069
1521310925516644353
1521310927710089217
1521310930570776576
1521310936526639104
1521310938669805568
1521310950770413568
1521310953635258368
1521310954612535305
1521310957263368192
1521310958957875207
1521310963248545797
1521310965605691393
1521310967782645761
1521310967988367360
1521310970131501057
1521310972211867657
1521310973965053952
1521310974376132609
1521310977052061698
1521310988477292547
1521310990310141952
1521310991853760513
1521310995431440387
1521310997834833920
1521311000724742144
1521311002872086533
1521311005954949121
1521311007527768064
1521311008140058624
1521311012380495872
1521311013072740353
1521311016096870401
1521311016302301184
1521311023575224320
1521311023252262913
1521311033045962752
1521311037772816384
1521311047566589952
1521311052792799235
1521311055544205317
1521311058484465664
1521311059956617216
1521311061462462464
1521311061873410056
1521311069943308289
1521311075702091778
1521311075697709061
1521311082995986435
1521311092156289024
1521311095675179008
1521311095650201600
1521311096329494528
1521311102709207041
1521311102810099712
1521311104042995712
1521311106970669056
1521311107167760384
1521311107855568896
1521311110841999362
1521311114583474176
1521311121852059648
1521311131104681984
1521311131574448128
1521311133600256000
1521311135647023106
1521311136729214976
1521311138151112709
1521311139367317505
1521311143486275585
1521311145461751809
1521311148989161472
1521311149643476993
1521311156668977153
1521311157407072261
1521311159596597250
1521311160565440512
1521311161341423619
1521311161874108418
1521311164680097793
1521311168941498370
1521311170438868992
1521311177044811777
1521311178999357445
1521311186935070721
1521311187635294209
1521311191473262593
1521311192748158976
1521311194111483905
1521311196158255104
1521311198733496320
1521311200637857792
1521311203364118530
1521311205435998209
1521311212537057283
1521311212725841920
1521311215481409538
1521311216911716352
1521311223341584384
1521311224021282817
1521311225711374338
1521311226021793798
1521311230257876993
1521311232141283328
1521311233693130753
1521311233634447362
1521311237849636864
1521311247131627520
1521311249996333056
1521311252500332545
1521311253582409729
1521311254589157376
1521311259513270272
1521311261870469120
1521311264517017604
1521311264911278080
1521311268254236675
1521311272033157121
1521311274839199840
1521311275816468481
1521311275879473155
1521311276039024640
1521311276550479875
1521311279314575360
1521311285836668929
1521311287426306048
1521311290467426304
1521311295391338496
1521311297907957762
1521311298239225856
1521311302899187712
1521311304476205058
1521311305793404929
1521311314039250945
1521311317398745088
1521311318648803329
1521311319848271875
1521311320628473856
1521311331252523008
1521311332875784193
1521311336130658304
1521311342841446401
1521311343957221379
1521311344422793216
1521311344577990656
1521311347010637836
1521311348109549570
1521311355600621568
1521311357890670592
1521311358196793346
1521311361204166657
1521311361648713728
1521311361757761536
1521311363053895680
1521311364123398146
1521311367956996096
1521311368158187520
1521311374927933441
1521311378153353220
1521311378774138886
1521311389041643520
1521311390962790401
1521311392007077888
1521311392015556608
1521311398109888512
1521311401305903105
1521311402375401474
1521311403550076928
1521311412924071937
1521311416493305856
1521311416816394241
1521311416896028674
1521311418728996864
1521311428753321984
1521311439184662528
1521311439855792128
1521311442074583040
1521311450651926529
1521311452694417409
1521311457073369088
1521311457706749952
1521311460642668544
1521311463507382282
1521311465503830016
1521311467852767232
1521311468699983872
1521311473758347264
1521311476366991360
1521311481446424579
1521311482738360323
1521311483480662016
1521311484797620224
1521311485653401601
1521311494159441920
1521311496139157504
1521311497225392129
1521311498273964040
1521311503080640514
1521311503063953408
1521311503152029701
1521311504208912384
1521311504863268866
1521311504720666624
1521311506041917441
1521311507098783745
1521311508629581824
1521311510290735106
1521311511041482755
1521311511322451969
1521311518201102336
1521311524588953600
1521311526015184896
1521311529433501696
1521311539495583744
1521311542716813312
1521311559905017858
1521311560693694469
1521311564409847809
1521311572668428288
1521311577760219137
1521311579584794637
1521311582273384449
1521311585901416450
1521311591127527425
1521311593492979712
1521311596533874688
1521311609800605703
1521311612086411270
1521311613437022208
1521311617757048832
1521311620928057349
1521311633712332800
1521311636778151936
1521311638166679552
1521311638216925185
1521311638841872384
1521311640117039105
1521311640519651330
1521311652079144960
1521311652330840065
1521311654138552323
1521311657758232576
1521311657980354560
1521311658202783744
1521311658676678656
1521311662841733120
1521311662690779138
1521311667229011971
1521311669850419202
1521311670597033990
1521311675542085633
1521311677773361152
1521311679669276673
1521311683771346944
1521311684413079552
1521311685230870533
1521311689207123968
1521311696693911553
1521311698422050819
1521311699944587264
1521311703950295040
1521311708144353282
1521311708828123140
1521311709943713792
1521311711306915841
1521311713294831617
1521311714020663296
1521311719712251904
1521311724372217857
1521311726288789506
1521311726653906944
1521311726901338113
1521311728147087365
1521311737424883714
1521311751861522432
1521311752826552321
1521311753405091840
1521311755888218117
1521311756064333824
1521311759516446721
1521311760514523136
1521311765086175235
1521311768055889920
1521311773831348224
1521311774179483649
1521311774603157507
1521311779636273152
1521311780915621891
1521311783021076480
1521311785042722821
1521311791422320640
1521311792307212289
1521311792391245832
1521311794488397824
1521311800272240640
1521311808832913411
1521311812280627206
1521311812360318976
1521311814604185605
1521311818752352257
1521311820350427141
1521311823621992448
1521311827774230528
1521311830995521536
1521311834707480576
1521311836322291712
1521311836838187008
1521311841326190593
1521311842114617346
1521311843398000641
1521311844383662081
1521311844559998979
1521311844773908486
1521311845914710016
1521311850390253568
1521311850801111040
1521311852801794048
1521311855335337984
1521311855276351490
1521311858510155776
1521311860619939841
1521311862255767553
1521311868794683394
1521311868865892354
1521311871105744896
1521311872833798149
1521311876172455939
1521311884347064323
1521311883927732225
1521311889854242818
1521311896799961089
1521311899635392512
1521311903091412992
1521311910855065600
1521311914185588737
1521311919759675393
1521311920485277699
1521311922779574272
1521311924327272448
1521311925463924741
1521311925950312448
1521311927309578240
1521311931667165184
1521311933307232257
1521311935186317312
1521311941037367297
1521311942295576580
1521311943537180673
1521311945558790145
1521311949732126720
1521311953691549697
1521311955591565313
1521311958179454977
1521311960180088835
1521311966828015616
1521311967545372672
1521311971060199426
1521311976470818817
1521311983081074688
1521311984322555910
1521311985828175875
1521311988604878848
1521311990106447872
1521311990362554368
1521311993336107010
1521311995361906689
1521311997907902465
1521311999891849217
1521312000185352192
1521312001905106944
1521312007215099905
1521312007512748033
1521312008100007937
1521312011744956416
1521312016719302656
1521312018392924161
1521312025858641921
1521312030648508416
1521312043776856064
1521312043911024649
1521312047404834817
1521312052337430528
1521312056665911296
1521312057433673728
1521312058234523650
1521312059492904962
1521312059929108480
1521312060491317248
1521312063510953986
1521312065884983298
1521312067944390656
1521312080741158914
1521312082511073282
1521312089066852352
1521312089356128256
1521312091553996801
1521312094766964736
1521312097967251462
1521312103369482241
1521312104954929154
1521312112890441728
1521312113653952513
1521312116472430602
1521312117080567808
1521312124693274624
1521312132209561604
1521312138320433154
1521312139704778753
1521312151935369217
1521312152505700352
1521312152987987968
1521312155009785856
1521312159283630080
1521312160210735105
1521312165348757504
1521312169572409344
1521312171111727104
1521312175112998915
1521312177210200067
1521312180473241600
1521312180901232644
1521312181706539008
1521312184038563840
1521312186991357954
1521312187842588672
1521312190921379841
1521312191235854337
1521312194708844544
1521312202124312576
1521312204456300545
1521312205848952833
1521312206805159941
1521312207170064384
1521312213637738496
1521312221699219460
1521312222009454592
1521312226824663045
1521312229471236097
1521312233644515329
1521312237444419586
1521312245149536258
1521312245770502144
1521312248194646016
1521312250362941440
1521312251675922449
1521312254871941121
1521312268780294148
1521312277374283777
1521312277592297472
1521312278557212672
1521312281715523584
1521312289713963008
1521312290863292417
1521312296584294402
1521312302326239232
1521312302619926528
1521312303689445376
1521312304347951106
1521312315903205381
1521312321813069827
1521312322727206912
1521312325147537408
1521312328406470656
1521312328356188164
1521312332302929920
1521312336484646913
1521312339290734592
1521312346802733063
1521312347704418304
1521312355635896322
1521312357678559232
1521312357569335296
1521312357913407488
1521312358379196417
1521312361616924672
1521312361524649987
1521312373839118344
1521312375172907009
1521312375575564288
1521312375604973568
1521312376061976576
1521312376787718145
1521312378960371712
1521312382546583552
1521312383750316032
1521312386392760321
1521312387667795968
1521312388435296264
1521312402352054273
1521312408911892485
1521312412737150976
1521312416688226304
1521312418311200769
1521312427337555971
1521312428558008327
1521312435176497153
1521312437349269505
1521312439912050688
1521312443397455875
1521312446111264769
1521312447822536705
1521312449462427650
1521312458492813314
1521312460199895041
1521312472895995912
1521312478457737217
1521312478369656836
1521312479820894208
1521312480663904256
1521312486393323520
1521312489920737280
1521312490809876486
1521312492458332160
1521312492894531584
1521312494077284356
1521312496560357377
1521312506085478402
1521312507541004289
1521312507687673859
1521312514675331074
1521312515917033472
1521312518693699587
1521312523336699904
1521312526914535424
1521312529267494912
1521312532811726848
1521312533159854080
1521312534325862401
1521312536804708352
1521312538751037440
1521312543146393602
1521312548569550848
1521312550503264258
1521312553388974081
1521312556958294017
1521312557369335808
1521312557717495808
1521312572280086528
1521312574070947841
1521312578038812672
1521312584758083584
1521312590424649728
1521312591112544256
1521312592978927617
1521312600214192139
1521312605327011841
1521312609005412352
1521312608959217665
1521312611249184768
1521312611312312321
1521312613342269441
1521312613904400388
1521312616898912256
1521312627707813888
1521312635580469249
1521312635572166661
1521312635584749568
1521312635626475520
1521312639221178369
1521312640873955328
1521312649409146880
1521312659467079682
1521312662130417666
1521312662629629954
1521312664621879296
1521312668367400961
1521312670586130435
1521312671886364675
1521312675262869504
1521312684481916929
1521312689674506240
1521312691364798467
1521312692195274753
1521312694082719744
1521312694565064706
1521312697496784896
1521312705294053377
1521312708544634881
1521312711325405189
1521312712206143489
1521312715142320128
1521312720523599873
1521312722717229057
1521312724667490305
1521312728886960135
1521312734985474048
1521312743634132995
1521312745886388225
1521312748935823360
1521312754212216832
1521312755365601280
1521312756514885638
1521312761103503360
1521312769064189952
1521312777406713856
1521312778220457996
1521312779344429059
1521312789188558854
1521312793496010754
1521312793902862338
1521312796620824578
1521312798885785601
1521312799967879168
1521312812412325896
1521312812424957958
1521312814798942210
1521312822898143233
1521312827272830978
1521312829193826304
1521312832868003841
1521312834671583238
1521312834885464071
1521312835485188101
1521312835707576321
1521312837767155712
1521312838899404800
1521312839893409793
1521312840489046016
1521312860504264704
1521312861380919297
1521312862198812679
1521312863884697603
1521312867257044995
1521312873724719107
1521312877361119235
1521312883015139328
1521312883833032709
1521312883908300800
1521312885867225090
1521312888006365184
1521312891579871232
1521312897376428035
1521312900110970880
1521312904800354306
1521312904682876935
1521312906171850754
1521312911301529602
1521312913709015041
1521312919635603456
1521312920306864128
1521312925016801280
1521312927327924226
1521312930540699648
1521312931602124800
1521312931979599873
1521312932159754241
1521312938719686660
1521312943589105664
1521312946944622599
1521312952502128643
1521312955538853893
1521312960550944768
1521312962673360901
1521312963210072065
1521312965659668481
1521312970579804160
1521312974673166336
1521312975495254018
1521312976095043587
1521312980377427968
1521312980884807681
1521312987000229888
1521312990414315520
1521312991614062592
1521312995686637568
1521312998756954115
1521312999889412096
1521313001990668295
1521313003622342658
1521313008303185921
1521313010391957506
1521313011046223873
1521313022391816195
1521313023109091329
1521313024145084418
1521313026078613507
1521313026292527106
1521313027106254856
1521313027907223552
1521313035310166016
1521313035415171073
1521313038669959168
1521313039256997888
1521313042000224264
1521313043220627457
1521313047310225416
1521313047616401412
1521313051449999361
1521313052985114626
1521313054809542657
1521313054964830210
1521313056671690752
1521313058177626113
1521313058966183938
1521313069644795905
1521313069883969536
1521313072438259713
1521313073805643782
1521313076615729155
1521313078423527428
1521313079593779200
1521313086799589376
1521313088603045890
1521313089265750016
1521313098136649729
1521313098505805824
1521313100544155648
1521313102771466243
1521313111457681409
1521313126913765376
1521313132014145544
1521313135680004097
1521313142722207744
1521313143628124166
1521313155032526848
1521313157943287808
1521313167489605632
1521313170152988672
1521313176675143680
1521313178025701378
1521313181838282766
1521313187370520577
1521313187865321472
1521313190331789313
1521313193947107328
1521313204021903362
1521313204047171586
1521313206123302913
1521313209424224257
1521313211039035399
1521313215606579200
1521313216869117952
1521313219402473478
1521313220102959106
1521313222707580928
1521313224070598656
1521313225152806914
1521313227103252480
1521313232593596416
1521313236594819072
1521313237488254980
1521313238381735936
1521313246812114944
1521313247495868418
1521313251618922499
1521313252092825602
1521313255725096960
1521313262784057345
1521313264700956672
1521313268438122496
1521313268467392516
1521313274284945408
1521313276554092544
1521313276579225602
1521313281146818560
1521313286611816448
1521313289237667840
1521313290021974016
1521313291083128833
1521313291544317952
1521313296590254085
1521313298846818304
1521313299203198976
1521313303003238400
1521313304244760576
1521313307935879168
1521313310859214848
1521313311777828865
1521313312746655746
1521313316718665728
1521313317725290496
1521313322481725441
1521313326289997824
1521313327456174080
1521313331289767937
1521313332338196481
1521313338050895872
1521313347190337537
1521313349618786304
1521313349497143300
1521313355427987457
1521313360955990019
1521313368270856196
1521313376454033408
1521313379037626368
1521313383156527104
1521313385664503808
1521313385664626688
1521313387396964354
1521313392753102849
1521313392799195136
1521313395873562629
1521313396481839104
1521313396666294274
1521313397568008193
1521313397559681024
1521313403158990850
1521313407428747264
1521313410738278400
1521313411107332096
1521313416769638412
1521313420200624128
1521313420183842820
1521313423958503426
1521313425682538498
1521313426194247680
1521313441205481472
1521313447417364486
1521313449271300097
1521313449996865536
1521313450915422210
1521313451527835648
1521313452387708935
1521313454228975620
1521313457320206336
1521313460318920704
1521313464014323712
1521313464798613511
1521313471211712512
1521313484864208896
1521313484645953537
1521313487276101632
1521313487724679168
1521313493319831553
1521313494276231169
1521313500781502465
1521313501737897989
1521313505458196481
1521313505936293892
1521313510482980864
1521313512018124800
1521313518091485184
1521313521794957314
1521313522596077568
1521313523472732164
1521313524919816198
1521313533341884417
1521313539155181574
1521313540950441985
1521313551398416384
1521313555362074625
1521313567013847040
1521313571472232448
1521313572491567105
1521313578166497280
1521313580057989121
1521313580909580290
1521313581094117378
1521313581710589953
1521313583979712513
1521313588908019714
1521313595111399424
1521313603504193538
1521313606167576576
1521313607404896263
1521313608482926592
1521313611184017414
1521313620017434625
1521313626124132353
1521313635909390337
1521313638438612993
1521313638715473925
1521313639969574912
1521313642532290561
1521313644201578496
1521313645250191360
1521313654658019330
1521313658411929600
1521313660198662144
1521313666410426368
1521313671061852166
1521313671808360449
1521313671909101568
1521313674220212225
1521313675725877248
1521313678540165120
1521313679932895236
1521313682419974144
1521313682533326848
1521313682764222464
1521313684483710977
1521313684538101760
1521313685901299714
1521313687235084289
1521313688187199488
1521313690146029570
1521313703488065538
1521313707996897281
1521313715450257413
1521313719388708866
1521313721091567618
1521313726913257474
1521313733431242755
1521313733536096262
1521313734769188866
1521313741492658178
1521313742595710977
1521313762690711552
1521313762854199299
1521313763508502532
1521313763890184194
1521313765597356035
1521313771980869632
1521313772975304705
1521313776699686914
1521313779962810370
1521313788687011840
1521313790565961729
1521313795917987841
1521313799546052610
1521313800602980353
1521313801332744192
1521313801555042304
1521313805405458432
1521313812443455488
1521313816793038852
1521313818009346050
1521313818227449856
1521313820920135683
1521313830143373317
1521313833620451328
1521313835461840897
1521313835470176257
1521313839748427777
1521313842009149440
1521313842810159104
1521313842927706112
1521313844013973504
1521313849626054656
1521313850104102912
1521313858119507971
1521313867699212293
1521313872313032704
1521313874728951808
1521313884350693376
1521313885378252800
1521313901765283843
1521313907394052096
1521313914704871425
1521313918144159744
1521313920866295808
1521313923068268544
1521313925027008512
1521313927799488512
1521313932706820096
1521313933269020673
1521313933197340673
1521313934917124098
1521313937660301315
1521313941242138626
1521313942588567552
1521313947592404993
1521313952310956035
1521313958598258690
1521313961207083009
1521313962964492291
1521313964390502401
1521313965531439105
1521313965774671872
1521313969318866944
1521313970933878784
1521313974993698823
1521313979695570949
1521313986158940161
1521313986712588288
1521313992219807744
1521313993016717314
1521313992987525120
1521313995692691456
1521313997408157697
1521313998477660162
1521313998657839105
1521313999421415424
1521314005725417473
1521314009412255746
1521314016978784257
1521314021223374848
1521314024637538305
1521314032791302144
1521314035232387073
1521314036373204993
1521314041075060736
1521314048138428417
1521314049413242880
1521314050747027462
1521314055465676802
1521314057931956225
1521314061434109953
1521314067289280512
1521314067796971521
1521314069751513089
1521314070154125312
1521314070842023936
1521314086159532033
1521314086105100289
1521314087057215489
1521314089116606464
1521314089426956289
1521314093021515782
1521314093377990659
1521314094242050048
1521314098537013250
1521314099199623173
1521314101066178561
1521314112013185024
1521314124038291462
1521314124445241344
1521314125124677636
1521314126223523840
1521314134872281088
1521314135274770432
1521314136176664583
1521314137585893377
1521314139041411073
1521314141750845441
1521314145290932231
1521314148675633152
1521314149124513797
1521314150684712960
1521314153947934720
1521314158909837312
1521314160570781697
1521314164379168769
1521314167038386176
1521314168275705857
1521314182175633413
1521314183337414661
1521314188605464577
1521314192141258758
1521314193005322240
1521314193361747968
1521314197317033984
1521314198747336705
1521314201733668865
1521314209837064200
1521314210206081024
1521314218603163649
1521314221912657921
1521314223476912129
1521314225687121920
1521314225985146880
1521314229244071937
1521314230850527232
1521314231139848193
1521314232519770114
1521314233883013127
1521314234784567296
1521314235887894528
1521314236948918272
1521314241638240256
1521314243705987072
1521314249502515202
1521314251285024768
1521314253055180804
1521314253919035392
1521314255861174284
1521314257836589059
1521314261645025283
1521314263134052357
1521314269790445568
1521314271891795976
1521314272592248832
1521314277503733760
1521314278623662080
1521314278581678080
1521314279290552320
1521314285221302274
1521314288408748032
1521314288643751944
1521314289042264064
1521314295950508032
1521314299595141120
1521314299901362182
1521314301520326657
1521314302979944448
1521314307664973824
1521314313906106375
1521314325142536192
1521314326031699968
1521314327709597702
1521314339767996416
1521314340355420162
1521314340762173447
1521314341236232193
1521314341605285888
1521314346315354113
1521314347909320704
1521314348991455233
1521314351512264705
1521314354871902209
1521314355920486401
1521314357317144581
1521314358957068289
1521314360437714945
1521314362085888000
1521314365651234816
1521314367417028609
1521314370248138752
1521314375017111552
1521314383527555072
1521314388816322565
1521314389214863360
1521314393606303745
1521314395846057984
1521314396085145604
1521314402015887369
1521314403232235524
1521314403588579329
1521314404674932736
1521314405950099458
1521314406768197632
1521314408491667457
1521314408840024064
1521314413348798465
1521314420634312704
1521314422228242432
1521314430109290497
1521314432252530690
1521314432445464582
1521314432520970242
1521314434752335883
1521314435004092417
1521314438015500289
1521314440448299009
1521314444906840064
1521314450149621762
1521314450632028162
1521314451927957504
1521314455904268294
1521314459012276224
1521314459180015616
1521314460031410176
1521314460950011910
1521314465500655616
1521314472362717186
1521314472807309313
1521314473298083841
1521314475831435264
1521314481879592961
1521314485159571456
1521314485033738249
1521314488909242368
1521314500422553601
1521314501005660161
1521314508039507969
1521314516050530304
1521314517288108033
1521314522392416256
1521314523415785472
1521314524069990400
1521314533733650434
1521314533897392133
1521314536602714112
1521314540205580288
1521314549525266434
1521314551622475777
1521314553874857989
1521314558262059008
1521314562007453697
1521314569091792901
1521314571633504258
1521314575668416514
1521314579673976833
1521314582559698945
1521314586535804928
1521314587152465921
1521314592072286212
1521314595188711424
1521314595276734464
1521314595687866370
1521314595641737217
1521314597550145537
1521314604155949056
1521314606848909313
1521314606999904261
1521314608522436616
1521314612007911424
1521314618181931010
1521314620195151876
1521314620505755649
1521314624410243072
1521314639786696704
1521314642303361034
1521314648183685120
1521314649903452162
1521314649899106304
1521314658476752897
1521314658631704577
1521314658728255488
1521314661697605633
1521314663778381825
1521314665116184576
1521314668190523392
1521314668806955008
1521314672514936832
1521314677388906497
1521314683181051904
1521314688801423361
1521314689543725056
1521314690181308418
1521314691720654849
1521314694119792642
1521314694379806721
1521314694564302852
1521314694648238081
1521314697974362112
1521314708678135809
1521314708623527936
1521314710347558913
1521314715145842690
1521314721105911809
1521314729452576771
1521314733005197314
1521314735815286784
1521314741322457088
1521314746305335298
1521314747349614594
1521314749908086784
1521314751510372355
1521314753154535424
1521314767343865856
1521314769160048641
1521314771231989761
1521314773798998018
1521314774130249728
1521314774708998145
1521314776831299585
1521314780413415425
1521314785282822146
1521314788634148867
1521314793994530816
1521314807344947200
1521314809135915008
1521314811191115776
1521314813619671042
1521314816228401153
1521314816287150080
1521314818233446400
1521314819667857411
1521314826353799168
1521314828236857348
1521314830187212800
1521314831948779521
1521314832582320128
1521314839238434816
1521314839800389632
1521314841742426115
1521314843004915714
1521314844410011648
1521314844514959360
1521314844707799041
1521314845420830721
1521314845467029505
1521314846725267460
1521314848709255169
1521314851661963265
1521314852786085889
1521314853218131971
1521314853993996288
1521314856477114368
1521314859538866178
1521314867218583552
1521314872738332675
1521314876370481152
1521314879373811713
1521314882938806272
1521314885715599360
1521314887145771008
1521314887733022721
1521314894716407808
1521314898713661440
1521314901641289731
1521314902404747266
1521314909644115973
1521314909916643331
1521314910885531648
1521314911615434754
1521314913058279424
1521314917810331648
1521314923795648513
1521314924911243264
1521314925343395840
1521314929067933701
1521314930846310403
1521314933912203266
1521314939876560896
1521314943265517568
1521314947564818432
1521314948533661696
1521314950052028416
1521314950135877633
1521314956402053121
1521314961175236608
1521314967164801024
1521314968683126784
1521314970172067853
1521314974991151104
1521314976043921408
1521314976782331904
1521314991361638401
1521314996290002947
1521314997590282240
1521314999368654849
1521315003378282496
1521315006607941632
1521315007698456579
1521315013104848898
1521315016758206464
1521315025109069832
1521315025528541184
1521315028145737729
1521315035792003073
1521315038140993536
1521315041701629952
1521315050945978368
1521315053114466304
1521315055458873346
1521315059925979136
1521315062559948805
1521315066771083264
1521315068503339010
1521315068625014785
1521315069983928321
1521315072706031617
1521315077596528641
1521315080687833089
1521315087369261056
1521315087591616512
1521315088887697413
1521315088883499010
1521315097410375680
1521315100249964547
1521315101357350915
1521315103706075138
1521315104339361792
1521315104486211586
1521315106017398784
1521315106302345229
1521315114212859907
1521315120302985216
1521315130662952962
1521315130964852736
1521315140502700032
1521315141622673408
1521315141429641219
1521315147851128832
1521315148992061440
1521315149357137922
1521315151533809666
1521315151693025280
1521315155518308352
1521315156344684545
1521315157955207170
1521315162938040322
1521315166293577728
1521315169439293447
1521315177311916033
1521315180323430401
1521315182370344961
1521315185180672000
1521315191199203329
1521315196370833414
1521315196626956288
1521315199118159875
1521315205866823690
1521315207146000386
1521315209100414978
1521315209482313730
1521315211357134848
1521315214540615682
1521315218323755008
1521315221427662849
1521315227346030593
1521315231460470784
1521315232139911168
1521315233217736710
1521315234064920577
1521315236275499009
1521315237437263873
1521315238674673664
1521315241602211843
1521315246656286720
1521315250225700864
1521315254998814722
1521315260900204545
1521315260845760513
1521315263764959232
1521315264453054464
1521315272350650369
1521315272648380416
1521315281204916226
1521315282987323392
1521315287039188996
1521315292500135937
1521315293208973313
1521315302402891783
1521315309831036928
1521315311823331328
1521315314754932737
1521315315728195587
1521315325517742081
1521315333109288961
1521315334292180992
1521315348250779648
1521315353305006087
1521315355221643264
1521315356144549890
1521315362612068352
1521315362771456001
1521315363102806016
1521315364273016832
1521315367456493569
1521315370002432003
1521315371969437696
1521315373827727360
1521315376415580161
1521315378336616449
1521315378730778624
1521315381675270144
1521315386146398209
1521315388008677388
1521315390768304128
1521315391489859588
1521315393725415428
1521315395751358466
1521315401031983111
1521315401413537792
1521315403460452356
1521315410385252353
1521315416303616000
1521315417603588098
1521315423349878785
1521315425279217666
1521315427888078848
1521315429091733504
1521315429490348034
1521315432715665411
1521315433730686976
1521315435106476032
1521315439292436481
1521315440047316994
1521315441699966979
1521315442891137025
1521315444245815297
1521315448964497410
1521315451099299842
1521315451472646145
1521315456224993282
1521315459395690498
1521315467809357824
1521315472817287168
1521315474746880000
1521315477020360704
1521315477179580418
1521315478945386499
1521315479792541698
1521315490093834241
1521315492375396353
1521315495651291136
1521315502525599744
1521315508271955970
1521315509576384514
1521315509588869120
1521315512810098688
1521315513929895938
1521315521047810054
1521315522029277185
1521315524872974336
1521315526064033792
1521315526089261056
1521315526852571137
1521315541708910593
1521315543000793091
1521315549648674817
1521315550252699648
1521315550462459910
1521315550965735429
1521315553876619266
1521315558246993926
1521315565436121088
1521315568040652800
1521315569626013697
1521315570377011200
1521315570431496195
1521315571442323463
1521315580577468421
1521315585786888193
1521315586613313536
1521315589784023043
1521315595098238976
1521315595282694144
1521315598592102400
1521315599174881281
1521315609329520640
1521315609761492992
1521315610482724864
1521315613167144960
1521315621564305410
1521315625620193281
1521315629864787969
1521315632905691137
1521315633115320321
1521315633706815493
1521315639369121792
1521315643332739075
1521315645463285760
1521315648399462400
1521315650412580864
1521315652488683520
1521315656255385600
1521315669538713600
1521315675775672320
1521315675955998723
1521315677558263811
1521315677465886722
1521315680418738181
1521315685745500162
1521315686676631553
1521315687104450560
1521315689834811394
1521315693303578624
1521315693223976960
1521315694528372738
1521315700274520065
1521315709929893888
1521315710974279681
1521315715491500032
1521315716158279681
1521315716326113282
1521315718112948229
1521315721141436417
1521315722512809984
1521315723284516864
1521315726224723970
1521315726686052354
1521315727621373953
1521315729450090496
1521315731157225475
1521315732562321408
1521315734248374272
1521315737054302209
1521315741701754882
1521315742288863234
1521315744784519169
1521315751617265665
1521315752795594753
1521315754074910720
1521315754418876417
1521315756151091200
1521315757660987395
1521315762501259265
1521315763663122432
1521315764212576258
1521315764271206400
1521315768079683584
1521315771011452931
1521315771946835968
1521315774664785920
1521315775184781312
1521315775281201152
1521315777927794688
1521315784101961728
1521315784634601472
1521315785922080768
1521315786979221508
1521315788333981696
1521315792859676673
1521315796848422913
1521315798857691136
1521315807833333761
1521315809699803137
1521315811494879232
1521315824782479361
1521315830792925185
1521315833389228033
1521315834940993539
1521315835649929218
1521315843388452864
1521315850183225344
1521315851856756738
1521315853073010688
1521315865467273216
1521315866457128965
1521315866641637377
1521315867623100418
1521315868361297922
1521315874329837568
1521315876519260160
1521315877139886080
1521315878767370247
1521315884865884161
1521315886157737984
1521315886124126214
1521315891899740160
1521315892600188928
1521315897465446400
1521315897796923399
1521315898551943168
1521315902330916874
1521315905527070720
1521315906638516227
1521315908643430401
1521315909192851457
1521315909268389888
1521315912183435265
1521315924434767872
1521315924749475840
1521315931984732161
1521315932047564801
1521315935935729664
1521315936988409857
1521315943967825921
1521315952843018244
1521315953400811522
1521315958526300166
1521315958937337856
1521315959713288198
1521315961009283074
1521315966973530113
1521315970274541570
1521315971515879424
1521315971578929152
1521315976809259010
1521315978503766020
1521315978751234049
1521315981850779648
1521315983830536192
1521316005913366528
1521316007834488841
1521316012821565440
1521316015145058304
1521316017422495744
1521316020840972288
1521316022099140608
1521316023236022272
1521316028219031553
1521316029460271106
1521316034443100166
1521316042076786688
1521316046455648257
1521316049710317569
1521316056588963840
1521316056803028993
1521316059017465857
1521316059525042176
1521316060770684928
1521316063148969985
1521316064038391808
1521316064885362693
1521316067464859650
1521316069415301125
1521316072393441280
1521316073731203075
1521316073991196673
1521316077346635778
1521316077761933313
1521316077745094656
1521316079561326593
1521316082740563968
1521316082954477569
1521316083801673728
1521316086137991169
1521316088130129923
1521316088105086976
1521316092895019009
1521316099404484610
1521316099442180096
1521316100855762953
1521316104173494273
1521316110959734784
1521316111328808960
1521316111664533505
1521316112394244098
1521316112662728707
1521316115254755344
1521316117557518343
1521316117943398400
1521316118819966979
1521316127338643456
1521316128949256192
1521316130975059968
1521316135676919810
1521316137010548736
1521316137027481602
1521316137169993729
1521316139275636737
1521316141376974849
1521316141553041408
1521316142165512193
1521316143235010563
1521316146624016387
1521316158674288640
1521316167197016067
1521316167809257472
1521316168551878657
1521316168866406402
1521316168858062849
1521316171210973185
1521316171966038016
1521316179901509632
1521316183684829187
1521316184347578372
1521316189947019264
1521316191075291137
1521316191113039873
1521316191788281858
1521316195500187648
1521316195915505665
1521316197098266624
1521316201309351941
1521316204434055169
1521316206002671616
1521316207231700993
1521316210910052352
1521316215003693058
1521316219680268289
1521316221039296514
1521316223610408960
1521316224411525120
1521316224894144512
1521316226097680384
1521316233999785991
1521316239636901889
1521316240286957569
1521316241453027329
1521316243046682624
1521316244720615424
1521316248671379457
1521316254136811521
1521316259048087554
1521316260327399424
1521316261464100864
1521316262671962112
1521316264433664002
1521316264630636544
1521316264823734274
1521316267428388864
1521316268590120960
1521316271698104320
1521316274487369731
1521316275888267264
1521316277951815684
1521316280913043456
1521316288974438402
1521316293319831552
1521316298755817472
1521316299560951809
1521316300496068608
1521316301825736706
1521316305097281536
1521316305659437059
1521316312198299648
1521316313242738690
1521316316170186752
1521316317843922946
1521316322595979265
1521316325225906178
1521316329034244096
1521316331571879936
1521316336001064963
1521316346646171648
1521316350492172289
1521316354573447168
1521316355252834305
1521316362857164804
1521316364123877382
1521316375788195840
1521316379923783680
1521316386609508358
1521316390849896448
1521316391856467970
1521316392766746624
1521316400257806336
1521316403932012546
1521316405953523712
1521316406050144258
1521316407794978816
1521316409699147777
1521316417043324928
1521316421464174592
1521316428099596289
1521316428607012865
1521316428661633025
1521316428850245635
1521316431887015938
1521316436290985984
1521316438023229441
1521316439767932928
1521316441798193159
1521316441492013059
1521316452267175938
1521316454737534983
1521316458730606593
1521316460085264384
1521316464443203587
1521316469367132160
1521316474090045447
1521316476648665088
1521316481715228672
1521316482797420545
1521316488304644101
1521316489411936258
1521316491190325248
1521316491425157127
1521316494990225409
1521316495472558081
1521316499734110212
1521316500686229504
1521316500971401216
1521316503982940160
1521316512052965376
1521316514590306304
1521316516234694657
1521316520806301700
1521316522496606214
1521316523348008961
1521316524505518080
1521316526917398528
1521316537138876422
1521316538090987521
1521316542880825345
1521316549042184192
1521316555539243008
1521316556436824069
1521316557032415232
1521316561084207105
1521316561872879618
1521316567362924545
1521316569116258304
1521316580159860736
1521316584136101894
1521316588766515202
1521316592113573888
1521316593929793539
1521316594051395585
1521316594768568321
1521316595376832526
1521316597411065856
1521316600678387713
1521316601584312321
1521316605141078016
1521316607611465729
1521316610107232258
1521316611482861568
1521316614351646721
1521316617887653888
1521316622614548481
1521316626259451904
1521316628063043584
1521316630072115206
1521316638964035584
1521316641358979074
1521316644135608322
1521316645951528961
1521316647251943424
1521316652075388928
1521316658626838529
1521316666596016128
1521316670941409286
1521316676167516163
1521316676222001159
1521316681410355200
1521316681431322624
1521316686716375041
1521316691451559941
1521316704227409921
1521316704529358849
1521316705548607488
1521316706848624640
1521316707461222402
1521316709537239040
1521316710262915073
1521316712024576003
1521316713618419713
1521316726054526976
1521316727212158977
1521316730303393793
1521316734237556736
1521316737630851072
1521316740587835399
1521316743922307075
1521316744006193154
1521316744148758528
1521316750045949952
1521316751694340097
1521316753401425921
1521316766953181189
1521316767020331016
1521316769008398341
1521316770728095747
1521316772993028098
1521316783508103169
1521316785319993345
1521316789673623553
1521316793251504130
1521316799597395968
1521316802420224005
1521316803099738118
1521316803615539202
1521316804211228672
1521316808640319490
1521316810733277185
1521316817062539265
1521316818547261441
1521316820279455745
1521316829033078784
1521316830685523969
1521316834154369029
1521316841414709251
1521316843708948481
1521316858254794753
1521316858896519168
1521316861304053760
1521316867167723523
1521316868216311808
1521316870955151360
1521316871043178497
1521316889955344387
1521316916786343938
1521316921710362624
1521316922767380481
1521316933421113345
1521316937002733568
1521316937564893190
1521316939565568002
1521316941629202433
1521316947668848642
1521316957143900160
1521316957383020544
1521316958649880577
1521316958871994376
1521316960696471552
1521316960780402688
1521316960994177027
1521316963917901824
1521316968363610112
1521316968325808128
1521316973090680834
1521316982674575361
1521316985820356616
1521316985988071424
1521316987607080961
1521316988416573440
1521316998055178242
1521317004795203584
1521317015515971584
1521317025133518851
1521317029965406208
1521317039721357312
1521317055458385921
1521317060889915392
1521317062022512641
1521317063272316934
1521317065331822592
1521317083073679360
1521317095019094017
1521317100278669312
1521317101084020736
1521317103021826049
1521317102900195329
1521317105613824002
1521317106851233793
1521317110848311296
1521317119773667328
1521317132373536773
1521317137721212929
1521317142922252288
1521317144117624832
1521317150903967744
1521317153143762945
1521317153433165826
1521317155383529472
1521317157321285635
1521317164636061704
1521317165097701377
1521317166255017984
1521317171661574144
1521317172592594945
1521317178556956673
1521317185292886017
1521317190087102466
1521317199146893314
1521317202816913414
1521317203295064071
1521317207606763520
1521317209422938113
1521317216737767425
1521317228465041408
1521317228683137025
1521317229618507778
1521317230822240258
1521317232177041409
1521317236841066499
1521317237545705474
1521317243065454592
1521317247880474624
1521317249121935361
1521317249465913345
1521317253119098883
1521317253060378624
1521317254951960577
1521317264426999808
1521317265047793665
1521317266394165248
1521317266637443072
1521317266889093127
1521317267715334146
1521317269741133825
1521317270596861953
1521317289303449606
1521317292872667141
1521317300330188801
1521317302368706562
1521317310518149120
1521317311931731968
1521317312351162368
1521317316826476544
1521317316775923712
1521317317698891776
1521317323021627392
1521317324388810757
1521317326443921417
1521317329438756864
1521317332001382400
1521317334664757254
1521317347981725698
1521317349135196161
1521317350049468417
1521317350196359169
1521317356944953344
1521317368412000256
1521317369028751361
1521317375856971776
1521317378394574848
1521317387915694081
1521317389119500288
1521317390226702341
1521317392307179521
1521317392474853378
1521317403426230272
1521317406676815872
1521317416483049473
1521317421042352128
1521317424871706626
1521317426960416769
1521317427405066240
1521317430605361153
1521317432694030336
1521317435839852544
1521317439145132032
1521317440503881728
1521317443267928066
1521317448649220097
1521317449416814592
1521317459764072448
1521317471323570176
1521317471931990017
1521317475744460803
1521317476662976512
1521317478621663232
1521317478718132229
1521317488423849986
1521317488604160000
1521317488826408961
1521317500243357698
1521317506287390721
1521317506656387072
1521317506593730560
1521317508732661760
1521317514034225153
1521317514831187968
1521317515317907456
1521317516915757056
1521317518048120833
1521317517855186948
1521317521252663298
1521317524750716929
1521317525254213632
1521317531918737408
1521317532174589953
1521317535400042496
1521317536410841089
1521317536649953281
1521317542693855232
1521317549803290624
1521317551267094531
1521317566119034882
1521317582418104320
1521317582422355969
1521317584603385859
1521317591372939264
1521317600071929861
1521317604312371200
1521317607298801670
1521317608762462214
1521317609584668673
1521317615133634562
1521317616924639234
1521317620384997387
1521317621303582727
1521317626684841984
1521317630266814465
1521317630975655937
1521317634272161792
1521317636289830912
1521317638554763264
1521317640790286337
1521317643340369922
1521317646360354816
1521317661979906048
1521317663749910528
1521317663959658496
1521317668741079040
1521317668900515842
1521317668992737283
1521317675070377984
1521317678975225856
1521317682695618561
1521317684624961536
1521317686617251840
1521317691671433217
1521317694829649922
1521317702903734279
1521317710025699328
1521317715830579200
1521317716405231616
1521317717382516739
1521317717785075713
1521317718225563654
1521317720213835776
1521317724064030730
1521317727318810625
1521317732750344195
1521317735648608257
1521317737007656964
1521317738714742786
1521317743424950273
1521317745740197888
1521317748839751681
1521317751540834304
1521317754384662528
1521317754623647746
1521317756217397248
1521317764258054144
1521317766837452800
1521317769588789254
1521317779751768064
1521317781614231552
1521317789436416000
1521317793521618949
1521317798500347911
1521317801578749954
1521317802602381313
1521317803541909505
1521317803852247040
1521317804330291202
1521317813092339716
1521317813662670849
1521317827684282370
1521317827948470272
1521317833019379712
1521317843425505281
1521317843408764928
1521317844029427712
1521317844906315776
1521317846462365696
1521317848425058304
1521317851809738754
1521317852162179072
1521317853982457857
1521317854993342464
1521317854930423808
1521317858436857857
1521317862970953733
1521317870965248008
1521317873956036610
1521317875092533250
1521317876422123520
1521317879639158784
1521317880347963392
1521317882642276359
1521317882776326144
1521317883749535746
1521317890636529666
1521317897502699520
1521317899700510720
1521317900635848704
1521317907732520964
1521317909007642625
1521317909796204544
1521317913965346818
1521317928406331394
1521317936719446016
1521317941442097153
1521317944415997955
1521317948975194113
1521317951584239617
1521317951550500866
1521317962774466561
1521317969481056256
1521317977358053376
1521317993585815553
1521317998065340416
1521318000711901184
1521318003832414211
1521318006911127552
1521318009943601152
1521318011755323394
1521318012011356162
1521318013340983298
1521318013756182531
1521318018973851648
1521318019640836099
1521318021779759104
1521318024883679233
1521318027140157445
1521318029006622721
1521318029254172678
1521318031896498177
1521318038083096576
1521318040708780032
1521318041350512640
1521318043846123520
1521318043917463556
1521318046127648768
1521318047042179074
1521318053941809154
1521318054877188098
1521318060384268289
1521318061340766208
1521318061521141760
1521318061634117632
1521318069783744512
1521318072732160001
1521318074548297728
1521318075827507201
1521318076272320513
1521318077040041984
1521318077429866496
1521318078495264774
1521318080563105792
1521318081712332800
1521318084191076354
1521318085277409285
1521318088519700484
1521318089492770816
1521318091153620993
1521318102499270658
1521318103321358337
1521318104202153987
1521318106425090050
1521318107683381248
1521318109986045958
1521318110799835137
1521318114008662017
1521318118886412297
1521318123558871041
1521318126511484928
1521318130638893058
1521318130890547200
1521318131255463942
1521318131347738624
1521318132689907712
1521318134984151044
1521318136183926784
1521318138742194179
1521318140273213440
1521318150842822656
1521318151488684032
1521318153929830402
1521318154416369664
1521318156215758849
1521318157406945282
1521318158468104194
1521318159650803721
1521318159881748480
1521318167972352001
1521318169331310595
1521318169415061506
1521318171801759745
1521318172523180033
1521318175459135491
1521318176440655874
1521318177044635650
1521318181838671872
1521318184380416002
1521318184678211591
1521318185223737346
1521318185353588736
1521318188943921153
1521318191103889408
1521318192974606337
1521318199685439488
1521318200134324224
1521318201312874498
1521318202596286465
1521318203862958080
1521318209772736514
1521318210196365313
1521318216584564736
1521318216919916550
1521318217339314176
1521318218803068929
1521318219692134400
1521318230643679235
1521318232778592257
1521318233428606979
1521318235030921216
1521318236301705217
1521318238830960645
1521318239799808001
1521318242488365056
1521318245671780353
1521318246435143681
1521318247416619010
1521318248033275906
1521318249241223168
1521318251967377410
1521318255238995968
1521318255549247488
1521318259018018816
1521318259064193026
1521318259504685056
1521318260347895808
1521318260540641280
1521318275837218818
1521318278467137537
1521318283361804288
1521318285844922368
1521318298683650049
1521318302957686787
1521318307365855232
1521318311274942465
1521318312080293894
1521318314647203840
1521318315620196353
1521318316115116032
1521318322192756742
1521318323685933056
1521318324289867776
1521318326361890817
1521318327360102403
1521318331466526721
1521318332250664961
1521318334742118401
1521318335786401794
1521318337720037378
1521318339531976704
1521318341683601408
1521318342207975426
1521318344313483265
1521318345781432322
1521318350332309506
1521318358305710081
1521318358808940546
1521318370590736384
1521318370540404736
1521318372507631616
1521318377368739840
1521318377838583812
1521318382112497670
1521318386168385536
1521318388592779265
1521318396402581510
1521318401095909378
1521318405365764097
1521318413750218752
1521318413897015299
1521318414698135555
1521318415847284736
1521318419920003072
1521318426932883456
1521318428153364480
1521318428891619328
1521318439142539267
1521318440073580545
1521318445970767873
1521318446910300160
1521318448625815552
1521318450160930818
1521318455126990849
1521318468448043008
1521318475377278976
1521318475993690113
1521318478891913216
1521318479298715649
1521318481081294849
1521318481463066624
1521318494117191680
1521318498462486532
1521318500689747973
1521318504145858560
1521318506578460677
1521318509212540928
1521318509338320897
1521318514149183488
1521318514732191751
1521318517873594369
1521318518347677696
1521318519752859648
1521318519727554560
1521318521417908226
1521318522009399297
1521318522349146112
1521318524194635776
1521318530691612678
1521318533636014080
1521318534655135744
1521318536068616197
1521318536802623488
1521318539776466945
1521318541298917377
1521318543484194817
1521318544365035522
1521318546990583809
1521318548999655426
1521318551080034306
1521318552548032512
1521318553445666816
1521318554834030592
1521318555630809089
1521318558399148032
1521318563860160513
1521318567274115074
1521318569459560448
1521318570487169026
1521318572236193792
1521318586182213634
1521318588979851264
1521318590141677568
1521318597284573184
1521318599075450880
1521318601852084224
1521318603735379969
1521318607149355008
1521318614284091392
1521318622165372930
1521318627215085570
1521318627689050112
1521318627626037248
1521318631900073989
1521318632676016129
1521318634869645312
1521318635423383553
1521318636270596097
1521318636710998017
1521318637579079680
1521318638694903810
1521318643975573505
1521318644738797569
1521318646693388290
1521318648429924354
1521318648723521536
1521318658802429953
1521318659041468416
1521318665907494912
1521318667350335491
1521318669548195840
1521318670898712576
1521318671553118215
1521318673667010560
1521318674145357824
1521318677517246466
1521318679148998657
1521318679765528577
1521318680440807424
1521318681229533184
1521318681711685634
1521318693216661504
1521318700762206208
1521318702024732672
1521318703144521728
1521318711180865539
1521318721368768518
1521318721884729346
1521318723348537347
1521318725642858496
1521318728876572678
1521318729342197760
1521318733876236291
1521318733825806336
1521318736308887552
1521318739949637632
1521318741946085381
1521318742843658240
1521318742826885121
1521318743338627073
1521318750645018624
1521318752406568962
1521318755288162304
1521318756449931267
1521318758735921152
1521318768634433536
1521318769280311297
1521318772870549506
1521318778386194433
1521318779120242688
1521318783729774593
1521318786334404608
1521318789824098305
1521318797734551552
1521318799491932160
1521318801861713921
1521318807263928320
1521318807486222336
1521318810921361408
1521318822111756289
1521318822661210117
1521318824414490626
1521318825173696517
1521318828873027586
1521318828990504962
1521318830634635264
1521318833247686657
1521318838582726657
1521318845717176320
1521318852717694982
1521318858765783040
1521318875027185668
1521318878537830401
1521318882807631874
1521318887379247104
1521318888880943104
1521318889023492096
1521318889132638209
1521318895088545792
1521318895335972864
1521318898225852416
1521318903997247488
1521318904441839616
1521318908745166849
1521318911198834690
1521318919813967873
1521318923211317254
1521318924310106112
1521318930022682625
1521318935244779520
1521318937572814848
1521318938151469057
1521318944098947073
1521318944308699137
1521318948897185792
1521318949157318658
1521318950440771585
1521318955880792064
1521318965372497922
1521318967213797376
1521318967549337601
1521318968765599745
1521318970225217537
1521318971903037441
1521318974650257408
1521318975585636353
1521318978324422657
1521318981302370309
1521318983189860354
1521318984037117956
1521318985563873281
1521318989078712320
1521318993268965378
1521318997525999616
1521318998956257286
1521319001862905856
1521319002831790082
1521319006778671110
1521319011061059584
1521319018459635713
1521319024327544833
1521319026831548416
1521319027288772608
1521319027271942144
1521319032367976449
1521319038785400832
1521319041469542400
1521319043709509633
1521319044003123202
1521319045181628416
1521319051649335297
1521319053348024323
1521319054778277889
1521319060155289601
1521319062692892673
1521319079948300288
1521319080040480769
1521319081995124737
1521319084318769152
1521319088978640897
1521319090908012546
1521319100428996609
1521319104027803648
1521319116845588481
1521319118879830022
1521319120368807942
1521319122621157376
1521319125418717190
1521319126265966593
1521319132620378113
1521319133723623425
1521319135992377346
1521319136193925122
1521319136227479553
1521319146801315840
1521319151809273857
1521319155135401988
1521319156993466368
1521319157454807040
1521319161695289345
1521319168968114185
1521319174508666881
1521319175414820864
1521319177365118977
1521319177885298691
1521319182909980673
1521319183140761607
1521319194947727360
1521319210122686466
1521319215348830210
1521319217760456705
1521319227206119424
1521319228258795520
1521319234747260928
1521319238224515073
1521319239659012096
1521319243412815874
1521319250010513409
1521319258143301632
1521319265881804803
1521319266988945410
1521319268071411717
1521319271363661826
1521319273955663873
1521319274521976834
1521319275734216705
1521319279831957504
1521319281924919298
1521319282864492545
1521319283275534338
1521319284902969345
1521319285695598593
1521319285771190272
1521319286165364736
1521319287121719300
1521319296642818049
1521319298479923201
1521319299981451264
1521319302615416832
1521319307900301313
1521319308227485696
1521319314598481920
1521319317014523904
1521319318218231808
1521319323733741568
1521319324329279489
1521319325336055811
1521319326908825603
1521319330545545216
1521319331493253120
1521319339516903425
1521319344105562112
1521319346370453504
1521319350782767106
1521319351105822725
1521319357577637888
1521319360559730689
1521319362468192257
1521319365597040640
1521319368948396032
1521319370978480129
1521319373746679808
1521319375265239040
1521319380977602560
1521319390901194753
1521319394311172096
1521319394667909120
1521319396957995008
1521319402150498305
1521319402502823937
1521319408471318529
1521319411902259201
1521319417463947269
1521319417769996288
1521319417958875136
1521319418218704896
1521319423344263171
1521319424829104129
1521319425521201153
1521319426238435328
1521319436648595458
1521319439182049281
1521319440280956928
1521319441174523904
1521319447964889089
1521319449105768453
1521319450682744833
1521319451710398465
1521319452725370880
1521319454340231169
1521319461457997824
1521319462019813377
1521319470039326720
1521319476343590913
1521319480592281600
1521319480818814976
1521319482316267523
1521319484128124930
1521319490096615425
1521319491312898049
1521319495893143554
1521319495972884481
1521319499105984514
1521319499387092992
1521319500821544962
1521319503170318337
1521319512573976577
1521319515497373699
1521319515656654853
1521319523168702467
1521319524708012039
1521319528403243009
1521319529971953665
1521319532001910785
1521319533822332928
1521319534828867585
1521319535948742656
1521319537911685121
1521319538184310784
1521319541426565121
1521319542919548928
1521319546983956481
1521319552415584256
1521319556207235073
1521319568643444737
1521319568978944000
1521319572850233345
1521319574112768008
1521319577690402816
1521319578181189633
1521319579619840003
1521319580391682048
1521319582773952519
1521319583755419651
1521319599882473472
1521319603514667008
1521319606786347009
1521319607268687874
1521319608803864581
1521319612813651970
1521319615229579265
1521319620598280192
1521319624494751745
1521319625807568896
1521319625887264768
1521319634988933120
1521319643629207552
1521319648549081091
1521319652072341504
1521319652370137088
1521319657910775808
1521319659135451142
1521319659626442752
1521319662113505282
1521319671684808707
1521319675786842112
1521319676172636160
1521319683491876864
1521319684947296258
1521319687010848768
1521319688113901568
1521319692006309889
1521319692492804098
1521319699086290944
1521319700709392385
1521319706682175489
1521319710767595520
1521319711757447168
1521319711912476673
1521319720271679488
1521319720640819201
1521319726332456960
1521319727569817600
1521319733114642433
1521319733668491264
1521319735002083333
1521319742325338113
1521319742430134275
1521319746674860032
1521319753637416960
1521319756019924992
1521319758112636929
1521319763099672577
1521319773149274115
1521319779021246470
1521319788290752512
1521319790073106432
1521319799783145472
1521319803335569410
1521319804111667201
1521319807139946497
1521319814186213376
1521319823556456448
1521319827977031682
1521319830581825536
1521319834260328449
1521319834272808963
1521319835996762118
1521319838471368705
1521319838634889218
1521319838995697664
1521319848097337345
1521319849451999232
1521319869626478597
1521319871400796160
1521319878564941824
1521319882188820480
1521319885808320513
1521319889729990656
1521319892158455809
1521319892481368064
1521319895077691392
1521319897862660100
1521319904544231426
1521319907329298434
1521319909707464704
1521319916703473666
1521319921980153859
1521319922412007428
1521319922948882433
1521319940409769984
1521319941533753356
1521319943366656001
1521319943957975040
1521319945925128193
1521319951369478144
1521319961976877056
1521319966217228288
1521319966988914693
1521319967991418882
1521319969983717376
1521319973385162753
1521319976984006656
1521319978363990018
1521319979722940416
1521319980079501315
1521319984147976192
1521319986995728384
1521319990246400000
1521319990548389890
1521319990598815746
1521319996403732481
1521319996877647873
1521320005027221506
1521320006885289985
1521320007585734658
1521320008692944903
1521320011985526785
1521320012060971008
1521320015848431616
1521320018553700352
1521320023914074112
1521320024069267456
1521320027735080960
1521320031736700928
1521320035263856641
1521320035893059587
1521320036232691712
1521320042385846277
1521320044835352577
1521320045934260224
1521320045607010304
1521320049025470465
1521320057611046912
1521320057619558403
1521320059821604865
1521320062510063616
1521320063462223872
1521320064410079234
1521320065588736002
1521320070265602055
1521320074157699073
1521320075080437762
1521320076175036416
1521320082193846273
1521320086392426498
1521320089391407106
1521320089475239937
1521320089554989056
1521320093443100672
1521320096832098304
1521320098262401026
1521320100539863041
1521320102133743619
1521320102393782272
1521320103190671361
1521320105291964417
1521320111843459076
1521320123184955393
1521320124028010500
1521320126070595584
1521320132655693825
1521320135021273096
1521320136770260993
1521320137386868737
1521320138120826880
1521320140482228231
1521320141987926020
1521320144328404993
1521320148266721280
1521320153555816451
1521320153820061697
1521320154008735744
1521320156621725697
1521320156676374528
1521320159616675840
1521320161508212736
1521320164586885120
1521320166055120896
1521320167896236032
1521320168793817088
1521320168542343169
1521320169070645249
1521320174179303424
1521320175831818241
1521320176092065793
1521320176314163200
1521320177836646400
1521320178121854977
1521320182312050689
1521320185197703169
1521320186791538689
1521320187710087168
1521320192042749952
1521320193368240130
1521320196077727746
1521320199571529729
1521320199600934912
1521320201651859456
1521320201370972162
1521320202671210496
1521320206613860353
1521320214281043968
1521320215002427392
1521320217833398272
1521320218659889155
1521320219813294082
1521320223508422658
1521320225047646208
1521320228562640896
1521320245973159937
1521320247143321600
1521320249584685057
1521320252755304455
1521320253908729868
1521320254005202945
1521320254256865281
1521320258367365122
1521320261387268099
1521320266076467202
1521320281121378305
1521320289644204033
1521320292794216448
1521320293234618368
1521320297550524416
1521320299005890560
1521320305943363584
1521320307629383684
1521320313031643136
1521320313979654144
1521320314222698496
1521320317259423744
1521320317494325250
1521320319503695873
1521320320568893441
1521320320971513856
1521320321772576769
1521320322041065474
1521320324654112770
1521320325136494598
1521320341536231424
1521320346049200130
1521320346930057217
1521320348314185728
1521320350491222019
1521320359311691778
1521320363686248448
1521320365347295236
1521320370195910656
1521320371219279879
1521320374964793344
1521320376424411136
1521320376831287299
1521320379213651968
1521320380866207745
1521320383365922816
1521320386809507840
1521320388588085248
1521320388545986561
1521320388935962626
1521320391175589889
1521320395395194882
1521320395470786565
1521320396095688704
1521320395982270464
1521320404228485121
1521320405209862144
1521320406053003268
1521320411136507904
1521320417172287488
1521320419264974848
1521320419399245825
1521320425828933636
1521320433563410432
1521320440505028610
1521320440492601344
1521320441465520128
1521320441503260677
1521320442912514049
1521320445395542016
1521320446892859393
1521320447052292101
1521320447828242435
1521320448679682048
1521320449023479809
1521320452215476225
1521320452685238276
1521320457567449088
1521320457596809216
1521320462000832512
1521320466723581954
1521320468086759426
1521320472629383168
1521320473216364546
1521320477905625090
1521320478245146624
1521320479025512448
1521320494254870528
1521320495035072513
1521320498382188544
1521320498940059649
1521320504497426432
1521320507731288064
1521320518711918598
1521320523061506049
1521320526169354246
1521320526978990082
1521320535820541955
1521320540211982338
1521320542497918976
1521320543189966848
1521320545572249610
1521320545509330945
1521320546461384704
1521320549204434944
1521320551087804418
1521320556733374464
1521320556934701057
1521320559287717890
1521320563473629184
1521320569064538112
1521320575494406145
1521320575913926667
1521320578304598017
1521320579630088193
1521320584990412800
1521320591180980224
1521320592271724546
1521320592917553153
1521320598605115392
1521320599838203905
1521320601754898432
1521320603269353473
1521320606486220805
1521320608365256705
1521320612958023680
1521320622550560768
1521320627096981512
1521320630100152323
1521320630280503299
1521320633866633222
1521320634739048449
1521320635707834370
1521320638107037696
1521320640925556738
1521320643844784128
1521320647988846595
1521320653646962689
1521320658940084225
1521320659812556802
1521320663553908738
1521320664828891138
1521320672110202882
1521320672940732416
1521320677952737280
1521320680352108545
1521320691035000832
1521320701768224768
1521320702556659713
1521320707325575168
1521320710001487872
1521320715546419200
1521320723184246785
1521320723503288320
1521320726019645441
1521320728800288770
1521320731077922822
1521320733422538758
1521320737033891842
1521320737465946113
1521320750891814912
1521320752326316032
1521320756076068865
1521320767224434688
1521320771326464002
1521320771309740034
1521320772232486914
1521320779752820736
1521320782672330752
1521320782848266241
1521320789932449793
1521320790028865536
1521320790846812166
1521320791815634944
1521320793199632384
1521320796865638403
1521320797490622466
1521320801726783491
1521320805614948352
1521320809092026369
1521320811398893574
1521320812183183360
1521320816604024833
1521320817350557696
1521320822257954816
1521320828868210689
1521320838250864640
1521320841455276033
1521320842768097281
1521320847507881984
1521320851450302464
1521320864171520000
1521320866470055937
1521320866855989250
1521320870483877889
1521320871700410374
1521320874955005953
1521320879946350592
1521320882018590720
1521320883218190336
1521320885017190400
1521320891841454084
1521320894714494976
1521320897210068992
1521320898699034627
1521320904537554945
1521320907419099136
1521320908354428928
1521320915967086597
1521320918605312005
1521320919691632642
1521320919758688257
1521320923583942658
1521320929917382659
1521320942269566976
1521320943934607360
1521320944807129089
1521320945528582144
1521320945377497097
1521320948674310148
1521320949248843784
1521320958912606209
1521320959172661249
1521320960003133440
1521320962079092736
1521320964612669440
1521320965501865984
1521320974993534976
1521320976448950278
1521320980785901569
1521320986817224704
1521320986720800769
1521320987484110848
1521320990902566913
1521321000478117888
1521321004093607944
1521321009697153025
1521321011592974337
1521321017603407873
1521321022175080448
1521321023232217089
1521321035123281920
1521321041049669635
1521321042270208000
1521321050289709061
1521321054995730435
1521321058745335808
1521321061492699141
1521321066693636097
1521321067058544640
1521321073320632322
1521321078756462592
1521321085316251650
1521321090026455041
1521321092421402624
1521321093696753664
1521321094833135617
1521321096561184768
1521321097760813056
1521321104660471808
1521321109425205248
1521321119768326144
1521321121089478656
1521321121781583872
1521321126743482368
1521321127766855680
1521321135362686977
1521321139355918336
1521321140618203136
1521321144258809856
1521321144250339328
1521321152685256705
1521321153402478592
1521321159631020034
1521321160692142080
1521321170951610370
1521321173270908929
1521321174885675013
1521321176026554371
1521321176311955456
1521321181231656960
1521321182775160832
1521321187099426816
1521321188718354433
1521321192061390848
1521321194192052225
1521321201330757632
1521321202559725569
1521321205843873792
1521321210990190593
1521321211447640064
1521321212504387584
1521321215004192768
1521321215843053568
1521321219076890625
1521321232079147010
1521321243164778496
1521321244544667648
1521321245777829888
1521321248483069952
1521321248474775552
1521321264505307136
1521321265423921152
1521321266745327617
1521321268070420480
1521321270788472833
1521321273929965571
1521321275066568704
1521321276677230595
1521321276765310976
1521321277897822209
1521321289331396609
1521321292678455296
1521321292804214784
1521321294645579776
1521321296973508608
1521321303336271872
1521321304581984258
1521321305886314496
1521321307236970498
1521321311762407424
1521321312165138432
1521321313331204096
1521321323217272832
1521321329508634625
1521321331836526594
1521321343400112128
1521321348970151936
1521321350027173890
1521321351415537664
1521321359560818689
1521321365483278336
1521321376795095040
1521321378753826816
1521321381299904513
1521321382214344705
1521321383283863552
1521321384768638976
1521321394147151873
1521321396344963073
1521321399989723136
1521321403286388737
1521321406490976256
1521321407212367878
1521321412299874304
1521321415525519362
1521321432713682946
1521321433036738561
1521321435238739969
1521321436182454272
1521321437243531265
1521321442108973057
1521321443602178049
1521321444118040576
1521321444147441664
1521321444864573447
1521321448668811265
1521321449377746944
1521321449910415360
1521321453072883712
1521321456579268608
1521321458500345857
1521321461759328256
1521321464460419073
1521321466113015818
1521321467061088256
1521321469514588160
1521321473876582402
1521321475143262211
1521321477257281537
1521321478217736193
1521321478821584896
1521321485444468738
1521321485935300608
1521321490574049280
1521321495452131328
1521321499675828224
1521321505875173376
1521321509276508160
1521321514225868802
1521321516507541505
1521321516545482753
1521321521771331586
1521321521763033089
1521321525076447233
1521321525042978822
1521321525936377856
1521321535436464128
1521321537923858432
1521321539614003200
1521321548916965378
1521321554377814016
1521321557179645952
1521321558345666562
1521321560786845696
1521321560954580992
1521321564721098752
1521321572140675072
1521321572971253760
1521321576075083777
1521321576146161664
1521321576385642496
1521321576733581313
1521321583368982530
1521321585596108801
1521321587613609984
1521321590289489920
1521321592252514304
1521321596442578950
1521321596857823233
1521321597663076356
1521321601781878784
1521321605678645248
1521321612129320961
1521321618341265408
1521321626167521280
1521321626759053312
1521321634380058625
1521321634795499520
1521321636909117440
1521321639589388289
1521321640877043713
1521321642097582080
1521321642131083264
1521321653090897920
1521321654135279617
1521321656546910209
1521321662486040577
1521321663731838977
1521321665266860033
1521321669054373888
1521321670581133312
1521321672623595521
1521321674653810688
1521321676545441793
1521321676767641601
1521321676864200705
1521321677262835712
1521321678281662465
1521321678659362817
1521321690025934853
1521321697332412418
1521321698288562176
1521321698213216259
1521321701124022273
1521321705553158144
1521321705569931264
1521321714999005184
1521321718362648582
1521321720145195009
1521321722871492608
1521321727124508672
1521321729783742464
1521321736951713796
1521321737937465344
1521321739464200198
1521321740038656000
1521321746825191425
1521321750121828359
1521321756597837826
1521321759038918657
1521321760607838209
1521321763006783491
1521321763010977793
1521321763468152833
1521321764034383872
1521321765980487682
1521321769151479808
1521321771080822785
1521321776151678976
1521321777967816704
1521321783496179712
1521321784959766529
1521321791821697025
1521321792509517824
1521321794598486017
1521321798620659714
1521321800545800193
1521321811341893635
1521321812109447168
1521321814156357632
1521321816823943168
1521321818392563712
1521321819638308865
1521321820665876480
1521321828655980544
1521321832539951104
1521321833823449088
1521321835266289664
1521321836507709440
1521321836553908224
1521321836990058497
1521321848277016576
1521321849707278337
1521321853998047232
1521321854522347521
1521321856674025473
1521321857508466690
1521321865800785922
1521321872918564867
1521321874189434888
1521321878853353473
1521321881235820546
1521321882527612929
1521321883806937088
1521321884117356546
1521321886256357378
1521321888504598530
1521321890089943040
1521321890786291713
1521321894242226177
1521321894988771328
1521321895299330049
1521321895978692608
1521321897924956161
1521321898508013568
1521321901896830978
1521321904111599616
1521321911199973376
1521321912206569480
1521321911959101440
1521321915251662849
1521321917491433474
1521321919621910528
1521321930275569666
1521321932284743682
1521321935115886592
1521321936248258560
1521321940295860224
1521321943177347072
1521321944741982208
1521321945907802112
1521321947484860417
1521321948453777409
1521321950395584512
1521321954002808832
1521321954032205824
1521321955374342144
1521321957203091456
1521321966166110210
1521321966514360323
1521321968439603201
1521321969232318470
1521321969890828289
1521321978157805569
1521321984440905732
1521321985824935936
1521321987397890048
1521321990149312512
1521321998227488770
1521322003894001665
1521322005932523521
1521322006624542720
1521322007543037952
1521322014476283906
1521322024790016000
1521322025213698048
1521322030825717761
1521322032180379649
1521322033635803140
1521322037968781312
1521322042951360512
1521322050941505537
1521322055567826945
1521322056687751170
1521322061536411655
1521322064296267777
1521322071699165184
1521322076023443456
1521322077327970305
1521322082671468545
1521322084764430340
1521322085615812608
1521322090447704064
1521322094008537089
1521322096504279041
1521322101164191748
1521322101554221056
1521322102267297793
1521322103844130816
1521322104750227458
1521322105450774535
1521322108172783618
1521322110957805572
1521322112203603975
1521322112249700354
1521322113164091395
1521322115827482624
1521322117719105545
1521322119128403968
1521322122840358912
1521322129479946242
1521322135687512069
1521322136916344832
1521322137390309376
1521322138082369541
1521322139252633600
1521322149335683076
1521322150401032192
1521322152800272384
1521322159422943233
1521322163265060868
1521322169657171969
1521322173092270080
1521322176078618625
1521322181879336961
1521322182307160064
1521322182407819264
1521322186274914305
1521322187445178370
1521322194202152960
1521322194663575552
1521322195783458816
1521322202599247872
1521322202750140416
1521322208286720000
1521322216578863104
1521322217765756928
1521322224002777090
1521322234698256384
1521322238796079106
1521322241149054978
1521322242629681153
1521322252477861891
1521322253316726787
1521322263311704064
1521322275772977152
1521322279258492928
1521322279627546624
1521322281837944832
1521322283851464704
1521322287189966848
1521322297759518721
1521322301383397376
1521322301844856838
1521322302599839744
1521322303321165825
1521322303652614144
1521322304604708867
1521322306815111169
1521322321411284994
1521322322308878337
1521322322229092352
1521322322879262720
1521322323273560064
1521322327283183616
1521322327363010560
1521322336204599296
1521322336317759490
1521322338440126465
1521322341032202241
1521322342701445121
1521322343347650560
1521322343334699009
1521322355489972224
1521322357549379590
1521322358912520202
1521322362112720896
1521322363043909634
1521322364436426753
1521322365522567168
1521322369821859840
1521322374913830914
1521322381771677697
1521322381851172864
1521322382060929024
1521322392517320706
1521322394987769857
1521322395621105664
1521322395730128898
1521322400607969282
1521322400876531712
1521322404332593152
1521322404513030145
1521322407482560513
1521322409491640320
1521322413081907205
1521322415871213568
1521322419620925441
1521322421382529027
1521322423441928192
1521322427292160002
1521322430265970690
1521322435043336193
1521322435944992768
1521322441808953347
1521322442551087106
1521322446468653056
1521322451434721281
1521322451879223298
1521322456245489665
1521322463031877632
1521322463732375553
1521322465460465664
1521322466559381504
1521322472011976706
1521322472758460420
1521322473496752129
1521322476436959232
1521322476445347840
1521322476738945024
1521322479238754304
1521322481876930566
1521322482845822982
1521322485018464256
1521322487757352960
1521322494552068098
1521322496217300994
1521322496498323462
1521322500130545665
1521322507323719682
1521322509169311745
1521322509311922176
1521322514407960577
1521322519130775554
1521322522389659648
1521322525615083520
1521322530400780288
1521322532443500545
1521322532300898304
1521322533005451264
1521322537589772289
1521322540521889792
1521322555285831680
1521322555738574848
1521322557110161408
1521322557927944192
1521322558104166400
1521322560444669954
1521322562474725378
1521322567717449728
1521322567856005121
1521322580719849473
1521322582041055234
1521322583714582534
1521322586101231617
1521322586847776768
1521322587711754240
1521322591792807938
1521322592048713728
1521322600923807744
1521322605109776386
1521322605948682242
1521322611678007301
1521322621178200065
1521322625829584898
1521322628723712001
1521322631655436288
1521322637871386624
1521322642820804608
1521322645148606464
1521322652039880704
1521322653415583744
1521322655458242560
1521322656875831302
1521322657710579713
1521322658314559489
1521322664404697095
1521322677629517824
1521322687464808448
1521322690518429700
1521322705827647488
1521322708142862337
1521322713880666112
1521322717944979458
1521322718343438337
1521322718330826752
1521322723611447296
1521322725775749122
1521322726220349441
1521322727046533121
1521322732918652931
1521322738023030784
1521322743345655809
1521322743777669123
1521322748974354433
1521322751243476998
1521322752778465286
1521322754674413571
1521322760013766656
1521322763620950021
1521322766632251394
1521322769992105985
1521322770763853831
1521322774606000128
1521322775667175424
1521322780771377159
1521322781421547522
1521322783074324480
1521322786127556608
1521322791756349442
1521322796495904770
1521322812258013186
1521322828561268736
1521322828766879744
1521322834366193664
1521322837465829376
1521322838841516033
1521322839097364484
1521322839533572096
1521322844650541061
1521322845606842368
1521322847389589507
1521322848593358849
1521322849788887040
1521322851575508992
1521322856327651329
1521322857350971392
1521322861708857344
1521322862409564160
1521322863118196737
1521322866993778693
1521322868440985601
1521322874392522752
1521322874543521793
1521322879698284545
1521322887063515137
1521322891794595843
1521322896538308611
1521322897163403264
1521322898685845504
1521322899046547463
1521322899310796800
1521322903949783040
1521322910605975552
1521322913500393472
1521322924896043008
1521322931015536641
1521322935411216385
1521322936866676736
1521322940532461575
1521322942260559873
1521322942180864000
1521322944403755009
1521322949059481602
1521322954520416259
1521322963835961344
1521322968898580480
1521322969376735233
1521322970815340544
1521322975378743296
1521322975793983488
1521322980957356032
1521322985554124800
1521322995511308288
1521322995939217409
1521322997633662977
1521322998304813062
1521323001182142464
1521323011940536320
1521323011894386688
1521323014452703232
1521323018659713025
1521323019322470400
1521323020324950017
1521323022682050560
1521323024259379200
1521323025089638402
1521323028751298561
1521323031951560704
1521323034883375104
1521323036699467776
1521323040616898561
1521323046455361537
1521323061148016640
1521323064285302785
1521323067665960962
1521323068383186945
1521323076499165185
1521323078533492736
1521323088893612032
1521323091930066944
1521323092458541056
1521323093259657218
1521323097361723392
1521323100025020417
1521323118081593344
1521323124188450820
1521323125459193857
1521323126105296896
1521323127388659712
1521323130714836993
1521323133482979328
1521323134699413504
1521323134934298624
1521323134942650369
1521323135970205698
1521323142274236416
1521323145810124803
1521323147223437312
1521323151338180608
1521323155779899398
1521323159634464774
1521323160372719616
1521323160620126208
1521323161719029762
1521323162037719040
1521323173362425859
1521323174209757184
1521323177418309632
1521323180698349569
1521323180706746370
1521323187597889538
1521323188881342464
1521323189690843138
1521323194577268737
1521323201871192064
1521323206317162496
1521323215817224193
1521323218602188808
1521323221022392320
1521323226302926848
1521323226843987968
1521323228081369090
1521323228928659459
1521323237547859973
1521323238328053760
1521323239938883584
1521323258196512768
1521323260427870208
1521323263246405633
1521323269370093568
1521323273862189056
1521323274122190849
1521323275137298436
1521323281193840640
1521323287611068416
1521323291629207553
1521323295810981894
1521323304543571968
1521323313779388416
1521323329210269701
1521323330724413440
1521323333261963268
1521323334520041472
1521323337313570816
1521323338198659074
1521323345261834242
1521323347765866497
1521323352601899008
1521323353289723906
1521323356699742208
1521323360944283653
1521323362018017281
1521323362328395776
1521323363213451265
1521323365616730113
1521323367097409536
1521323369358057473
1521323376081612804
1521323377243344899
1521323379948912640
1521323383577001984
1521323391747297280
1521323398202286082
1521323400828002306
1521323403977891841
1521323415222767616
1521323420373463040
1521323421346451458
1521323425255464960
1521323428632010752
1521323429089140737
1521323431635320832
1521323436018221056
1521323437670780929
1521323444780113921
1521323445467987969
1521323445639913476
1521323457937608704
1521323458323521536
1521323462484189184
1521323465717940224
1521323475813732355
1521323480138010624
1521323484382732288
1521323486286909440
1521323488426229760
1521323489478660096
1521323492226080777
1521323494381920256
1521323496084676610
1521323499570278404
1521323502040662018
1521323508172787712
1521323510886510593
1521323521204535296
1521323521456046080
1521323522198585346
1521323523742253056
1521323526443130883
1521323527198199808
1521323530142502912
1521323531681808384
1521323536597798913
1521323542360600578
1521323557543841793
1521323561402703873
1521323574472101888
1521323575726284800
1521323575877193728
1521323578301505538
1521323582361583617
1521323583414411264
1521323590167130114
1521323591530422274
1521323592159485953
1521323592465715200
1521323594663571456
1521323602959863808
1521323611684065284
1521323616457089025
1521323616629145601
1521323618072150016
1521323618508152832
1521323627647578112
1521323630596177920
1521323631170699266
1521323631091011589
1521323632433184769
1521323632311640070
1521323633523707904
1521323633653829635
1521323637990735875
1521323638032527360
