1524207642364755968
1524207646278094849
1524207647284776960
1524207662015164416
1524207664619659265
1524207665114914816
1524207667266293761
1524207669803773952
1524207669871255552
1524207675927822339
1524207680306532352
1524207682902765568
1524207685499039744
1524207686514003969
1524207687134818304
1524207689252974592
1524207693132664833
1524207706290233345
1524207707951149057
1524207712594190336
1524207713961525249
1524207719225380868
1524207719653203969
1524207720622080003
1524207721045757959
1524207722710904833
1524207724774723584
1524207724925440002
1524207727068815360
1524207733209190402
1524207734920470533
1524207746425446401
1524207747151151106
1524207749441142784
1524207751819370498
1524207755233570816
1524207756156104704
1524207770324676608
1524207776247033859
1524207777161392129
1524207779468267521
1524207780072153090
1524207783251517440
1524207785977647104
1524207796794798080
1524207801278550019
1524207802616623105
1524207807775584259
1524207809943986177
1524207814314405888
1524207815597957120
1524207816432566272
1524207820018974720
1524207822761861122
1524207829556633601
1524207835478827010
1524207839908024320
1524207840616931331
1524207841447358464
1524207852113473536
1524207855527727104
1524207858090393600
1524207860720226304
1524207864105025536
1524207877446987776
1524207881209323520
1524207884288024576
1524207885336682496
1524207892596932608
1524207895797248003
1524207902067675137
1524207909084741634
1524207910640889856
1524207915128610816
1524207917305835520
1524207917750173696
1524207926143066112
1524207927900479488
1524207931310448642
1524207937626988544
1524207941024456716
1524207941720711168
1524207946514763776
1524207947500462082
1524207963468140546
1524207969470402560
1524207972368461826
1524207973458874368
1524207975623184384
1524207976956850177
1524207979851132930
1524207979863683076
1524207983206428672
1524207984175456256
1524207986079682561
1524207990441656322
1524207996632375301
1524207998658355200
1524208000872898562
1524208003070705664
1524208014915510278
1524208015792087043
1524208021446004736
1524208025610903553
1524208027582279681
1524208027661914117
1524208027804471297
1524208029432168449
1524208037119991808
1524208041717112833
1524208046955798534
1524208048197160960
1524208063896559616
1524208065070960641
1524208068740927488
1524208069340811266
1524208069823107074
1524208074348630016
1524208081118375938
1524208082720538624
1524208090937184256
1524208094489817088
1524208094976167936
1524208095282573313
1524208096205234178
1524208096968642561
1524208099103498241
1524208105021652992
1524208112684593153
1524208112806383621
1524208114689523713
1524208115708743687
1524208117143199744
1524208117784977410
1524208119101931521
1524208120892903424
1524208121811509248
1524208121975123969
1524208125682855938
1524208125707886592
1524208127691812864
1524208127792631812
1524208134721617920
1524208142644662275
1524208156930449413
1524208163658301440
1524208165151285248
1524208170125602816
1524208172382265345
1524208178451435521
1524208183945871361
1524208187490152450
1524208193538195461
1524208202371710976
1524208202522542081
1524208203256451073
1524208204581851137
1524208207182368770
1524208209359212544
1524208210558668800
1524208215705014273
1524208215768150016
1524208216758001665
1524208220339949568
1524208221182906368
1524208223468724224
1524208224659988482
1524208231752605696
1524208235267469312
1524208235384868865
1524208237159063556
1524208237406568449
1524208237418930176
1524208238203326464
1524208241965735938
1524208247988789250
1524208253290307587
1524208254087319552
1524208255001821185
1524208257551810560
1524208258088529920
1524208261905408000
1524208264065519623
1524208268083699712
1524208272974168064
1524208274391846913
1524208274857414658
1524208280574341120
1524208285695500289
1524208289185247232
1524208293199163406
1524208307023482882
1524208308038553602
1524208310542548992
1524208311264067584
1524208313029697536
1524208319593811969
1524208336576544770
1524208336807206912
1524208346018029569
1524208348744224768
1524208350757539840
1524208354725404672
1524208357497729024
1524208364842016770
1524208366637178883
1524208367996383232
1524208369719992321
1524208382583967745
1524208383213158401
1524208397566058496
1524208397851234306
1524208401814802432
1524208403060596736
1524208407334600704
1524208410362793987
1524208416494870529
1524208426703900673
1524208428817973249
1524208434140307457
1524208435646111745
1524208441744453632
1524208458471555075
1524208462871285762
1524208465685712896
1524208468374159360
1524208473982001152
1524208474418483200
1524208474993065984
1524208477752553472
1524208483373043712
1524208488058179585
1524208492957032448
1524208494811004932
1524208510023704576
1524208511886016512
1524208515149090818
1524208520085884928
1524208520526286849
1524208523609092097
1524208525559451649
1524208526733811712
1524208526750633984
1524208530479357953
1524208532110946304
1524208534010925056
1524208535554433024
1524208536951042048
1524208540914798592
1524208546367291393
1524208551190667264
1524208555934560257
1524208566076207105
1524208566529400839
1524208568542584832
1524208570421497857
1524208573810716673
1524208575199035392
1524208576784322562
1524208582157287424
1524208585705619456
1524208592215330819
1524208593951928322
1524208595746934788
1524208605796388865
1524208609541951489
1524208619843108864
1524208627191619584
1524208632728113155
1524208633436942336
1524208633617264643
1524208640827215875
1524208641208946689
1524208642500796417
1524208646288285698
1524208660649586689
1524208660557275141
1524208670283902976
1524208670845935616
1524208680526356480
1524208682338246656
1524208691519668225
1524208694719881216
1524208695705493505
1524208696842424321
1524208698347896832
1524208698624729088
1524208701707595777
1524208708321951745
1524208708942712834
1524208711656525824
1524208715259338759
1524208718107316224
1524208719814438917
1524208719969497088
1524208724394528768
1524208727879991298
1524208734079123456
1524208734750261249
1524208744904761345
1524208754245447681
1524208754161426432
1524208755801571328
1524208756606877699
1524208757764411397
1524208761069608968
1524208766522060800
1524208767285735424
1524208774403264512
1524208775850172416
1524208776517091328
1524208787258679296
1524208787170549762
1524208793969643521
1524208805600317440
1524208812357525504
1524208817336033472
1524208818221158401
1524208826328793088
1524208828040065024
1524208837133221888
1524208837682683908
1524208841256316930
1524208850211008512
1524208855261093888
1524208856032763904
1524208862466691072
1524208866912841728
1524208867412004865
1524208867571347456
1524208868716384256
1524208871283253248
1524208880603045888
1524208887955664898
1524208890006622210
1524208894037590016
1524208903432830976
1524208908985905152
1524208911166971905
1524208913985515526
1524208915004592128
1524208928682303488
1524208929718386691
1524208932922793986
1524208933304520705
1524208939356807168
1524208939285504000
1524208939323183104
1524208941361950720
1524208942880071682
1524208943857381378
1524208949867814914
1524208952652664832
1524208953370062848
1524208954234052613
1524208955240636417
1524208956884897792
1524208957580931072
1524208960416403457
1524208964648509440
1524208966137384961
1524208966825299968
1524208967693606912
1524208968100372483
1524208976476450816
1524208988975472640
1524208989357096961
1524208989319446534
1524208992892895232
1524208998278389760
1524208998647570432
1524209005828128768
1524209007640006656
1524209013042393088
1524209014619447304
1524209015130976256
1524209022961963010
1524209023742054410
1524209025231040514
1524209025780490240
1524209027256836096
1524209028796235785
1524209037633536004
1524209040821268486
1524209055790776320
1524209069413867521
1524209071746093056
1524209070701428736
1524209072177922049
1524209072924413952
1524209073813659652
1524209079614332929
1524209081413603328
1524209082810482689
1524209085348200448
1524209089454108673
1524209091106811905
1524209091366768640
1524209096223870977
1524209097935134722
1524209098861936640
1524209099466022912
1524209111054880768
1524209112816492544
1524209115182116865
1524209116385849346
1524209118805909506
1524209122324983808
1524209122534518784
1524209125164474370
1524209126594813953
1524209130872971264
1524209135507722240
1524209138661736452
1524209144290500611
1524209146748301312
1524209146807169026
1524209150514843652
1524209151173627904
1524209152003878916
1524209156735082500
1524209157196427267
1524209157682962432
1524209159465586691
1524209164112863232
1524209165266259968
1524209167979925507
1524209169577828352
1524209175160569857
1524209183243087872
1524209183624777730
1524209186623877120
1524209195448422405
1524209195788259329
1524209197524660226
1524209203107225600
1524209203459538944
1524209204227354625
1524209207217586176
1524209211718406144
1524209218450038786
1524209219607666690
1524209227648094211
1524209229426528257
1524209233675407360
1524209239178104832
1524209240545447938
1524209248711974912
1524209252105138176
1524209252625432576
1524209252923060226
1524209259671658496
1524209259877179393
1524209260409860096
1524209261118726147
1524209264709058561
1524209267032657921
1524209274284556288
1524209275966525441
1524209276604260352
1524209279938359296
1524209282589278209
1524209282631282692
1524209283017097218
1524209293410672641
1524209295058944001
1524209298250903555
1524209304315736064
1524209309869035522
1524209311186100224
1524209313165844481
1524209314126348289
1524209317230088192
1524209317142044674
1524209317825634305
1524209318798630913
1524209319087992832
1524209319713165313
1524209324888842240
1524209329993306114
1524209331431948288
1524209340223217665
1524209346300846082
1524209347340951558
1524209350163709953
1524209353108115459
1524209353561149440
1524209360049737730
1524209367272370177
1524209371777011712
1524209384292769794
1524209388747067392
1524209389493702659
1524209394656894979
1524209396049498113
1524209401241882624
1524209406170255367
1524209407902588930
1524209425073983488
1524209428857245697
1524209430237261824
1524209435735990274
1524209440404213760
1524209441360461824
1524209452668256256
1524209456745222147
1524209464496300032
1524209474445131776
1524209483144216576
1524209495177670656
1524209495362179073
1524209496687587329
1524209496607715329
1524209498218393601
1524209505021616130
1524209510193246209
1524209514282733577
1524209514609876994
1524209518971785218
1524209519496249345
1524209521190658053
1524209523665346561
1524209523770245121
1524209525674422274
1524209531299020800
1524209534545317888
1524209534650052608
1524209537825357825
1524209542392918016
1524209549909139460
1524209551142236160
1524209563322306560
1524209570398101504
1524209573451730944
1524209574798143488
1524209583639736321
1524209594729480193
1524209604825169920
1524209605936652288
1524209606423158784
1524209617110286337
1524209618729242624
1524209621547851778
1524209623020019712
1524209630003355651
1524209633329569792
1524209633933598720
1524209636919758849
1524209649074933761
1524209651293769729
1524209653336317952
1524209662073135105
1524209663042068481
1524209663893557249
1524209674517721088
1524209685846495241
1524209686903414784
1524209688555917313
1524209695057010688
1524209695942184960
1524209706775957510
1524209709586255873
1524209712312504328
1524209715227549696
1524209718494961667
1524209720004857856
1524209720436740096
1524209722471165952
1524209732004757505
1524209732126314497
1524209732310896642
1524209732390637568
1524209734986960902
1524209735033147395
1524209735469256704
1524209742226198530
1524209742721261569
1524209744231215105
1524209747150393346
1524209756948336641
1524209757946454018
1524209758953164802
1524209761725698051
1524209765194346505
1524209767257890817
1524209777022222336
1524209777655652352
1524209778821636096
1524209782743355392
1524209785574469633
1524209786606264322
1524209787327635456
1524209788703363073
1524209788715945984
1524209793312997377
1524209793438781446
1524209797087653888
1524209800741072896
1524209804452847616
1524209804574871552
1524209812254384135
1524209818155819009
1524209819686772737
1524209822844919808
1524209823822327812
1524209827320373248
1524209831426416641
1524209833079197697
1524209834157129730
1524209846463057921
1524209846811254784
1524209847138668544
1524209849516662784
1524209851693289472
1524209860073635841
1524209865710870534
1524209869246681088
1524209872123834368
1524209874233704448
1524209875303157760
1524209876259545089
1524209878251810818
1524209883708596227
1524209883788107776
1524209884442787840
1524209891396792326
1524209891887484929
1524209896731955202
1524209899818823682
1524209900020195336
1524209901093883905
1524209901253402626
1524209904122142720
1524209905829220352
1524209906210926592
1524209915320934400
1524209916671578113
1524209918634463232
1524209928109699072
1524209938611978242
1524209939815804942
1524209950368673793
1524209950779715584
1524209955351547904
1524209962930503681
1524209970950164481
1524209972741128192
1524209980131495936
1524209992554983424
1524210000272719877
1524210006077452288
1524210007482540034
1524210008438755328
1524210017209143297
1524210017926270976
1524210020094660608
1524210020661014528
1524210021508296706
1524210030681096192
1524210032803721218
1524210037689765889
1524210040592293888
1524210041125056514
1524210042068688897
1524210046766305281
1524210048150482945
1524210048326582273
1524210058950762496
1524210060917891074
1524210062063030272
1524210064361361414
1524210064298549248
1524210079419019265
1524210081793032193
1524210083013566464
1524210091611803649
1524210094036209664
1524210100063596544
1524210099371352065
1524210101766209537
1524210103783677953
1524210106862235649
1524210110679203840
1524210115020312576
1524210116601470977
1524210121420656640
1524210125459886080
1524210128928530432
1524210129243103238
1524210132854398977
1524210133521375232
1524210136994107393
1524210139766665217
1524210140823568384
1524210144103518208
1524210145441591296
1524210148314468353
1524210164907323393
1524210166664769536
1524210168770224128
1524210179813916672
1524210181889880065
1524210183039336448
1524210184347959296
1524210187183308800
1524210190622638083
1524210192052797441
1524210196968402944
1524210198755299334
1524210201494269954
1524210206829330443
1524210208548945920
1524210218799878145
1524210220913860614
1524210232976584704
1524210232997593098
1524210236294373376
1524210237183606786
1524210240790712320
1524210256829554689
1524210259413417984
1524210262311641092
1524210265398845445
1524210266317242368
1524210288538624001
1524210290946150402
1524210292749705216
1524210294179909632
1524210295325007872
1524210295396348070
1524210298974003206
1524210299171049472
1524210301301841921
1524210301314506757
1524210309216542720
1524210328724295680
1524210330112569344
1524210331689619456
1524210346633969665
1524210350903762944
1524210354854760448
1524210355425193984
1524210360747798529
1524210360932261920
1524210363855605761
1524210365525278720
1524210379307560960
1524210381123723267
1524210385309814785
1524210386131685376
1524210386102530049
1524210392217661440
1524210396625727488
1524210399511465984
1524210404834086914
1524210411364569089
1524210413717815298
1524210424241078273
1524210424467660800
1524210430021103616
1524210430335500289
1524210433153982464
1524210435309850624
1524210436329160704
1524210437726044160
1524210446466646016
1524210450732265472
1524210455186747392
1524210457003061248
1524210458294685696
1524210464863006721
1524210469975822336
1524210470684667904
1524210474585313287
1524210475025649664
1524210480021131276
1524210481426276358
1524210482277625857
1524210481027854336
1524210486304198658
1524210486979567629
1524210498048339968
1524210498169880578
1524210500879405059
1524210505048543233
1524210507670077440
1524210508630474755
1524210510429892608
1524210525378383872
1524210527907495937
1524210530117947392
1524210535134384129
1524210535708958721
1524210535474077696
1524210539810803712
1524210548019273733
1524210550774931456
1524210557641007104
1524210557955551233
1524210560790929410
1524210566574878721
1524210567707193345
1524210571851280385
1524210580252413952
1524210581821042688
1524210589194723334
1524210592386625540
1524210596090109954
1524210596509495296
1524210596945829890
1524210597008752640
1524210613609971712
1524210621218181120
1524210624284217344
1524210629292138496
1524210630160523266
1524210633310453762
1524210633075576832
1524210636850450436
1524210637781487616
1524210638846926850
1524210639857664002
1524210643125030913
1524210644035244032
1524210646434422788
1524210648296542208
1524210651631165440
1524210655741501440
1524210658484531200
1524210669209403404
1524210671293980676
1524210673084940288
1524210686850646022
1524210697499930624
1524210705238474754
1524210706689802244
1524210714839183360
1524210715128741890
1524210718408687616
1524210724331040770
1524210727933853697
1524210728193904646
1524210743318437888
1524210753317834752
1524210753716502528
1524210754236207104
1524210757335932929
1524210765481365507
1524210766525747200
1524210772808814593
1524210778856951811
1524210781562228736
1524210787358851073
1524210792069009408
1524210793469956098
1524210797043408896
1524210801782902784
1524210802558832641
1524210803632705537
1524210804391743488
1524210804651921414
1524210804891004928
1524210813581549569
1524210816555311104
1524210817259945985
1524210821315899393
1524210821194457090
1524210821538140169
1524210822511214593
1524210824440598529
1524210834486046720
1524210839372320769
1524210848448847874
1524210854140514305
1524210854811652096
1524210862822625280
1524210863393153024
1524210867562233862
1524210869940502528
1524210870867443714
1524210879876804610
1524210879981568001
1524210884356235267
1524210884662284289
1524210892787023872
1524210895714328576
1524210899598426113
1524210900445577216
1524210901657784321
1524210902807072768
1524210914039324673
1524210916337889280
1524210922528595970
1524210938022449153
1524210941319163905
1524210944330674179
1524210948374134784
1524210949598633984
1524210954237526020
1524210958020845568
1524210974647070720
1524210975016071168
1524210978241585152
1524210979935948801
1524210980921688076
1524210982997815296
1524210985359319041
1524210985753583616
1524210986189979648
1524210988433747974
1524210989226414080
1524210991445078016
1524211002455302149
1524211003600297985
1524211005051621376
1524211005244510209
1524211006800637953
1524211008658620416
1524211012286697472
1524211016292315136
1524211016724369408
1524211017294749702
1524211018087473155
1524211020528594946
1524211029680566272
1524211035934273536
1524211036743626753
1524211044092153856
1524211048785403904
1524211048768811011
1524211049754357760
1524211050291339264
1524211053886078976
1524211060097626113
1524211060147986436
1524211060957491200
1524211062236598273
1524211071011090433
1524211074286985216
1524211076669362179
1524211079584403456
1524211083149553666
1524211083153657856
1524211085515329536
1524211091202580481
1524211094725840897
1524211099058515969
1524211103865131008
1524211104985067520
1524211106541146113
1524211109603033089
1524211112476086272
1524211113222623237
1524211114933989378
1524211116963995649
1524211125545439234
1524211128632745984
1524211135733452802
1524211139231424512
1524211140850556929
1524211144042643456
1524211148962340869
1524211150786867202
1524211151323680769
1524211152552484864
1524211154763100166
1524211154926678020
1524211156394864640
1524211164430839808
1524211165559148545
1524211168822403072
1524211170705657857
1524211172009988097
1524211172140068864
1524211172903653378
1524211180029550594
1524211180633534465
1524211183066230785
1524211184500715526
1524211187424051202
1524211193266589696
1524211193824612352
1524211195280076801
1524211195875676160
1524211196253011968
1524211200346640384
1524211200539639808
1524211202796265473
1524211203668643840
1524211203949670402
1524211203895177216
1524211207527440392
1524211213848039424
1524211224006864898
1524211225793597440
1524211226838020096
1524211227899088898
1524211228281044992
1524211232563150850
1524211232907137025
1524211233842466817
1524211251139727360
1524211253077594114
1524211253228740608
1524211261399044096
1524211263315841024
1524211264943124481
1524211268290195457
1524211272916549632
1524211279677857793
1524211291275079681
1524211292575260672
1524211292432654338
1524211299051347973
1524211301152698368
1524211302155042820
1524211312053690379
1524211321104830464
1524211322363293696
1524211323814481920
1524211326381342725
1524211326985375744
1524211338578382849
1524211339551465472
1524211341476651009
1524211348619632641
1524211349999476742
1524211353568829449
1524211357406670849
1524211359226945537
1524211361546264576
1524211366046965763
1524211366386704391
1524211368378916865
1524211371742740480
1524211372208369665
1524211375702114304
1524211377048539136
1524211378357080064
1524211386078871555
1524211392915468289
1524211404164714497
1524211408124096512
1524211409428664322
1524211411005681664
1524211415187345410
1524211415468367874
1524211417066483712
1524211422590242816
1524211423412465670
1524211427782897664
1524211430647418880
1524211436246814721
1524211438855749634
1524211439229190144
1524211439556304896
1524211438855737346
1524211440663601152
1524211451614932992
1524211452625752064
1524211455708774401
1524211456274997249
1524211460548747265
1524211462922776576
1524211463442903042
1524211464998948864
1524211468333314048
1524211468496883712
1524211473656033281
1524211497052045312
1524211497752276995
1524211506501455872
1524211509177507840
1524211510565908481
1524211511480266752
1524211513174724609
1524211514009432065
1524211516400152579
1524211517800988674
1524211521752125440
1524211524235055105
1524211527246659594
1524211528009986050
1524211528547057664
1524211532179066881
1524211534167257088
1524211536574754819
1524211537480716288
1524211539225493504
1524211539603070976
1524211541712818176
1524211550457790464
1524211551170932737
1524211552257294336
1524211553272315905
1524211553238614016
1524211554367021056
1524211568031924225
1524211571983273984
1524211572209553408
1524211580476563456
1524211589754277889
1524211591356506113
1524211593285754880
1524211600663711745
1524211606858706952
1524211607366037504
1524211608276414464
1524211618682486784
1524211619676532736
1524211620376981504
1524211621249585152
1524211621794656269
1524211622960631808
1524211631684829185
1524211631986823169
1524211638961942528
1524211639330947074
1524211641226825729
1524211647325294594
1524211651230244865
1524211655206449153
1524211658771546112
1524211662550716416
1524211665369239553
1524211668745601024
1524211671933276164
1524211673267007488
1524211675003748352
1524211675615932418
1524211675997560832
1524211675875971074
1524211679331962880
1524211681228095488
1524211682091880448
1524211690698678275
1524211696411328512
1524211696826527745
1524211701343784960
1524211704523022338
1524211704577630209
1524211711049453569
1524211717949083654
1524211719442255874
1524211719735848960
1524211728283803649
1524211730045358080
1524211731920216065
1524211732616552451
1524211738652332032
1524211740258578433
1524211741898547200
1524211745778290691
1524211748076666886
1524211752476549121
1524211754112274432
1524211758613032961
1524211758742659077
1524211758721867777
1524211759422353409
1524211760886079488
1524211767085260801
1524211769446748162
1524211776031649792
1524211778753863683
1524211779362226176
1524211785598914563
1524211791370330112
1524211792477667329
1524211800635453441
1524211802019708928
1524211809158197249
1524211814329856000
1524211817781862401
1524211828158464000
1524211831019036672
1524211833837690885
1524211843895640065
1524211847246880771
1524211850401005569
1524211850803613697
1524211851151695874
1524211852309409798
1524211859548774400
1524211861180276738
1524211862639890432
1524211863612964869
1524211866947313665
1524211873284902912
1524211876887990272
1524211879228452866
1524211886178422785
1524211888036397063
1524211890603192321
1524211890880073730
1524211897335226369
1524211901277868034
1524211903295332353
1524211911184850946
1524211912204079106
1524211918680076288
1524211925088825344
1524211927395844096
1524211932353675265
1524211937906733057
1524211938175070208
1524211941878779904
1524211945146097665
1524211945993170945
1524211948161802240
1524211950573559811
1524211956177154050
1524211961147408387
1524211973503729668
1524211977173753857
1524211978780164096
1524211978809581568
1524211980319526913
1524211982521577474
1524211986594242561
1524211992747253763
1524211992914907136
1524211993296740352
1524211994802466818
1524211997738508289
1524212003099021312
1524212003522453505
1524212005523140610
1524212006823370752
1524212013798285312
1524212014704316416
1524212015052595200
1524212026142298112
1524212026293293057
1524212027899715585
1524212030818902020
1524212037294854145
1524212049336807424
1524212049726877697
1524212049949175814
1524212050066563075
1524212066470580225
1524212072539725825
1524212074137722884
1524212077988098049
1524212079175127043
1524212080085061632
1524212081490563073
1524212082664689664
1524212083725934593
1524212083772080129
1524212089019150342
1524212093234384896
1524212093385326592
1524212094664589317
1524212096279494656
1524212098120568832
1524212098691059712
1524212106442072064
1524212107419566082
1524212113912311813
1524212124846895105
1524212134502178816
1524212135819161600
1524212144019058689
1524212146263019521
1524212149404450820
1524212166437523456
1524212180798697474
1524212193553702915
1524212195625771008
1524212202168672256
1524212208783269888
1524212208770584576
1524212211035611136
1524212214797905921
1524212219176644609
1524212223266422784
1524212230073507840
1524212230564184064
1524212235194617857
1524212242190905344
1524212245110083591
1524212257189773313
1524212260893339648
1524212260977135617
1524212263334293505
1524212265687433216
1524212269466349568
1524212271311900673
1524212273031569409
1524212286478454784
1524212289867370496
1524212291494834177
1524212296154820608
1524212297744363521
1524212304577015808
1524212305201872896
1524212305986301953
1524212308641263616
1524212310247575555
1524212320783769600
1524212324978114571
1524212325275910144
1524212329927393281
1524212331059818496
1524212331663794176
1524212331672182784
1524212332800495616
1524212337648947200
1524212339482013698
1524212340769574913
1524212350647164928
1524212353344192513
1524212354321367040
1524212355118157824
1524212355860729856
1524212356078874625
1524212357311827969
1524212357878145024
1524212367097307137
1524212369810989056
1524212375137701888
1524212375783718914
1524212376140402689
1524212376882536452
1524212378241728514
1524212378459676672
1524212381097857024
1524212382356193284
1524212383643799556
1524212384755294218
1524212385514463232
1524212386328104961
1524212387955548161
1524212389834600449
1524212390086201344
1524212390732210179
1524212393152323585
1524212398537777152
1524212402333569031
1524212409044451328
1524212409421864962
1524212412399992833
1524212414744510464
1524212417898680320
1524212420033630215
1524212421174652928
1524212425930772481
1524212428955058176
1524212429424631808
1524212433853820928
1524212437599334400
1524212438186475526
1524212439058890752
1524212439432241152
1524212442053726214
1524212444582879234
1524212448168923137
1524212451427831808
1524212454640611328
1524212463821942784
1524212468645601280
1524212471380295680
1524212472189698049
1524212477462032384
1524212480372879360
1524212480855130112
1524212484533596163
1524212487851180032
1524212496080515073
1524212499020754952
1524212499314139136
1524212505337384960
1524212510378840065
1524212510827724801
1524212511633031168
1524212513742729219
1524212513914634240
1524212515164413953
1524212521258860550
1524212522735316993
1524212540997210112
1524212555320897537
1524212557967511553
1524212558315597824
1524212560131731458
1524212561192923140
1524212568440586240
1524212569547972610
1524212573347983362
1524212576590127106
1524212577563070464
1524212577697472512
1524212581506121728
1524212586593632256
1524212588841619457
1524212590246776837
1524212591010074627
1524212599138758657
1524212601726582785
1524212602267746305
1524212606927572992
1524212607879688195
1524212609322471424
1524212612682051584
1524212614443589633
1524212615244918784
1524212627886559233
1524212631246184449
1524212638686892033
1524212640351879168
1524212640561696768
1524212646098128896
1524212655451361281
1524212657989033984
1524212660073496576
1524212661805887488
1524212663001051136
1524212667853983745
1524212674753708035
1524212676494336001
1524212686858375168
1524212687046987778
1524212693397217280
1524212693590327298
1524212695884603393
1524212697490894849
1524212698401148931
1524212700875735040
1524212701249122308
1524212704180768768
1524212708899311616
1524212712011714561
1524212712091394048
1524212716096921603
1524212718080872448
1524212718932135936
1524212720425332736
1524212723915100161
1524212728352628738
1524212729577447425
1524212731292921856
1524212735709528064
1524212739106873344
1524212741480730624
1524212749210816512
1524212756613849089
1524212758677311488
1524212760296722432
1524212762217689090
1524212764968902657
1524212771797315584
1524212776327331840
1524212777707057155
1524212778332041217
1524212787165073410
1524212794056450048
1524212800310353920
1524212801060753408
1524212801354489856
1524212802453479424
1524212802638036993
1524212807054639104
1524212812251238400
1524212812754698240
1524212819670929408
1524212822707777537
1524212826864300033
1524212828407689216
1524212829829672970
1524212834183299072
1524212834460176384
1524212837333229571
1524212838218313730
1524212847122784256
1524212847571525632
1524212849547042817
1524212852021678092
1524212852281729024
1524212854060208128
1524212855905861632
1524212860523630592
1524212862465445888
1524212868773785601
1524212868685746176
1524212882921201669
1524212885135659009
1524212889783046144
1524212890038845441
1524212901380120576
1524212909768949761
1524212916458860545
1524212917926776833
1524212918232956928
1524212930769739776
1524212932158054400
1524212937988182017
1524212938248232960
1524212938382491649
1524212942010556416
1524212942857994240
1524212944170405888
1524212949258227715
1524212952395563013
1524212960888909827
1524212967364956160
1524212968531304448
1524212970183614464
1524212972016570370
1524212975304941572
1524213000047058945
1524213007378751489
1524213013435232256
1524213015373037568
1524213018850172929
1524213022390112257
1524213025682911232
1524213026454441987
1524213027100413952
1524213027574329350
1524213029222633472
1524213030749609984
1524213032317898752
1524213032850792448
1524213036680105984
1524213049820946432
1524213052513701889
1524213053230923777
1524213061804036096
1524213062089142272
1524213063498534912
1524213068867452928
1524213072147087360
1524213074881912834
1524213082473607170
1524213083534770177
1524213083807301633
1524213083853496320
1524213084960743424
1524213093160693760
1524213093542207488
1524213096264310784
1524213104292286465
1524213114471960577
1524213114966794241
1524213118641098753
1524213121845538816
1524213122776670209
1524213123816820737
1524213123992981504
1524213128669581315
1524213140644413440
1524213143244886021
1524213144809259008
1524213144687550464
1524213147963465728
1524213149569667072
1524213149972447232
1524213152400875521
1524213153264979968
1524213154909196290
1524213155576045569
1524213166594531331
1524213172466765824
1524213185066192902
1524213194813808641
1524213196755808256
1524213199918280705
1524213201549742080
1524213203735126017
1524213204846579712
1524213206029201409
1524213209468739585
1524213210542493697
1524213218687729664
1524213226325557257
1524213227663486978
1524213228137549825
1524213230222016512
1524213233678135296
1524213234168868864
1524213239432765440
1524213244432240647
1524213261629292544
1524213263294210049
1524213263701090304
1524213266318249987
1524213269338234880
1524213277697671173
1524213277651308544
1524213278637178880
1524213282239823872
1524213285595365376
1524213286492803079
1524213290632720384
1524213297989537793
1524213302083354624
1524213306474795010
1524213307850334210
1524213309330927617
1524213312140980224
1524213313697198081
1524213316905803776
1524213326066069504
1524213329052549120
1524213330067394560
1524213336195624960
1524213348363087872
1524213353241276416
1524213353207549953
1524213357817085953
1524213357804494849
1524213364666294272
1524213365350047746
1524213368286064642
1524213368986427393
1524213370186043393
1524213371096215552
1524213375252799488
1524213382492016640
1524213388943007746
1524213392436711424
1524213396132044801
1524213400930201602
1524213406491885568
1524213410505842692
1524213418907123714
1524213419209105408
1524213421151031296
1524213422404947968
1524213423864946688
1524213433427795968
1524213440432193536
1524213441455611905
1524213447038230528
1524213451131863040
1524213453430304768
1524213456462704640
1524213457620373504
1524213458983657473
1524213461781204992
1524213468802523136
1524213472191557633
1524213473059745794
1524213474036961280
1524213476964634624
1524213479653068800
1524213488654368768
1524213490004766720
1524213493745917955
1524213493892739072
1524213493909569536
1524213504437334016
1524213504655429632
1524213514897821696
1524213515703111681
1524213515934138369
1524213516718252032
1524213522288332802
1524213526872567809
1524213527396950016
1524213533772296192
1524213536754475009
1524213538088263681
1524213541737226241
1524213547282366465
1524213552155742208
1524213552965423108
1524213556257955840
1524213556996018176
1524213560594907138
1524213560947220480
1524213562494709760
1524213563321159680
1524213567758778368
1524213568719233025
1524213569524490242
1524213575614705664
1524213577409736704
1524213588746977281
1524213589996802048
1524213591922028544
1524213602319839234
1524213603100168196
1524213606530883585
1524213608594481153
1524213610444062720
1524213613799645185
1524213614848184328
1524213637937864704
1524213641620467712
1524213643843452930
1524213648847167488
1524213657260990465
1524213657747525637
1524213658225569792
1524213661044195329
1524213661052588032
1524213667541233665
1524213672863744003
1524213673669111808
1524213680338046977
1524213682015723520
1524213685815635968
1524213688542003201
1524213693747109889
1524213696465154049
1524213698335842305
1524213701636771841
1524213708657995777
1524213708829995008
1524213715859656705
1524213717361037314
1524213719378575364
1524213721643462656
1524213723153412100
1524213726571896833
1524213728979435520
1524213732791967750
1524213739263778816
1524213747820204032
1524213753293778945
1524213756087177216
1524213760772169728
1524213762240229377
1524213767214714880
1524213768653352960
1524213779340308481
1524213787208863745
1524213788723003393
1524213789922668550
1524213798525153282
1524213802958561281
1524213805081063424
1524213808578760704
1524213809413443584
1524213810801881089
1524213817324056578
1524213818108358658
1524213823175110657
1524213824911560707
1524213830460583937
1524213830699687936
1524213836752080897
1524213842120790020
1524213848043106304
1524213848458334208
1524213848839970822
1524213851323092995
1524213852631703552
1524213857283149825
1524213863964717057
1524213865256341504
1524213867189964800
1524213869580890112
1524213871518568448
1524213881941417984
1524213882159566849
1524213887243071488
1524213888778088449
1524213889507942401
1524213891277987841
1524213898412544000
1524213907107323906
1524213909258969093
1524213911419080705
1524213912425713667
1524213914342330369
1524213917374951425
1524213923595145217
1524213930410840065
1524213931438452743
1524213935418793984
1524213940506578945
1524213942825979904
1524213946441515008
1524213946265194496
1524213946894499840
1524213950618865664
1524213952070045697
1524213955341824000
1524213955433926656
1524213957153624066
1524213958068117511
1524213963742924800
1524213965408157700
1524213967861678080
1524213968566370311
1524213969686200321
1524213974614650880
1524213977189797889
1524213978175623168
1524213983791702017
1524213985956016129
1524213987029749760
1524213999205851137
1524214004297650176
1524214007787307008
1524214008743546885
1524214011302010880
1524214017027366915
1524214019212652544
1524214019195691009
1524214021733376001
1524214023905898496
1524214030386319360
1524214035289284608
1524214042432196608
1524214046181969921
1524214054671298560
1524214061491277827
1524214065362518016
1524214067548004353
1524214077706407943
1524214079996506112
1524214079933587456
1524214081405730816
1524214083943288832
1524214086166355970
1524214091002396673
1524214100892565505
1524214103652413440
1524214111965491206
1524214112946900994
1524214115643895809
1524214116403101697
1524214118818926594
1524214120261857282
1524214127790465024
1524214128012800001
1524214134065221636
1524214134119743489
1524214138507075587
1524214140658626560
1524214141799571457
1524214143649206272
1524214144202858496
1524214150007865345
1524214150376873985
1524214151249383425
1524214152742379520
1524214157704404997
1524214161315704832
1524214162020315136
1524214162322300928
1524214169062543360
1524214173349126149
1524214176389812224
1524214179560837122
1524214179900633088
1524214179896475649
1524214180190081024
1524214182517907458
1524214184409509888
1524214195993989121
1524214201694232576
1524214203065769985
1524214210535829504
1524214212305772544
1524214214692380672
1524214221629804545
1524214222275633155
1524214222447595520
1524214225572605952
1524214225689849859
1524214225517924353
1524214230609580032
1524214231008104455
1524214231998119937
1524214232878919680
1524214234338504704
1524214235366055938
1524214243029143552
1524214245696679936
1524214246489399296
1524214246866776064
1524214250327191552
1524214253363769344
1524214254546554881
1524214257251987456
1524214262201266178
1524214264218669056
1524214265363718144
1524214271013535744
1524214274121416704
1524214277833478146
1524214280954028032
1524214286935019522
1524214290936332289
1524214295692816385
1524214296934297600
1524214297265684481
1524214301095079936
1524214302168784896
1524214314235686913
1524214319344496646
1524214321634418688
1524214329175908355
1524214329297539072
1524214331784769537
1524214333579960326
1524214333978333184
1524214335400124416
1524214338109726721
1524214339678490625
1524214342278946816
1524214350193606661
1524214352873943040
1524214354606014465
1524214360104574976
1524214365054021632
1524214366341640194
1524214367478288385
1524214367910346752
1524214369298563075
1524214373547491328
1524214383970201600
1524214385945845760
1524214392543457288
1524214392916779010
1524214394359529473
1524214394892296193
1524214395588554753
1524214396561641472
1524214400139337735
1524214400571351041
1524214400613335040
1524214401267503106
1524214405331881985
1524214405658992642
1524214411228975106
1524214412676157442
1524214417264496640
1524214421366706179
1524214423258378240
1524214427293208576
1524214427876315138
1524214427964547073
1524214430070095873
1524214431839920128
1524214437133045760
1524214437707751427
1524214440853450752
1524214441939775488
1524214442300370949
1524214442908692480
1524214444875784194
1524214445874032641
1524214447081811968
1524214449338527744
1524214451158794243
1524214451410550784
1524214454409625600
1524214457672548352
1524214458914152448
1524214460939911169
1524214463133593607
1524214470595293185
1524214476626661379
1524214478690168832
1524214479256436736
1524214480955219968
1524214489645600768
1524214491067600896
1524214496474005504
1524214502937579521
1524214508755030017
1524214512756441088
1524214516904566787
1524214518162681858
1524214520352178176
1524214524685000705
1524214525075013632
1524214525175681032
1524214530355515392
1524214530913542144
1524214531886563329
1524214536496156672
1524214536798150656
1524214539893452800
1524214546742882304
1524214546755424257
1524214549733425152
1524214552841560065
1524214554007322624
1524214555492057088
1524214558507868161
1524214558856212480
1524214559715860481
1524214566619598850
1524214569052299265
1524214569610235905
1524214573791862784
1524214575750647813
1524214577235304449
1524214578015621120
1524214582109032449
1524214589218566144
1524214595040149504
1524214601721970688
1524214605068701698
1524214611658035202
1524214615512649729
1524214626212270082
1524214638136770562
1524214642834554880
1524214646449655810
1524214650404884481
1524214653903163397
1524214655597662209
1524214660454563842
1524214661016563713
1524214662052515840
1524214668327325696
1524214672144179204
1524214674346098688
1524214688711589889
1524214689240174599
1524214689386872832
1524214690808844288
1524214701638524929
1524214702749978624
1524214712312946688
1524214711855853569
1524214714062061569
1524214725906735104
1524214726921572353
1524214731308949508
1524214732491825152
1524214732609277958
1524214739425013761
1524214746068701184
1524214748690137088
1524214755610800129
1524214758206967809
1524214758206951424
1524214759389810688
1524214770412314624
1524214769833717760
1524214771091968001
1524214781661614080
1524214788133371904
1524214790842765315
1524214804872896518
1524214805229363202
1524214812120686592
1524214815618654208
1524214818747699201
1524214818974191616
1524214821964718080
1524214828125933575
1524214831007608833
1524214833574563840
1524214835172581376
1524214836535648257
1524214837034762240
1524214837156401152
1524214840906104832
1524214841027829760
1524214852943851522
1524214854948634624
1524214856806592512
1524214858270613504
1524214858258042880
1524214859155623936
1524214859273060354
1524214862175518721
1524214865040220160
1524214876805160963
1524214878130614273
1524214882291404801
1524214886313648129
1524214890616918016
1524214891325890564
1524214897567055874
1524214904831594496
1524214909877121024
1524214914428063744
1524214917150265345
1524214917670518784
1524214920950263808
1524214922590277632
1524214934330314752
1524214937878515713
1524214939350577152
1524214942039035904
1524214944329252864
1524214946824790017
1524214949207232513
1524214952722145280
1524214952831160322
1524214957604225024
1524214958132584448
1524214961429430272
1524214968249466880
1524214976139137024
1524214978085105665
1524214978709917697
1524214980614270978
1524214997269815296
1524214999421435904
1524215000377831426
1524215008984322048
1524215012134469634
1524215016567754752
1524215022636908545
1524215023295471616
1524215023735824385
1524215028643250176
1524215031013036032
1524215036490960897
1524215036905938944
1524215040718553088
1524215043058974722
1524215043478466560
1524215043436515329
1524215047903404032
1524215050621403136
1524215057407696898
1524215058879942658
1524215059110670337
1524215059249045504
1524215059756552195
1524215061090226176
1524215061559926784
1524215062013034498
1524215067083956225
1524215069357363200
1524215069466316800
1524215070569467906
1524215073224462336
1524215074830880768
1524215084964265991
1524215093646528512
1524215098277048322
1524215101091459072
1524215102752407552
1524215107772948480
1524215110025322498
1524215112344690688
1524215116442570753
1524215117482799107
1524215121081663488
1524215122134196224
1524215125053370368
1524215125187694595
1524215135975485440
1524215136256466949
1524215137955205120
1524215143655264257
1524215153402728459
1524215153767682051
1524215156607275009
1524215157865553920
1524215163725004800
1524215166866497540
1524215167676030977
1524215170716913664
1524215175301279744
1524215181592887298
1524215182196678656
1524215183425605632
1524215183731736581
1524215186508247041
1524215196171993088
1524215198797778945
1524215203013046272
1524215206364299264
1524215208914337792
1524215215247835136
1524215216250265600
1524215221790859265
1524215227264475137
1524215232742236161
1524215235359514630
1524215236932288513
1524215238513422336
1524215242087149572
1524215251524362242
1524215253763911680
1524215258428047360
1524215261808803841
1524215262215655424
1524215271342452736
1524215285732892673
1524215288748822528
1524215296038522881
1524215298945167360
1524215304049639425
1524215310567444482
1524215310605242368
1524215315843796992
1524215318452658176
1524215319941820416
1524215326069739522
1524215332063297537
1524215332663177217
1524215334340894720
1524215335066472456
1524215339663437824
1524215346890264577
1524215352518868992
1524215363168260096
1524215368616710148
1524215372467081219
1524215372748103680
1524215375604457473
1524215377269600257
1524215377470894081
1524215379727462404
1524215380079742978
1524215381644226562
1524215381426069509
1524215381950357504
1524215385465274369
1524215386518048769
1524215387256143873
1524215392738377729
1524215393572773888
1524215404176023555
1524215405220438016
1524215412916998144
1524215412996640769
1524215415928410113
1524215416721223680
1524215423130128385
1524215426242199553
1524215428557545472
1524215430486843394
1524215439403888640
1524215440276344832
1524215441236897792
1524215450409869312
1524215457913483264
1524215459037556737
1524215459700215810
1524215461956653057
1524215463143784450
1524215465635110914
1524215466193039366
1524215470563409920
1524215473465876480
1524215475600863232
1524215477806981120
1524215478826188801
1524215482089361411
1524215484173864960
1524215487848230914
1524215491094536193
1524215492956856320
1524215495041323008
1524215495569952773
1524215495754665984
1524215496228446208
1524215497344045061
1524215502884773888
1524215503635595264
1524215504545751043
1524215513987321856
1524215519942828032
1524215528641945604
1524215530844037121
1524215530932084739
1524215532584505344
1524215535789088768
1524215536028069888
1524215536124829697
1524215541119995904
1524215541514260485
1524215547210059776
1524215547646382081
1524215548397170688
1524215569066700800
1524215570841112576
1524215571893551104
1524215573722378242
1524215575941111808
1524215581003722753
1524215582899417089
1524215584392716288
1524215586473000966
1524215593120980992
1524215595947937792
1524215599534153730
1524215601681604609
1524215604810780673
1524215608635801600
1524215612045770752
1524215615334064129
1524215621659119616
1524215621927542785
1524215622581862400
1524215624922107904
1524215625832411136
1524215627149365249
1524215628072116225
1524215630341181440
1524215630802554880
1524215633021444097
1524215634959110147
1524215635617755136
1524215641154244610
1524215644497006592
1524215647567237121
1524215653967745025
1524215654777192448
1524215656723492864
1524215666546556929
1524215667729313792
1524215672238137345
1524215676814213120
1524215677233643520
1524215679443869696
1524215681641848832
1524215690990866432
1524215698477641728
1524215698574086145
1524215701166252032
1524215703393472514
1524215703716470785
1524215710720831488
1524215718279012353
1524215728177651714
1524215730983555072
1524215731704893442
1524215733156163584
1524215735551098881
1524215746967920640
1524215753985060865
1524215756061294598
1524215762461802496
1524215764777160705
1524215767281156096
1524215768111628289
1524215771320418304
1524215779985612803
1524215784087556097
1524215785685671936
1524215794682503170
1524215796716740612
1524215798599872512
1524215801296736258
1524215805625257985
1524215809354129418
1524215810343903232
1524215812529213441
1524215818342604800
1524215818585792512
1524215820125192194
1524215820322234368
1524215826962055168
1524215831495856128
1524215834608087040
1524215838533955590
1524215839834005507
1524215840396263425
1524215842115932160
1524215848986189824
1524215849938210821
1524215854698835968
1524215856640761856
1524215860814290947
1524215864840495104
1524215866325450752
1524215867784970249
1524215874009419776
1524215878178406401
1524215882955694085
1524215883945631746
1524215884071505923
1524215896042000384
1524215898525024257
1524215900106153984
1524215902102769666
1524215902178357248
1524215909870669829
1524215910680178690
1524215915235225607
1524215917026373632
1524215917265178625
1524215917537865728
1524215917831405569
1524215927054733312
1524215930032730115
1524215930976444416
1524215931693674496
1524215931638992896
1524215932503035906
1524215935279808512
1524215942468845571
1524215944519823360
1524215948315615232
1524215950282833920
1524215951331594240
1524215953864765440
1524215958981779461
1524215966032437249
1524215971740897283
1524215977642233856
1524215991399550976
1524215998445936643
1524215998617948161
1524216001126182913
1524216009590292482
1524216009770430465
1524216014300499970
1524216020289871872
1524216024303767552
1524216024077373442
1524216027764117504
1524216032973361154
1524216033892093955
1524216036584742912
1524216050513965056
1524216053991096320
1524216060408389633
1524216060836122625
1524216062631370756
1524216064585854976
1524216068058894342
1524216071695310850
1524216072563564546
1524216073867956224
1524216083640692738
1524216084244713477
1524216084643074050
1524216084781486082
1524216086006091776
1524216087545466880
1524216093035929600
1524216098379415552
1524216101261000710
1524216102108241921
1524216102653501444
1524216105534906368
1524216105979592704
1524216105883078662
1524216110580699137
1524216111818055680
1524216112832987137
1524216117576802304
1524216122546946048
1524216124862177280
1524216128209399809
1524216133938728960
1524216138158256134
1524216138875518981
1524216138871234560
1524216141547249664
1524216144697122816
1524216152066383873
1524216156915122178
1524216159922499593
1524216177182007300
1524216179447021570
1524216183498629120
1524216186124353537
1524216186514415616
1524216188775063555
1524216189949558784
1524216190490464256
1524216190616231937
1524216191274958848
1524216193342656512
1524216195636936704
1524216198958919681
1524216200682737665
1524216210841292800
1524216217896034304
1524216221088251904
1524216231481737217
1524216233163427840
1524216237571842048
1524216241287749640
1524216248539754496
1524216252545257473
1524216261202247680
1524216267032379393
1524216268584325120
1524216272698834946
1524216282278637570
1524216283654496257
1524216285818540032
1524216286351343616
1524216291099348997
1524216294060355584
1524216298976301056
1524216306052050946
1524216311743623168
1524216311101984769
1524216316881690626
1524216318337167360
1524216336452399104
1524216338000101376
1524216342936793088
1524216343746146304
1524216344295706631
1524216346602582018
1524216348418752513
1524216349559504898
1524216350805135361
1524216361613942787
1524216365241954305
1524216366349398017
1524216370182987781
1524216372494016512
1524216375274840064
1524216379322343426
1524216381033500672
1524216389082521600
1524216392358236161
1524216393885003777
1524216394543419392
1524216403359846400
1524216403846381569
1524216404672917504
1524216409580089346
1524216410137841665
1524216414009184256
1524216417972899842
1524216419897987075
1524216420401397760
1524216420942467074
1524216425061273601
1524216433185640449
1524216435710509056
1524216437690220549
1524216439695159297
1524216439858728960
1524216441792249857
1524216449266372609
1524216454001963008
1524216460469538816
1524216469122433025
1524216469860622337
1524216471798181888
1524216480098881536
1524216481155792896
1524216483588579328
1524216486449012738
1524216489309519881
1524216495592591362
1524216496435736576
1524216496712474624
1524216499040587776
1524216505256325122
1524216511430332420
1524216517025533952
1524216519416172549
1524216521538478080
1524216526928293894
1524216530405232640
1524216530631905281
1524216538873663491
1524216540698136576
1524216542061379588
1524216543684485122
1524216544120684545
1524216544720531457
1524216551087517698
1524216553478234112
1524216558939168770
1524216559241416711
1524216559811842049
1524216565222318080
1524216568737058817
1524216572419747840
1524216573921492992
1524216574936109056
1524216577176002560
1524216577646022656
1524216578920824837
1524216586047037446
1524216591721938945
1524216596499255296
1524216600819343360
1524216604703264770
1524216609153318913
1524216612814950400
1524216613775364097
1524216617789394946
1524216621824454656
1524216630766579714
1524216637687144448
1524216639432052736
1524216644435853312
1524216645866065920
1524216645966729218
1524216647153766400
1524216648504209408
1524216646847680512
1524216651411259392
1524216657194926081
1524216659162157056
1524216665076125697
1524216667617832962
1524216668028817410
1524216670457241603
1524216672986406912
1524216682318864384
1524216683010928641
1524216694276861953
1524216697573593088
1524216698563346432
1524216698718597121
1524216698659762176
1524216701444784128
1524216706272571392
1524216706335395843
1524216708768178176
1524216709376516096
1524216710538174464
1524216727130755072
1524216728246374401
1524216734177271808
1524216742658125824
1524216745845739525
1524216750455336960
1524216753907191808
1524216754502778880
1524216755287216129
1524216763038285825
1524216763206021120
1524216764313317377
1524216764665630721
1524216766607642624
1524216768755032070
1524216769531031553
1524216771099701249
1524216772513128451
1524216774555746304
1524216781283504128
1524216782113984513
1524216782466076672
1524216786786291713
1524216791899287552
1524216794768195585
1524216795573407745
1524216795967766528
1524216796982689797
1524216796949196802
1524216807032188928
1524216807573364741
1524216810220007424
1524216812619145216
1524216813210505216
1524216817341939713
1524216817341939716
1524216822307958784
1524216823415255040
1524216827471175681
1524216830017118208
1524216831744954368
1524216832143540227
1524216838036631552
1524216840662179841
1524216841148801033
1524216841865818112
1524216846941134849
1524216849206067200
1524216852259360768
1524216852150427648
1524216853022789638
1524216854276943872
1524216858819321859
1524216864162914306
1524216864917757952
1524216865395945472
1524216877005873152
1524216878725419008
1524216881485389826
1524216882311671808
1524216885277040643
1524216887751712768
1524216892457914368
1524216893053276161
1524216895968268288
1524216898266796033
1524216902515634179
1524216915949883392
1524216923139063810
1524216924485300226
1524216929665396736
1524216932353941505
1524216934136377345
1524216934199435264
1524216936015478784
1524216943263289349
1524216955540058113
1524216956861263881
1524216966923304961
1524216976012455938
1524216979380477953
1524216979955097603
1524216980257005568
1524216980286357509
1524216981544706050
1524216984854048768
1524216987185909760
1524216989274853379
1524216991489404929
1524216994668503041
1524217001014669313
1524217012813185025
1524217018098098181
1524217019100446720
1524217020006297600
1524217023508664322
1524217023919804416
1524217024758566913
1524217026310406144
1524217029741494272
1524217032459182080
1524217037375037443
1524217037899280384
1524217042311733255
1524217043830124545
1524217046657114112
1524217053195890688
1524217054236221442
1524217056350117891
1524217058271051777
1524217059034419201
1524217060007583747
1524217060921909248
1524217061131624453
1524217063740518400
1524217064671649794
1524217065183326210
1524217077275500545
1524217081603973120
1524217085953511426
1524217092471332864
1524217092991377408
1524217115313676288
1524217115833626625
1524217118501257216
1524217120476872707
1524217121265356800
1524217121537990658
1524217125472284672
1524217128789946368
1524217131780423682
1524217137442684929
1524217138386415616
1524217139627966467
1524217139883913218
1524217146284326912
1524217146359914504
1524217147379142656
1524217154073071616
1524217157915131905
1524217165594828801
1524217167671173120
1524217167763415040
1524217171173277696
1524217172347793408
1524217175015407617
1524217176927911936
1524217179058671618
1524217180874706944
1524217181784879105
1524217188579643392
1524217190236442625
1524217191192829956
1524217192912326656
1524217195588423682
1524217197677232128
1524217200013307904
1524217201862975488
1524217202391404544
1524217202563375105
1524217204337778689
1524217207349297153
1524217207466737665
1524217212206202881
1524217214114619393
1524217214882115586
1524217216928993280
1524217221228208128
1524217221710557184
1524217226370293760
1524217232103985155
1524217233760821250
1524217236126420992
1524217236436754432
1524217236395032577
1524217238475055110
1524217238730854401
1524217251536289793
1524217259576619015
1524217259769565184
1524217260994437120
1524217261279838208
1524217264576344066
1524217265377398789
1524217265398460417
1524217266358956033
1524217267071987713
1524217267961090053
1524217268271525888
1524217276257513472
1524217278543319041
1524217284142800896
1524217288391540738
1524217290065162243
1524217291340193792
1524217300475392000
1524217313649692677
1524217313721004034
1524217316170297344
1524217316719878145
1524217317516881920
1524217317906960384
1524217318330486786
1524217323879546885
1524217328132628487
1524217334436536320
1524217337989189632
1524217338870083585
1524217341638111232
1524217342062129152
1524217348768555009
1524217351922724870
1524217352673447938
1524217353134690304
1524217357836570624
1524217358377799682
1524217358969151490
1524217359594102790
1524217359904350208
1524217365394825218
1524217366887940096
1524217369236758530
1524217375159107584
1524217375536599042
1524217376627068928
1524217377163993089
1524217379915448325
1524217382046216192
1524217384520720384
1524217385623986176
1524217394817867777
1524217396202209280
1524217406931054592
1524217410496057344
1524217410969948166
1524217411691503616
1524217415118188545
1524217417756512257
1524217433707642880
1524217434575671296
1524217435422957569
1524217437847101440
1524217444985880576
1524217446672048128
1524217447011819521
1524217461654106112
1524217468067401728
1524217493216182272
1524217500413710336
1524217502842056704
1524217504284913664
1524217507191656448
1524217507669762049
1524217508504481792
1524217510828154881
1524217511457263618
1524217512367378432
1524217512317100033
1524217513382662144
1524217514116276224
1524217518528745473
1524217522668523520
1524217525424242689
1524217526145613824
1524217527634567169
1524217538686877696
1524217546664251393
1524217550741069825
1524217562418094081
1524217567040188416
1524217571536510978
1524217574417960961
1524217574342656000
1524217576531927041
1524217581468622853
1524217584115228672
1524217587177070592
1524217589790289921
1524217594118807553
1524217595871825922
1524217597121769472
1524217599285989378
1524217599839506432
1524217600850284545
1524217613181718531
1524217616419549187
1524217620743999488
1524217624737075200
1524217631691190273
1524217632429428736
1524217633184403461
1524217633708642304
1524217644559343619
1524217648124502018
1524217651018354688
1524217657981116416
1524217660602564612
1524217660971663361
1524217663831961600
1524217664230629381
1524217669997711360
1524217672283697153
1524217675597107202
1524217676121399300
1524217678638071808
1524217681951727616
1524217684476706816
1524217685562822658
1524217688091996160
1524217692592525312
1524217696195383297
1524217696321257473
1524217704487469057
1524217705976500224
1524217706559545344
1524217708333600768
1524217708862373888
1524217709432651777
1524217710128685058
1524217710175039496
1524217717883998214
1524217721206063106
1524217721176662016
1524217728676081667
1524217730638917633
1524217735919636485
1524217736913735681
1524217739275030529
1524217740701188096
1524217740772392961
1524217753850232833
1524217757268643842
1524217767334846465
1524217771516645377
1524217779712413702
1524217785953492993
1524217786658025472
1524217786666528777
1524217804160966656
1524217805188386817
1524217819713441792
1524217827351306243
1524217830740213760
1524217831952420865
1524217832397025281
1524217833097416706
1524217837576986624
1524217843155353606
1524217845198041089
1524217846267580417
1524217850256400389
1524217855151124480
1524217875065622528
1524217878672728065
1524217892388192259
1524217892522414082
1524217895215058944
1524217895412240384
1524217905000468482
1524217905260421120
1524217908301283329
1524217910163648512
1524217912675897345
1524217921056251904
1524217924914921473
1524217925539872773
1524217926999490564
1524217931445542912
1524217931797696517
1524217933983059971
1524217943114104832
1524217949510324231
1524217952295440386
1524217952941264899
1524217953473818625
1524217953549492224
1524217959941427200
1524217972369334273
1524217972600016898
1524217972897820672
1524217976903421954
1524217980003012608
1524217995689607168
1524218000483954688
1524218005059620865
1524218005915381760
1524218008830464003
1524218013783838722
1524218014962487301
1524218015742631936
1524218016707358720
1524218018514948097
1524218019634978817
1524218022285750273
1524218024747753473
1524218028187164673
1524218032016572416
1524218032108752896
1524218034101141504
1524218034373734402
1524218035116163076
1524218037016145923
1524218037552893952
1524218045111193600
1524218047187324928
1524218047212363776
1524218055789879297
1524218057408794626
1524218057694105601
1524218064090271744
1524218064266534912
1524218067420655620
1524218067957526532
1524218069731749888
1524218072944590849
1524218077025812480
1524218078661328898
1524218082658377728
1524218084596142080
1524218085280030720
1524218087544868865
1524218090061549569
1524218094020931586
1524218095123894273
1524218101583302657
1524218102946443264
1524218109799796737
1524218111565520896
1524218111800614915
1524218112903725056
1524218115357552641
1524218121925627904
1524218124077260800
1524218124366585856
1524218131992006656
1524218133644460033
1524218135506821122
1524218148739854336
1524218150224547840
1524218162669137921
1524218163721695232
1524218164158078977
1524218165546213379
1524218167110901763
1524218169027571712
1524218170487189505
1524218171225423874
1524218171900715008
1524218181816320000
1524218185985241090
1524218187381837825
1524218187792977922
1524218188174696449
1524218189546143745
1524218191223926785
1524218195619495936
1524218197343293440
1524218197884428294
1524218198001963008
1524218197846732801
1524218202796044288
1524218205501280256
1524218206411317248
1524218209129443328
1524218220793798659
1524218221158535168
1524218228368723968
1524218229337767936
1524218231719931906
1524218232307077120
1524218236073652227
1524218239743676416
1524218249319223302
1524218255254171650
1524218256004947969
1524218257909108736
1524218261499305984
1524218263647006722
1524218264095760385
1524218265232359426
1524218265534439424
1524218267941969921
1524218268218802179
1524218272450859013
1524218273184714754
1524218275445587968
1524218280365498368
1524218280587706369
1524218290750509056
1524218305489342465
1524218305556488194
1524218316839079936
1524218319410061313
1524218321234804736
1524218322207887360
1524218327517827072
1524218331280310272
1524218332920127488
1524218334136266752
1524218334719488000
1524218335197646850
1524218337965789184
1524218338536091648
1524218339886870528
1524218362531778561
1524218364339621888
1524218368508653568
1524218371209928704
1524218375735587011
1524218380651274240
1524218386342948865
1524218420182634501
1524218421545959424
1524218422938193920
1524218425731522560
1524218430538268672
1524218431280750593
1524218433281441792
1524218435856736258
1524218436225847296
1524218436867567616
1524218443347771393
1524218447307149313
1524218453305044992
1524218454857105409
1524218456115142660
1524218457054715904
1524218460619919362
1524218472435044358
1524218479737548801
1524218482040127489
1524218482543501314
1524218483055202305
1524218494707171328
1524218495478730752
1524218503858950145
1524218506363142144
1524218508691001344
1524218512109195264
1524218519482773505
1524218522553012224
1524218524822274049
1524218525556129792
1524218526508240896
1524218527326121986
1524218534917816322
1524218538013118464
1524218539321663488
1524218541917962240
1524218549274820608
1524218550730305537
1524218554291302400
1524218554371166211
1524218554802970625
1524218562302291969
1524218564533796864
1524218565255176193
1524218568455380996
1524218570284097536
1524218571563597824
1524218572050157568
1524218572901588992
1524218573484351491
1524218573954166787
1524218580094517248
1524218580551835649
1524218582678315009
1524218584045600769
1524218586767798275
1524218595705819136
1524218596607418369
1524218596666138626
1524218601275801610
1524218605398765568
1524218609895186438
1524218615708282881
1524218616769564672
1524218620561301505
1524218622859964418
1524218624080330753
1524218624373833730
1524218624910757890
1524218631206416385
1524218634603843585
1524218635912466433
1524218636235247621
1524218636696756224
1524218640542928904
1524218642665074688
1524218644481335299
1524218647153106944
1524218650189832193
1524218651695620097
1524218652354093057
1524218655734648832
1524218656451923968
1524218657894711296
1524218658981044224
1524218659249475585
1524218662785277959
1524218669915684864
1524218670133780480
1524218679784665088
1524218687829520384
1524218687925936130
1524218691486945281
1524218693370191874
1524218694213189632
1524218699418595328
1524218706448027651
1524218707404533760
1524218712244559872
1524218715469983745
1524218723640700930
1524218725431332864
1524218732628819969
1524218736907104256
1524218739029385217
1524218743437643777
1524218747245969409
1524218749863305222
1524218750844559361
1524218753109700608
1524218757194915843
1524218759170428928
1524218760252456960
1524218760948641792
1524218767810744326
1524218769882689536
1524218775884632065
1524218777847701504
1524218785456345089
1524218791613378563
1524218790761934851
1524218795555966978
1524218795887321088
1524218798173298688
1524218799872000000
1524218804145958913
1524218809397219330
1524218812286988288
1524218817941229569
1524218819803172864
1524218820327477249
1524218820944146437
1524218823712382976
1524218835506765826
1524218841156497408
1524218843614396416
1524218843538808833
1524218844008624128
1524218845833183239
1524218846122590208
1524218846978191360
1524218848601423872
1524218853882236928
1524218869828698112
1524218871334510594
1524218875646078977
1524218878036897793
1524218881782468608
1524218881480474625
1524218882352979970
1524218883816755204
1524218888854339584
1524218889525088257
1524218890905079808
1524218897796415489
1524218905283248136
1524218909955698688
1524218912618860545
1524218925721997315
1524218927714250752
1524218930537058309
1524218936786513920
1524218949591781376
1524218951219122177
1524218951529648128
1524218952649527296
1524218958005645314
1524218972438249475
1524218973851725825
1524218982798028800
1524218984865878016
1524218985671237634
1524218987407712256
1524218990385676288
1524218992398721025
1524218996408524800
1524219007506788352
1524219008945324032
1524219010816090112
1524219023763943424
1524219025772929024
1524219029077958656
1524219031405928448
1524219032500641792
1524219042864762881
1524219044907343872
1524219046241218560
1524219059755274240
1524219063106523136
1524219070882664451
1524219076951769088
1524219091334086657
1524219092110032896
1524219093485826050
1524219095687831552
1524219107213774848
1524219108627206146
1524219108933488640
1524219109038346246
1524219109734506497
1524219113572286465
1524219117322092546
1524219125991673856
1524219128705396737
1524219129355718657
1524219132740259840
1524219150176034816
1524219152956764160
1524219153799811073
1524219155632766976
1524219161622179842
1524219164474454016
1524219173492076544
1524219175136342016
1524219179838189570
1524219184342835200
1524219189807960067
1524219191632732160
1524219193427648513
1524219193700233216
1524219194073616385
1524219194291761154
1524219198498611205
1524219199106736128
1524219201031970820
1524219211563913216
1524219213505826816
1524219217461096453
1524219220631896064
1524219226453647360
1524219228093571074
1524219233428807681
1524219234850643968
1524219245063778306
1524219247358009344
1524219248230518787
1524219252579966978
1524219252819046401
1524219255591366656
1524219259009830916
1524219266119217153
1524219269126541313
1524219270426775552
1524219270690967552
1524219272448278528
1524219272595410944
1524219273530712064
1524219278714712066
1524219279117279233
1524219280144969728
1524219281013096449
1524219285631127552
1524219287254228997
1524219296288755716
1524219297329029122
1524219301858791424
1524219302601457664
1524219303385387009
1524219304618733568
1524219309492428801
1524219314768957443
1524219314890543106
1524219319311560704
1524219321970565120
1524219327544709120
1524219327586521088
1524219343025881088
1524219352014372866
1524219353343791107
1524219356145766400
1524219358721028096
1524219360671420416
1524219362655322112
1524219370267824128
1524219370779684865
1524219372763598848
1524219373522763779
1524219373631774720
1524219373895905280
1524219379604500481
1524219380409585664
1524219381093306369
1524219384755019777
1524219385291804674
1524219387301056518
1524219390534856704
1524219395068895233
1524219396281061379
1524219398831194112
1524219406091436032
1524219412227706880
1524219416405291008
1524219420159139841
1524219424332402689
1524219432771457025
1524219439805313026
1524219443252977665
1524219444574420993
1524219451578937345
1524219462282489856
1524219464643870720
1524219468393730048
1524219471631581184
1524219484554342402
1524219495258243072
1524219498168991744
1524219498206801924
1524219507627429889
1524219509640417280
1524219511112577025
1524219512731668481
1524219514942115842
1524219515524968449
1524219515730546690
1524219520482787328
1524219521019650051
1524219528674254849
1524219537142419458
1524219538128125953
1524219544339894272
1524219545073774592
1524219548702060546
1524219550832918533
1524219554813075456
1524219556222361602
1524219567287021568
1524219568448749570
1524219570348777473
1524219582382166016
1524219583627988993
1524219586530656256
1524219594289803264
1524219595992846336
1524219596642922498
1524219596856778757
1524219597959794688
1524219601239826433
1524219602045222912
1524219602565156865
1524219607879401472
1524219612266647554
1524219612627447808
1524219613164318722
1524219615399796736
1524219619137007616
1524219620017680384
1524219625075974144
1524219625248022528
1524219625797562370
1524219630495145985
1524219630746800128
1524219631615021056
1524219632076402692
1524219636413259786
1524219636333514753
1524219638300786688
1524219640330829824
1524219640611753984
1524219647117062144
1524219647922475022
1524219651537915905
1524219652523634688
1524219673017044993
1524219677257383938
1524219684240961537
1524219686841458692
1524219690419171328
1524219701991071744
1524219702586884098
1524219703702568967
1524219708932866048
1524219714511454209
1524219718529429504
1524219719196102656
1524219722908246019
1524219732483874816
1524219733570199555
1524219733784113153
1524219742998966275
1524219743447957504
1524219743946817537
1524219744831819778
1524219753409257480
1524219763953704962
1524219764821925894
1524219770173800451
1524219770626789376
1524219777694187521
1524219780156166145
1524219781943107590
1524219782148538369
1524219784241750016
1524219784451268608
1524219786061778944
1524219786724478976
1524219788746272771
1524219789513736192
1524219792500178945
1524219793754050560
1524219794777649152
1524219795125772288
1524219795759116289
1524219796111470592
1524219801895424001
1524219804579774465
1524219809038229504
1524219809365385219
1524219810451795969
1524219812406341634
1524219813266132992
1524219814989815809
1524219827023458304
1524219827832905729
1524219830634655744
1524219842320121857
1524219846715600896
1524219847210586116
1524219848435195904
1524219853296611329
1524219854005309441
1524219855272124416
1524219856337481735
1524219858971508736
1524219864159817728
1524219872300855296
1524219872477130752
1524219876893765632
1524219887488577537
1524219890252632067
1524219892278341632
1524219893318492161
1524219896611098624
1524219907780624384
1524219908321648643
1524219910540386305
1524219912532676613
1524219916123004929
1524219923211370498
1524219935261605888
1524219941305659394
1524219942924480513
1524219956791029760
1524219958653247493
1524219965934612487
1524219968178565122
1524219969885458432
1524219971517267968
1524219972632948737
1524219985459040261
1524219987929571335
1524219994225405954
1524219997052194816
1524220000848039939
1524220012290093057
1524220014475112449
1524220014756343808
1524220017415495680
1524220017407111175
1524220018812235776
1524220022226309123
1524220030275182593
1524220037019668480
1524220039959916545
1524220040261914624
1524220046016397313
1524220054929297410
1524220059186601984
1524220060507598848
1524220070075023366
1524220071052288000
1524220077863747585
1524220078430031872
1524220082397790210
1524220085367455744
1524220089121349633
1524220094355755008
1524220101200957443
1524220103180664838
1524220105726603265
1524220106468839424
1524220111971880963
1524220112395407360
1524220113947439107
1524220119324364801
1524220119806840837
1524220122092687362
1524220124089450497
1524220125704077312
1524220131911643139
1524220134184869888
1524220138337284096
1524220140929355781
1524220141294145536
1524220145203552257
1524220146948079616
1524220152988028932
1524220159338196993
1524220163645607936
1524220176308207616
1524220177671462913
1524220179751874560
1524220185292382208
1524220188589182976
1524220202002657280
1524220203634245633
1524220205257400320
1524220209325821955
1524220210101858304
1524220211330695168
1524220217894842368
1524220222584016898
1524220223938777088
1524220225893273601
1524220232193220609
1524220239554228228
1524220239411560448
1524220239927521280
1524220239981989888
1524220241492029441
1524220246504218624
1524220249276510209
1524220254158794753
1524220263042367489
1524220263583387650
1524220263981793280
1524220265118449664
1524220273662341120
1524220280482111488
1524220282587783174
1524220294096900098
1524220294990237696
1524220300078219264
1524220300069507072
1524220299931271169
1524220311616593927
1524220314842013698
1524220314682593280
1524220320244281347
1524220323935277057
1524220333686870016
1524220343501524993
1524220347398111233
1524220349168062464
1524220349239410691
1524220351529463808
1524220360840863744
1524220362803892225
1524220365060333568
1524220369707675648
1524220371481903105
1524220375227408386
1524220376921817088
1524220384807161856
1524220387692728320
1524220392499425280
1524220399227006976
1524220404134518790
1524220405120180224
1524220407972249604
1524220411147337728
1524220415865937920
1524220416428056576
1524220417950556160
1524220418701545472
1524220420165144577
1524220423344377858
1524220435918954498
1524220437307174913
1524220438309707777
1524220442835308545
1524220445741957120
1524220446031454210
1524220447411294212
1524220448250077184
1524220449000939521
1524220459474202624
1524220461051088897
1524220462670270464
1524220473474785280
1524220472941940737
1524220484505976832
1524220485621350400
1524220486724595712
1524220487794049025
1524220488515416065
1524220502218354688
1524220502268653569
1524220503262740483
1524220504839704577
1524220504474886148
1524220505695428608
1524220505796059137
1524220523311472644
1524220525928624128
1524220527023468544
1524220534682275840
1524220537337257985
1524220547705589761
1524220556559720448
1524220557587324929
1524220562834403333
1524220572082659328
1524220577266823169
1524220578617430016
1524220581947707397
1524220584233779204
1524220587056508928
1524220588268658688
1524220594845274112
1524220596082868224
1524220596376190977
1524220600297922560
1524220600583041024
1524220602030215169
1524220611748196352
1524220613254070273
1524220619121840128
1524220626763886592
1524220630127763457
1524220631151259648
1524220631658598400
1524220632161996803
1524220633734914050
1524220641423114240
1524220645172822017
1524220648175853569
1524220649929154561
1524220650344300544
1524220654395998208
1524220666630877185
1524220676051243011
1524220678903324672
1524220679243149313
1524220684100161536
1524220685593239553
1524220687354843137
1524220693331685376
1524220697416974338
1524220698230947840
1524220698604052481
1524220701581922307
1524220707353337856
1524220708133519368
1524220708188049408
1524220710721314816
1524220716564074497
1524220717008568320
1524220720686919681
1524220733815205888
1524220739603283968
1524220740853063681
1524220742837190661
1524220744581922817
1524220749652840449
1524220755998822403
1524220756393140224
1524220756464480263
1524220758758633477
1524220770242732033
1524220772268486656
1524220782825689088
1524220783878410240
1524220784465649664
1524220786277593089
1524220791650680832
1524220792342519810
1524220802085920768
1524220802899464192
1524220806435385344
1524220810021552128
1524220814417084419
1524220815688232960
1524220816690450433
1524220830514831360
1524220844934938626
1524220847451516929
1524220848844021760
1524220849229864961
1524220849544478722
1524220850551017472
1524220851280912384
1524220852899823617
1524220853679968258
1524220854816681984
1524220857928888321
1524220863838658560
1524220867965820928
1524220868121014273
1524220869366722560
1524220872009170944
1524220876270764032
1524220879496007682
1524220881907638272
1524220883287617536
1524220889168060418
1524220895161688064
1524220896155779074
1524220901478125568
1524220901465763841
1524220901545365508
1524220903764238336
1524220905550921728
1524220905961963522
1524220909250396161
1524220912421281792
1524220914040197121
1524220915126456320
1524220917647388673
1524220919098400768
1524220922634416131
1524220926614769664
1524220927893983330
1524220935066296320
1524220936249032708
1524220940191739905
1524220940325994497
1524220946516688896
1524220946663489536
1524220960139882496
1524220974241095681
1524220976761909248
1524220981929295873
1524220988493287424
1524220988665131008
1524220990787657739
1524220993757233154
1524220994164244480
1524220995166367744
1524220995321614338
1524220999603871744
1524221002128965634
1524221004461092865
1524221005106925579
1524221005467631620
1524221009406083072
1524221015043321857
1524221016670625793
1524221018834980865
1524221020156174336
1524221029794656256
1524221044202082305
1524221053018546178
1524221054360686596
1524221063332511745
1524221064552792065
1524221065022480384
1524221066654236672
1524221079383908353
1524221080533372928
1524221081422372864
1524221096127610882
1524221097390002182
1524221097893371916
1524221103664730112
1524221104365228033
1524221108349771777
1524221109754908674
1524221111038324741
1524221121205317634
1524221129493303298
1524221134350209026
1524221136476770304
1524221136782995456
1524221142932033536
1524221148057292800
1524221149617565696
1524221154562613249
1524221155376250883
1524221156483637253
1524221169020416001
1524221169536221184
1524221172505886720
1524221180458278913
1524221181263503362
1524221183717171203
1524221187076857856
1524221189454974977
1524221193456431105
1524221193880023040
1524221199663910914
1524221201979219969
1524221211273834496
1524221216239894528
1524221221508087808
1524221225706340355
1524221228424343552
1524221228810227712
1524221229447614464
1524221230701764611
1524221234006867969
1524221234652880898
1524221240881422336
1524221245759586304
1524221249261608960
1524221250645762049
1524221252310749184
1524221256706449409
1524221265929809920
1524221270191181825
1524221272657260545
1524221273622130689
1524221275207618561
1524221277086662657
1524221286091833349
1524221290164457473
1524221291363856385
1524221294862086154
1524221297961623552
1524221301321134082
1524221305221959683
1524221309277941763
1524221315409920000
1524221321609109504
1524221329905496064
1524221330542977024
1524221333919264768
1524221339015565312
1524221341968134147
1524221342014451712
1524221347693568000
1524221349358669824
1524221356098957312
1524221361568296961
1524221362637791232
1524221363703238657
1524221368694456320
1524221373253812224
1524221374327369731
1524221375124324352
1524221378366431232
1524221380937539584
1524221387539329024
1524221389854720002
1524221395319762945
1524221396473171968
1524221401623941121
1524221403787972609
1524221405717577728
1524221406489288704
1524221415486013441
1524221422771523591
1524221422847111168
1524221429096783872
1524221433718747137
1524221434498801664
1524221434628870150
1524221438483386369
1524221445286551553
1524221457626189825
1524221464060342277
1524221465163354112
1524221470687338497
1524221472625074178
1524221474525044737
1524221479663149056
1524221480535351296
1524221482313859072
1524221489385512962
1524221492468330501
1524221511363702784
1524221516757577728
1524221519043469317
1524221522080116736
1524221529910874112
1524221531429249028
1524221537015980032
1524221537301245953
1524221541101326336
1524221543760506880
1524221548885913603
1524221549494026240
1524221553205932032
1524221554166480897
1524221554644692992
1524221557148639233
1524221558377615360
1524221574836068355
1524221574982750208
1524221575494606848
1524221576039878659
1524221578099281920
1524221579529445376
1524221579588030464
1524221579915235329
1524221581714591744
1524221582834647040
1524221584067764226
1524221585829281793
1524221586580115460
1524221587385331713
1524221605630545920
1524221610911318016
1524221612320780290
1524221612295430148
1524221616103858178
1524221621061537792
1524221622265204737
1524221628233703424
1524221631912161281
1524221635875807232
1524221636613914626
1524221641521524736
1524221641907372035
1524221650870235139
1524221652317310976
1524221664791306247
1524221674803007489
1524221678523273217
1524221687646105601
1524221689005023234
1524221690464673792
1524221694738632705
1524221697146163200
1524221701432627201
1524221704184242176
1524221704599478273
1524221708353298433
1524221709024382978
1524221710597169152
1524221717400649728
1524221719703027715
1524221719967191042
1524221720911097861
1524221725168259075
1524221729941336064
1524221730864041989
1524221731472392193
1524221742276767744
1524221742952361984
1524221745082814468
1524221750409502720
1524221754448781313
1524221756252241924
1524221757472739328
1524221774963122176
1524221775072092162
1524221777982992384
1524221778180153349
1524221779279065090
1524221792872800258
1524221796207185920
1524221799738875905
1524221807607398400
1524221807758352387
1524221809029222400
1524221809146482688
1524221809457041408
1524221809708740609
1524221812267261952
1524221816037912576
1524221816281214977
1524221816755081216
1524221825013755907
1524221826632716288
1524221829874958338
1524221833947791360
1524221836535468035
1524221837466648576
1524221837768634368
1524221838687092743
1524221841325309953
1524221843711967232
1524221862447923200
1524221877073420288
1524221877585068036
1524221880034631681
1524221880777207808
1524221883679272960
1524221890767863810
1524221899026305025
1524221902344138752
1524221906349666304
1524221907255853056
1524221907909885953
1524221911647010819
1524221916961284097
1524221919972659201
1524221920467722241
1524221921960861698
1524221923042942977
1524221923588251648
1524221924053852178
1524221924121128961
1524221925056253952
1524221929460482048
1524221933692325888
1524221936372486146
1524221941070155783
1524221949349670912
1524221951933403142
1524221959952814082
1524221960657506306
1524221961827627008
1524221963295952896
1524221965430579200
1524221966047227910
1524221968400146433
1524221969973010434
1524221970304450560
1524221973760458753
1524221973907312640
1524221976356605953
1524221982367232001
1524221985621905408
1524221992664281088
1524221992861323268
1524221996720033793
1524221996640342017
1524221999328940032
1524222000180436993
1524222003833491457
1524222012318695424
1524222022926094337
1524222023186075648
1524222027443359745
1524222027778899969
1524222029121134592
1524222031029542913
1524222031075721216
1524222044694618113
1524222046829436929
1524222059370459138
1524222065418584064
1524222066043543554
1524222068476194816
1524222072624402433
1524222074734084096
1524222076227395586
1524222078555246592
1524222083718422529
1524222083647037440
1524222093793013760
1524222096477499392
1524222107864879105
1524222111648165888
1524222117130260487
1524222130350661633
1524222135631233025
1524222138630414343
1524222139292917760
1524222140052119553
1524222148209950721
1524222151586242561
1524222152760774657
1524222154384224256
1524222156032425986
1524222156716089344
1524222157454254080
1524222159224283137
1524222159794708481
1524222166883254273
1524222171450462208
1524222173166063619
1524222181055639553
1524222195152564226
1524222201171435520
1524222203675435010
1524222205525204994
1524222205735075840
1524222206422618112
1524222213037121537
1524222215352643584
1524222217596325888
1524222222583410688
1524222231920136197
1524222235543842816
1524222241147392008
1524222245224210433
1524222248684564484
1524222250391511040
1524222254770540545
1524222258314723329
1524222260822917120
1524222273066045443
1524222275142230018
1524222281857257472
1524222282096427008
1524222292066197507
1524222293165105152
1524222298076680193
1524222306360385536
1524222306696024069
1524222307371208704
1524222310181392385
1524222310483439623
1524222319136182272
1524222321686425604
1524222326115606528
1524222327038398466
1524222329068429313
1524222331152965633
1524222335821041665
1524222340237869061
1524222340959465472
1524222349746319361
1524222356281245696
1524222357967155201
1524222363449049089
1524222363486859269
1524222364480905221
1524222364506021888
1524222365990801408
1524222382273359872
1524222382919102466
1524222385934811137
1524222390074580993
1524222397859119105
1524222398496653313
1524222398924562432
1524222403727052800
1524222410924433414
1524222411658326017
1524222413365555200
1524222416364269568
1524222418549620736
1524222420491546625
1524222422337085440
1524222424778223616
1524222439600787456
1524222441349808129
1524222446471163905
1524222450065879040
1524222455287623683
1524222455283208194
1524222471796260864
1524222478800805888
1524222478989602817
1524222483397718026
1524222484995846145
1524222487348666368
1524222493845729280
1524222494533730304
1524222497998008320
1524222500808409088
1524222501059923968
1524222502230188037
1524222502855094273
1524222504092459008
1524222503979208706
1524222504222429191
1524222503673110529
1524222506361630720
1524222509851287552
1524222511646482432
1524222512258764800
1524222517698711552
1524222518663409664
1524222519624052741
1524222532538281987
1524222538007859200
1524222538737500160
1524222540092223490
1524222545159155712
1524222546039787522
1524222550238244864
1524222551295156225
1524222551907389445
1524222559662878721
1524222561546293248
1524222565648117761
1524222568009502720
1524222570085691394
1524222573533626369
1524222575542521856
1524222577144745984
1524222581284478976
1524222581431484416
1524222585545838592
1524222586464337920
1524222589283053570
1524222590880989186
1524222591766044673
1524222593598906371
1524222594194546690
1524222595163471872
1524222600440074240
1524222613580562432
1524222613962199042
1524222615484780544
1524222616181293056
1524222616688422912
1524222619691716608
1524222622434799617
1524222624674435072
1524222641825067008
1524222642877878272
1524222643657920512
1524222644937277440
1524222645893541890
1524222656890949634
1524222657474043907
1524222663144742912
1524222666613399553
1524222666965716992
1524222673056038913
1524222674049900545
1524222676910362624
1524222678709719040
1524222681419296774
1524222681557749764
1524222686406262785
1524222686817402881
1524222687811411969
1524222692190216194
1524222692223762451
1524222698045558784
1524222699224109056
1524222709407830016
1524222714352918528
1524222714495614978
1524222713899925505
1524222715661635584
1524222717263851523
1524222720417972224
1524222721793703937
1524222721789513728
1524222725434355713
1524222732644368384
1524222734770786304
1524222735395835904
1524222735676624896
1524222738709295105
1524222740269776896
