1523135579344359425
1523135579700883456
1523135589490606081
1523135595262152704
1523135596373458944
1523135597321531393
1523135601511628801
1523135604569292800
1523135604497608704
1523135610755502080
1523135610843811842
1523135612601061377
1523135613406703617
1523135619525971968
1523135620914323457
1523135621010665473
1523135623904870400
1523135625846980608
1523135629395394561
1523135629902589953
1523135633220194304
1523135638786084864
1523135638396182528
1523135639914692608
1523135643894788097
1523135647753678849
1523135649125072898
1523135650509500422
1523135652434710530
1523135652673384450
1523135656997892096
1523135656863887360
1523135659061518338
1523135670688313344
1523135670989950980
1523135674492227585
1523135679072542720
1523135680724881408
1523135683027959808
1523135702346518528
1523135704741601281
1523135705970397184
1523135712102858752
1523135711960264704
1523135714153893888
1523135714829168641
1523135720625344513
1523135727160094720
1523135729597296640
1523135731757350912
1523135733334163456
1523135734286151680
1523135734831403008
1523135736559841280
1523135741143904257
1523135749985824768
1523135752707715073
1523135763055063047
1523135763512463360
1523135768281042947
1523135768797102080
1523135775633670144
1523135779576246275
1523135784173273088
1523135784114855936
1523135785943572480
1523135788422430721
1523135798542934016
1523135798966554624
1523135804876496899
1523135818092535808
1523135823192870913
1523135831132688386
1523135836669476864
1523135837155872768
1523135845225549824
1523135848589398016
1523135852116951041
1523135852154527744
1523135852603269121
1523135859486171137
1523135862183444481
1523135867031719937
1523135871717109761
1523135872157163520
1523135879367168000
1523135882248736768
1523135883825713153
1523135884702658561
1523135886053027841
1523135892051103744
1523135892634091520
1523135893237690369
1523135894496366592
1523135894068158465
1523135896303906819
1523135896349908994
1523135904553992192
1523135905543835648
1523135906521108480
1523135907238404099
1523135910480556033
1523135913781465088
1523135919632519169
1523135924187832322
1523135930957238272
1523135935705010176
1523135957058441216
1523135956936626177
1523135957507375104
1523135966109908992
1523135967455981568
1523135967699390464
1523135968563187713
1523135969964494848
1523135970874429440
1523135973445738496
1523135976989761537
1523135981364387842
1523135983675650048
1523135985206317056
1523135986045431808
1523135991384395776
1523135994618585088
1523135998644862977
1523136000121266176
1523136003761975297
1523136005485826048
1523136007977111555
1523136013362630656
1523136016999190531
1523136025668861960
1523136027342290944
1523136031821680641
1523136031964377089
1523136032262299654
1523136039757533184
1523136046787047424
1523136048921911296
1523136057134690304
1523136060951527424
1523136072661618690
1523136074209382403
1523136077170720768
1523136077480873985
1523136079922360321
1523136082434424836
1523136087463723008
1523136087673122816
1523136092978892800
1523136093667082241
1523136094627196928
1523136095734550529
1523136096238202881
1523136097013813250
1523136097483882496
1523136105440514048
1523136106018922496
1523136111140380673
1523136112419557378
1523136113145450496
1523136114348859392
1523136115640729601
1523136117330960384
1523136123392098305
1523136130660859904
1523136133001064448
1523136134540369923
1523136135320547328
1523136139603099649
1523136140890415104
1523136141658144768
1523136145361563649
1523136149287489536
1523136153171685376
1523136157072171008
1523136157696991232
1523136162977787908
1523136163531403265
1523136164554850304
1523136170091495425
1523136172180049922
1523136172406493184
1523136180526542848
1523136181801684993
1523136182930243584
1523136188130934784
1523136189070548993
1523136189024604160
1523136190701981698
1523136194544115713
1523136195319844866
1523136195785633792
1523136197983358979
1523136200382771200
1523136203536494593
1523136203649781761
1523136211421782016
1523136215779749889
1523136219349061632
1523136219898593281
1523136227167203328
1523136227427651584
1523136231919714304
1523136234519900160
1523136235291627520
1523136236734402560
1523136237950816257
1523136238957613057
1523136239586758656
1523136242757795843
1523136245391831042
1523136250194006018
1523136259970981888
1523136266191052800
1523136286487289856
1523136295278899200
1523136303797309441
1523136304107585538
1523136307492392960
1523136310734917632
1523136313721233412
1523136313888854016
1523136317416112128
1523136319605854209
1523136327100690432
1523136329365671937
1523136330485563392
1523136333899649025
1523136335720165378
1523136346310660097
1523136350454575104
1523136351209541632
1523136360886181888
1523136363490852864
1523136364065214465
1523136366317649920
1523136374647316482
1523136376664846336
1523136377122029569
1523136379995181056
1523136384759832576
1523136385825140737
1523136392875847682
1523136395841310720
1523136402308968449
1523136407283245057
1523136414619217920
1523136416531685378
1523136423708135425
1523136426321186816
1523136431828348928
1523136436899254272
1523136446286024704
1523136450866270209
1523136453005484033
1523136454611853312
1523136461758992385
1523136463034068995
1523136474031476737
1523136475335778305
1523136478607466496
1523136481824735232
1523136482189332481
1523136492633493505
1523136494382329861
1523136496714272768
1523136500300644352
1523136500950441984
1523136502427004929
1523136509360377857
1523136510270210050
1523136511373316096
1523136511360872449
1523136517262045184
1523136518075822081
1523136525331931139
1523136527068454912
1523136533246533633
1523136540850929665
1523136544713977857
1523136548866125830
1523136555153600512
1523136563537793024
1523136568092884992
1523136576129310720
1523136580046958592
1523136587630276608
1523136588582031361
1523136591795040257
1523136600003477504
1523136604977565696
1523136610656604166
1523136611529068545
1523136613848690690
1523136614360178688
1523136615195021312
1523136615425744896
1523136618562945024
1523136627933323264
1523136629069733888
1523136633045852160
1523136643653566464
1523136645461159936
1523136650079277056
1523136651744227328
1523136652289675264
1523136653413429248
1523136662875873285
1523136664411189248
1523136670744285185
1523136674850656258
1523136678130450432
1523136678889922565
1523136679179083776
1523136680366018561
1523136682022694913
1523136683126194176
1523136685818613762
1523136686988877824
1523136687186247680
1523136688423276544
1523136690487017473
1523136695268708352
1523136698103656448
1523136697982423043
1523136701601701889
1523136704755818496
1523136710112333825
1523136738923003905
1523136741745561600
1523136745201897472
1523136746724020229
1523136750419329028
1523136758552039424
1523136764948680704
1523136767334834176
1523136771843756032
1523136775073705984
1523136778265571329
1523136778323980288
1523136783046877189
1523136784829489153
1523136788877156352
1523136799828168705
1523136812041994240
1523136817024827392
1523136828047609856
1523136829330845696
1523136831021277185
1523136834011684864
1523136834506690560
1523136838461968384
1523136839841988614
1523136841448398849
1523136848931049472
1523136850659000320
1523136855973281792
1523136871265898497
1523136872943439872
1523136872972951557
1523136873522204672
1523136874323517441
1523136888999055360
1523136888944705536
1523136890949410816
1523136891553411072
1523136891951923200
1523136904488624128
1523136910088183808
1523136918392823808
1523136919470813189
1523136921102290944
1523136921500852224
1523136923073912833
1523136930916884480
1523136937116114944
1523136937418141696
1523136942698901504
1523136944657498112
1523136949921497088
1523136956649345024
1523136963817402368
1523136964903505920
1523136966983753728
1523136969043234817
1523136969156403201
1523136970213363713
1523136972834820096
1523136978564263936
1523136980816592897
1523136988102156288
1523136991063420929
1523136991788863488
1523136991868596224
1523136997220438016
1523136997069828096
1523136997941858305
1523137000206782464
1523137001490612224
1523137002442428418
1523137002815856642
1523137006011789313
1523137006275940353
1523137011065966592
1523137012424855552
1523137018464641024
1523137020356620288
1523137020360413185
1523137025930842113
1523137029063602178
1523137030418575360
1523137035304943616
1523137041256501251
1523137041562624000
1523137041982459909
1523137043584647169
1523137058277310465
1523137060906881024
1523137070331428864
1523137070503317505
1523137072139104258
1523137072437276673
1523137072911253505
1523137077130711042
1523137077231362048
1523137085418315777
1523137087540633600
1523137088979353600
1523137094956183553
1523137096294166528
1523137096440958976
1523137101910491140
1523137105597140992
1523137106431913985
1523137110508679168
1523137111397847040
1523137113792802816
1523137115067850753
1523137115357577218
1523137122181558279
1523137122424999938
1523137122915520512
1523137123280470016
1523137127760171008
1523137132511989762
1523137133199863810
1523137134013550593
1523137135636881408
1523137140485345281
1523137141466812417
1523137146391076864
1523137148978749440
1523137148941221888
1523137154989273090
1523137156310396928
1523137157094801409
1523137165076484096
1523137173087678464
1523137184165142528
1523137186782056448
1523137188892114944
1523137196957462533
1523137202867556352
1523137208395337729
1523137214716444672
1523137215320059905
1523137219032395777
1523137219569061888
1523137223356739584
1523137224853893120
1523137225193824256
1523137226343063552
1523137229392330752
1523137231644348416
1523137236036112386
1523137244520976386
1523137245900771328
1523137251365900288
1523137251110129667
1523137254411358208
1523137255552225280
1523137257548713984
1523137257963765760
1523137261990465536
1523137261960777729
1523137265983184898
1523137269023985664
1523137272111308802
1523137275495784449
1523137279983718400
1523137282978594817
1523137284807471104
1523137286833164288
1523137295804932096
1523137298929717248
1523137314964520960
1523137315836600321
1523137319561318400
1523137320702164992
1523137321209540608
1523137322719801344
1523137325185654785
1523137326930874368
1523137336682291200
1523137337986719745
1523137340369096704
1523137363064791040
1523137365698564103
1523137369691783171
1523137369863450627
1523137370303913984
1523137371775987712
1523137372979879936
1523137375232163840
1523137379824857089
1523137380852633600
1523137395537100800
1523137395981389824
1523137398221475841
1523137398305357825
1523137401786617856
1523137404953325568
1523137407922565120
1523137416798048256
1523137416865148929
1523137426037878785
1523137428755652608
1523137434657169408
1523137443880652802
1523137449362399233
1523137455192526850
1523137461702230016
1523137464818360320
1523137466890399744
1523137468148875265
1523137479225659394
1523137479859404800
1523137480769298433
1523137481083953152
1523137482321121280
1523137485299146752
1523137485945323520
1523137486939389952
1523137489833054208
1523137496133308416
1523137497156530177
1523137498238443521
1523137507390464000
1523137509613391872
1523137509810929664
1523137516215304192
1523137523824095232
1523137528060067840
1523137528882405376
1523137532145192963
1523137534103937025
1523137537837236225
1523137538214350848
1523137540999761920
1523137543239499776
1523137546099695617
1523137546171166725
1523137546405961728
1523137549149028353
1523137549589356544
1523137552034648068
1523137555361050624
1523137560578764800
1523137564407844864
1523137573983375360
1523137590072954880
1523137594543857665
1523137598058770434
1523137599539679237
1523137608963923969
1523137610163576832
1523137610159300608
1523137613485719553
1523137620326457344
1523137631705436162
1523137633894891520
1523137646972743681
1523137652865875969
1523137657391308800
1523137660457472000
1523137668116549633
1523137672746881024
1523137676672651265
1523137677217832961
1523137679189233665
1523137679982043136
1523137681064341505
1523137682620174336
1523137689154842626
1523137690350370816
1523137690778013698
1523137695605682176
1523137698172575746
1523137699083096064
1523137703889448962
1523137706154356736
1523137708025344000
1523137709459779584
1523137709673308160
1523137711703412736
1523137713876078593
1523137715042238465
1523137715017027584
1523137721602277377
1523137726668713986
1523137727260086272
1523137729764429824
1523137741462159360
1523137745182674944
1523137746147196929
1523137752413261824
1523137752673308672
1523137753042812935
1523137764765491201
1523137768893083648
1523137770231058432
1523137771904565248
1523137777499447296
1523137782046019584
1523137794431799300
1523137798936870912
1523137800953942016
1523137804565319687
1523137807514238976
1523137810727059456
1523137813583056896
1523137818138140675
1523137822487724038
1523137841668141057
1523137843316547584
1523137845828890625
1523137851218862086
1523137854922055681
1523137859032862723
1523137864308903937
1523137868457148417
1523137871951306752
1523137873704235008
1523137874270756864
1523137875839418368
1523137881728249856
1523137892117139456
1523137900941955072
1523137909804568577
1523137912564420610
1523137917878927362
1523137921255059456
1523137922559807489
1523137924824399874
1523137926145654784
1523137927785717760
1523137936648470528
1523137946919919616
1523137948765798400
1523137953593278469
1523137955984207874
1523137960987828225
1523137970508812289
1523137972245172224
1523137977626787841
1523137980747350016
1523137988141584384
1523137990532677632
1523137992574988289
1523137996773421056
1523138004650323968
1523138014641283072
1523138024942411777
1523138027517878278
1523138027609985024
1523138027928883200
1523138027794489344
1523138030214676480
1523138031623974913
1523138032077094914
1523138035671441409
1523138040306098176
1523138040369225729
1523138040968794118
1523138044190240768
1523138045520023552
1523138046233055232
1523138049860808704
1523138053371404288
1523138056156778496
1523138058647965698
1523138064322756609
1523138079363518464
1523138080097546240
1523138079502245888
1523138085344755712
1523138089056620544
1523138089992228865
1523138095910060032
1523138096858300418
1523138100951752706
1523138107167875072
1523138110694985728
1523138114364985346
1523138115073937408
1523138118777544704
1523138121864425475
1523138126293700608
1523138126763286528
1523138132832444416
1523138133532954624
1523138134485073920
1523138139392741376
1523138139954774018
1523138142005473280
1523138142944915456
1523138147022180352
1523138149178036226
1523138151841099776
1523138152378306561
1523138153787273216
1523138155137753090
1523138162159067136
1523138168123363328
1523138174205440000
1523138179167305730
1523138181410922497
1523138183986360321
1523138192370987009
1523138192869715969
1523138195524784134
1523138200386027523
1523138200830889984
1523138201233371136
1523138202063704064
1523138203640684544
1523138211731865600
1523138216882483201
1523138219222523904
1523138219478781952
1523138219637981185
1523138221923651585
1523138222133772289
1523138223613960192
1523138227070189568
1523138231625256960
1523138234225618947
1523138238969692160
1523138245584105473
1523138247240470529
1523138247592882181
1523138250705154048
1523138252017786881
1523138260381233152
1523138261241139200
1523138265288777728
1523138267570667520
1523138269260791809
1523138272955875328
1523138277565513730
1523138278051901440
1523138279058681857
1523138280115810304
1523138291905695745
1523138298780143616
1523138302026477575
1523138304157310977
1523138304933339137
1523138305743024128
1523138310826201088
1523138319332560898
1523138319625957376
1523138331999350784
1523138334263894016
1523138339762626562
1523138340534763520
1523138349686751232
1523138351192489991
1523138353234907137
1523138355533422592
1523138355554242563
1523138357861109760
1523138362021974016
1523138368024023040
1523138368703385600
1523138369760690178
1523138374651252737
1523138392325689344
1523138400144195585
1523138400609800193
1523138405621657600
1523138406196252672
1523138407404212226
1523138408058699776
1523138408628908032
1523138422763929601
1523138426039537664
1523138427398799361
1523138430103965701
1523138431978811393
1523138436038742017
1523138438714822656
1523138439071543296
1523138442497908747
1523138446998618113
1523138447522689024
1523138457261862913
1523138457614548992
1523138458641862656
1523138459191623680
1523138468020428804
1523138468502720514
1523138468297158657
1523138470855684097
1523138471056920576
1523138472935972865
1523138475616522240
1523138483967213568
1523138483711524867
1523138484315504641
1523138484839469056
1523138508143091713
1523138508944134144
1523138512987467779
1523138515529306113
1523138517249179649
1523138518905942017
1523138524542816256
1523138525310373890
1523138531740188673
1523138536957833217
1523138538778554369
1523138549172043776
1523138554305597445
1523138557493518337
1523138562987675648
1523138569623285761
1523138574081609731
1523138576791134208
1523138589055676416
1523138596642959363
1523138596978393088
1523138598320885761
1523138598614310913
1523138599998222336
1523138603337265152
1523138607111880706
1523138607187386368
1523138608240406528
1523138614292795393
1523138621003423744
1523138629492932610
1523138634186174464
1523138638070140930
1523138644768296961
1523138648325378049
1523138649625608193
1523138649931468806
1523138650929713153
1523138651068186626
1523138659389964289
1523138665286750210
1523138666713219072
1523138675411865600
1523138684425768963
1523138684547002368
1523138698652659712
1523138698748973056
1523138700980506624
1523138703425937408
1523138706554597376
1523138710413275138
1523138717116145670
1523138717384331264
1523138717363458048
1523138721213652994
1523138721931010048
1523138722702712833
1523138728772128768
1523138744177786880
1523138744072949760
1523138744597032960
1523138745750343680
1523138746958647296
1523138767321661440
1523138771738193920
1523138772442836993
1523138777006358529
1523138777438253056
1523138784442736640
1523138787467010050
1523138798430785536
1523138798531481601
1523138800368910336
1523138801752842240
1523138806567870464
1523138814344151040
1523138816814452736
1523138818056101889
1523138819809234944
1523138823567572992
1523138824875823104
1523138825480204291
1523138825677000704
1523138826209828865
1523138827581198336
1523138827766083584
1523138831750414338
1523138836997586944
1523138845276991494
1523138848142000129
1523138848708087808
1523138850826354689
1523138852990242816
1523138861182124032
1523138866194001920
1523138866592501762
1523138866814853120
1523138873936650241
1523138878688833536
1523138877397307394
1523138880634949637
1523138884401459200
1523138886163365889
1523138887069351936
1523138887802974208
1523138893935218689
1523138895030161409
1523138896959131649
1523138908485079040
1523138912021282821
1523138912385785856
1523138913715453953
1523138913786744832
1523138916420927488
1523138924100526080
1523138929826099201
1523138931474149376
1523138935920422912
1523138941708341248
1523138943956525061
1523138944463822853
1523138962650714113
1523138965150351362
1523138967516119041
1523138969227055105
1523138975531081728
1523138978458730496
1523138979997966336
1523138985253830657
1523138988030283776
1523138989389017088
1523138997484105728
1523138997589278726
1523139007013552128
1523139010536873984
1523139011233161217
1523139011375624197
1523139011795034112
1523139013959323648
1523139015855140864
1523139020372713473
1523139028626944000
1523139030912999425
1523139032318091264
1523139032745537536
1523139035639664641
1523139045609832448
1523139046243016705
1523139047857606657
1523139048486834177
1523139049195724800
1523139049522749441
1523139049762213889
1523139049606635520
1523139052505079808
1523139054992171008
1523139057412358144
1523139058209521664
1523139066950152192
1523139066879168518
1523139068556546048
1523139084511858693
1523139085015027716
1523139089716842498
1523139089683587075
1523139101188370432
1523139105726799872
1523139111800152064
1523139112395493381
1523139115344175105
1523139116279472129
1523139130859077632
1523139133790732288
1523139149120868353
1523139149938577408
1523139152048361473
1523139156368834562
1523139159010910211
1523139161858871296
1523139172575318016
1523139178707316737
1523139182968950784
1523139185640673280
1523139188186562560
1523139189612888064
1523139189750984704
1523139192791965696
1523139192934436864
1523139203780988930
1523139204750151681
1523139208038301698
1523139209481310209
1523139209665855488
1523139218125426689
1523139229387210753
1523139234491617280
1523139235444060160
1523139251713753088
1523139252053110785
1523139252552273920
1523139255245156353
1523139259464486915
1523139260194631680
1523139272521523200
1523139277026377729
1523139279991586822
1523139281099046912
1523139281136537601
1523139283724664834
1523139290519117824
1523139298010480640
1523139298677051392
1523139303383179264
1523139306486861824
1523139314531581952
1523139317304270850
1523139319707299842
1523139323587342337
1523139326401400835
1523139337075965952
1523139338871410689
1523139346370809857
1523139346957627392
1523139349956919297
1523139356134887424
1523139356260712448
1523139363550363648
1523139379375804416
1523139382617972736
1523139383238352896
1523139386446999552
1523139389660049408
1523139395112833025
1523139395611774978
1523139397176242183
1523139398677655552
1523139399776870400
1523139401194549249
1523139401970200576
1523139402930614272
1523139403975053313
1523139415949733889
1523139417258721280
1523139419246833665
1523139421847289859
1523139427425423360
1523139437126856704
1523139451685380098
1523139458266058752
1523139458400358401
1523139459495120897
1523139461755944962
1523139463995850752
1523139469062590464
1523139472442880001
1523139476951760896
1523139477283168262
1523139478230999040
1523139479766114304
1523139483297890306
1523139486506307584
1523139487181590528
1523139487785971715
1523139497537335303
1523139498866970624
1523139508316737537
1523139510321946624
1523139519503298561
1523139527358902273
1523139528126386176
1523139528206077954
1523139528331997184
1523139528155750400
1523139536020140033
1523139540151463936
1523139551400632320
1523139555624472580
1523139558585606151
1523139572896477184
1523139574549032960
1523139580442005504
1523139581926797314
1523139583126683648
1523139584393347073
1523139587484577794
1523139588558000130
1523139589824663552
1523139599345668096
1523139601367375873
1523139614730768384
1523139631721873408
1523139634791952387
1523139636175859712
1523139642539003904
1523139644229144576
1523139648121233408
1523139649060757505
1523139650289684481
1523139657835642881
1523139661526298624
1523139663996743680
1523139668568526849
1523139670724464642
1523139670825062400
1523139677334622208
1523139687270862849
1523139690597167104
1523139692916445184
1523139697215610881
1523139701519048704
1523139705071566848
1523139707277758465
1523139719915352064
1523139725045149696
1523139727129726976
1523139735853875201
1523139757445984257
1523139762827456512
1523139763590418433
1523139767105429505
1523139769303285765
1523139773120008192
1523139777100496899
1523139778702675971
1523139778748637184
1523139783995715584
1523139786168438784
1523139796767453185
1523139797321138181
1523139797929259015
1523139798042435585
1523139804409511939
1523139806208806912
1523139806905401344
1523139809467723777
1523139822600155136
1523139829416218624
1523139830481395713
1523139835552219137
1523139839012466688
1523139841625845760
1523139842775085056
1523139843777130497
1523139846642241537
1523139851813638149
1523139857022734336
1523139857886826496
1523139859392917504
1523139859635916800
1523139860105555969
1523139863632957440
1523139864132132865
1523139867093323777
1523139871434588160
1523139880137633792
1523139891009310720
1523139893299400704
1523139894427615232
1523139895656534017
1523139899569983490
1523139904099610626
1523139905601572864
1523139906855440385
1523139911242567680
1523139913356435456
1523139916007456768
1523139917119102978
1523139920457465859
1523139922919526403
1523139924375248896
1523139931589124096
1523139931899539456
1523139936702308352
1523139937561825281
1523139938346102784
1523139942343655424
1523139946453762048
1523139949993902080
1523139951021670401
1523139959095394304
1523139964451569664
1523139966733549568
1523139975516237824
1523139979915849728
1523139984764538881
1523139987604217856
1523139987666989056
1523139989143535616
1523139998127726592
1523140003521568770
1523140005933502464
1523140013030088704
1523140014707724288
1523140014892142592
1523140014863011840
1523140019795374080
1523140028838420482
1523140038267072512
1523140042494865410
1523140050220838912
1523140050816356357
1523140051747495937
1523140052808728576
1523140071066861569
1523140072874602496
1523140075139256320
1523140076813058048
1523140077869699073
1523140080935788544
1523140087776747521
1523140095326359553
1523140099285921792
1523140107376635904
1523140109691879429
1523140112338632706
1523140113559359488
1523140120483971072
1523140122707107841
1523140123650629633
1523140123973459969
1523140125953167360
1523140133108989952
1523140150787596289
1523140155321823232
1523140155426566145
1523140155741192192
1523140162967851008
1523140164100317185
1523140165232848896
1523140167602774016
1523140168114634752
1523140171335553024
1523140189220003840
1523140194173874176
1523140194228125696
1523140204269228033
1523140204478955520
1523140207326883840
1523140217791664128
1523140219729457152
1523140221453279234
1523140221809815554
1523140221914607616
1523140221822705667
1523140222720036866
1523140225559457792
1523140228663455744
1523140229422592000
1523140233344258048
1523140237823975424
1523140239472340993
1523140245646159872
1523140250050383873
1523140250645635073
1523140261173338112
1523140266768535552
1523140268379484160
1523140275140366336
1523140282409177088
1523140283860357120
1523140285592903680
1523140284674351105
1523140286356258816
1523140288490868736
1523140289354891264
1523140289468149762
1523140290944679936
1523140293851488257
1523140296963280898
1523140300872425473
1523140307671724032
1523140308057399296
1523140309664018432
1523140314759938050
1523140317746462720
1523140318363021314
1523140323454730241
1523140324641624064
1523140325140832262
1523140325778223105
1523140334812753921
1523140335794200577
1523140337014689792
1523140337287708672
1523140338734428160
1523140343805456385
1523140344497332225
1523140345810145280
1523140349077635074
1523140348809076736
1523140352101601280
1523140359844675585
1523140361987801090
1523140368765800448
1523140368484773888
1523140368929533953
1523140370388955142
1523140370728509440
1523140372880572417
1523140378936848384
1523140384339410945
1523140389842083843
1523140392304132096
1523140401301159936
1523140402273918976
1523140419445411841
1523140428798652416
1523140429876760576
1523140430430445569
1523140430560468992
1523140440970645504
1523140442392436736
1523140444166963200
1523140446548992000
1523140458481868801
1523140458989473792
1523140461170683905
1523140463288487936
1523140465180041216
1523140471656132608
1523140473099108353
1523140473287811072
1523140477305823234
1523140480405749761
1523140487640764417
1523140489599500288
1523140493718089730
1523140499682562048
1523140499791818752
1523140501624393729
1523140501847027712
1523140506317848577
1523140513557319681
1523140519681232897
1523140522981814273
1523140529521041408
1523140529458155525
1523140530687078401
1523140532612042757
1523140538182025218
1523140542716157952
1523140543777488896
1523140553033928704
1523140558440767488
1523140558524682242
1523140565050691584
1523140565835010048
1523140577331937280
1523140577587765248
1523140579810770945
1523140586714198016
1523140590699159553
1523140591302836225
1523140592703791105
1523140595891326977
1523140598701576192
1523140598819360769
1523140615261028352
1523140616661901313
1523140625213759489
1523140632461541376
1523140636672548864
1523140641794015232
1523140642813399040
1523140644507582464
1523140648198574081
1523140651268775936
1523140653404033024
1523140655618600960
1523140659712045056
1523140661238972418
1523140676074237955
1523140678078787586
1523140680071413760
1523140681476472833
1523140683129036800
1523140684873871360
1523140691819634688
1523140695753510912
1523140709099835392
1523140717027201024
1523140726946775040
1523140732407914496
1523140747184066560
1523140749755228160
1523140751432978432
1523140753866002432
1523140754318761984
1523140754213847041
1523140755333820416
1523140767002234881
1523140770357776384
1523140773814091777
1523140785503232000
1523140789303320576
1523140791136186369
1523140791878975488
1523140796312129537
1523140796492492800
1523140796894961664
1523140798069415936
1523140798614806529
1523140799332249600
1523140799449296896
1523140799449518080
1523140805082427394
1523140807917989888
1523140814032936961
1523140818265026560
1523140819724607488
1523140819867164673
1523140820618342400
1523140823436644352
1523140825047216128
1523140826737520640
1523140827744292868
1523140829157765120
1523140833100271616
1523140834090119168
1523140836107735040
1523140836527001600
1523140842311061506
1523140844878184449
1523140845930573824
1523140851957960704
1523140855057752064
1523140855980490753
1523140857485922305
1523140862292729857
1523140864314589185
1523140864696061952
1523140880835690497
1523140883084091392
1523140884799574016
1523140886284013568
1523140894395797504
1523140902318792704
1523140905556869120
1523140913186611201
1523140922426372096
1523140924401881088
1523140926536916992
1523140933390327810
1523140938960302080
1523140941795807233
1523140949710307329
1523140978110046209
1523140981012705280
1523140981591216128
1523140982224879616
1523140983365730307
1523140989417889792
1523140990504161282
1523140996401405952
1523140997093347328
1523141001061175296
1523141008057421824
1523141010636816385
1523141011005792260
1523141035341139970
1523141038361128962
1523141040726753285
1523141042396344320
1523141043905982465
1523141051716096001
1523141051892273155
1523141053016121347
1523141056589549568
1523141060955832320
1523141070485594112
1523141081856151552
1523141083949109248
1523141086318714882
1523141086671036417
1523141087556034562
1523141091444531200
1523141095126827008
1523141096821329920
1523141097521700865
1523141098109308928
1523141102957522946
1523141114147983360
1523141114831638529
1523141119621566465
1523141121299271680
1523141122473996288
1523141123635662849
1523141124302376962
1523141128631259137
1523141137334411266
1523141137975889921
1523141140521926662
1523141140576276480
1523141150202204162
1523141150282219520
1523141153197277184
1523141158263660544
1523141160595861506
1523141161770094592
1523141162302939136
1523141173925220353
1523141176215363584
1523141183400124417
1523141184528347136
1523141184713117697
1523141193017614336
1523141196759150594
1523141207768977409
1523141208570269696
1523141209551773697
1523141211493593089
1523141212290617344
1523141219349671936
1523141223749664769
1523141223887769603
1523141225960046592
1523141227335532547
1523141249108045825
1523141254476836864
1523141265239703552
1523141268527882240
1523141273124675585
1523141276870508544
1523141282968784896
1523141283048419329
1523141284088905730
1523141291328126976
1523141297799761920
1523141297502298112
1523141298257264640
1523141300047933440
1523141303495712770
1523141304430997504
1523141305697968134
1523141309325795328
1523141310341091334
1523141316644794368
1523141328422547456
1523141330787913731
1523141332956446722
1523141334403620865
1523141336563470336
1523141336341565441
1523141341659631617
1523141363025555458
1523141362723422208
1523141374777839616
1523141377567371265
1523141381870735361
1523141383284228096
1523141384235929600
1523141385591095298
1523141387079733248
1523141391140159489
1523141392679251968
1523141398949928960
1523141400715431936
1523141402518990853
1523141413063434240
1523141415144165376
1523141426854326273
1523141428334968840
1523141430595702785
1523141433363861504
1523141433624080387
1523141438166290433
1523141440804581376
1523141445733044224
1523141449704820736
1523141450082488321
1523141451731054592
1523141452116549633
1523141468591779840
1523141468990357504
1523141471809024000
1523141472270180352
1523141473239142400
1523141477307609088
1523141477316313088
1523141479740604417
1523141488036564992
1523141493195780096
1523141494038994945
1523141498086191105
1523141502427287553
1523141508534128646
1523141512342786053
1523141513718677506
1523141514859204608
1523141523038081024
1523141526418690048
1523141528146923526
1523141530223001600
1523141534274625538
1523141536644763649
1523141540142784512
1523141541379911680
1523141544316116992
1523141547851919360
1523141549583835136
1523141550448025601
1523141554432806914
1523141558152818691
1523141560602284032
1523141560795561984
1523141562481647616
1523141563265990657
1523141568122789888
1523141574439620610
1523141576515813376
1523141578247659520
1523141578411360257
1523141580818763777
1523141583792926722
1523141585680027649
1523141587890360321
1523141590558126080
1523141594345783296
1523141597562806272
1523141607683465223
1523141619146534913
1523141619461267456
1523141620467904513
1523141622879318016
1523141624611581953
1523141626683555841
1523141631813496832
1523141632316436480
1523141634250067969
1523141635432878081
1523141635898368001
1523141636003405824
1523141636888592384
1523141644408741889
1523141644945661953
1523141649538465792
1523141661681123330
1523141667234398208
1523141667515256832
1523141667364425730
1523141668404604930
1523141681469530113
1523141687509495809
1523141688877023232
1523141694627397633
1523141696426442758
1523141699861635072
1523141712469766145
1523141713665363968
1523141716743708673
1523141717989289984
1523141720631697408
1523141731591483392
1523141732577456128
1523141733512404992
1523141734049673218
1523141735261806598
1523141743771717632
1523141748557447169
1523141749656408065
1523141752420372480
1523141761706586112
1523141761971154949
1523141766152699904
1523141770695294977
1523141777045164033
1523141777833664512
1523141778370564096
1523141783924142080
1523141784758624261
1523141788856430592
1523141789699526657
1523141792417386496
1523141794074365952
1523141796473102337
1523141798897410049
1523141800784908288
1523141804094337024
1523141808326590464
1523141809001492480
1523141809903333377
1523141819596431360
1523141822188453890
1523141822314586113
1523141825195700231
1523141825267400705
1523141824675663872
1523141827431628800
1523141827825528832
1523141830845644800
1523141840626925568
1523141846616186881
1523141849342705664
1523141851557027840
1523141853687599104
1523141862701551616
1523141863586344960
1523141868078436352
1523141868976242689
1523141871072993280
1523141882758393858
1523141883177930752
1523141890488500224
1523141896238891009
1523141898273103873
1523141907030757378
1523141918380773378
1523141926232469508
1523141930951258112
1523141931433291777
1523141936626167810
1523141940207755265
1523141942892122113
1523141948160483328
1523141952933408768
1523141954963656707
1523141958239408128
1523141958256181248
1523141964618629120
1523141972109983745
1523141972927541248
1523141973632339970
1523141981479718913
1523141989688279040
1523141990782693376
1523141999926292486
1523142001218097153
1523142002535108608
1523142005227876352
1523142012177985537
1523142016191844352
1523142020167921665
1523142024781701121
1523142026778218496
1523142033728491522
1523142036785750016
1523142044595924992
1523142045350522880
1523142049154752512
1523142051088400384
1523142051843698688
1523142051726262272
1523142062493007873
1523142067282579460
1523142070994706432
1523142075587334144
1523142076942147585
1523142077604843520
1523142083900588032
1523142092138057729
1523142094587670528
1523142095103578112
1523142094973378560
1523142098937126914
1523142100107161600
1523142102892224512
1523142129014480897
1523142129366691841
1523142139537809408
1523142145796108288
1523142153064435713
1523142153303732224
1523142157745344513
1523142162753409025
1523142163625693184
1523142164196519937
1523142169573216256
1523142171716907008
1523142172500914176
1523142181153779712
1523142193061703680
1523142194647150592
1523142197172117504
1523142197398278144
1523142201617825792
1523142202620227584
1523142205581393920
1523142206453915648
1523142211029790720
1523142214247141376
1523142215169896449
1523142216583204864
1523142216793100290
1523142218080743425
1523142218525347842
1523142218894086146
1523142227832492033
1523142228860108803
1523142231703490560
1523142232206811136
1523142236493520896
1523142236812324864
1523142237680734208
1523142245515288576
1523142246664523778
1523142246962692098
1523142247386079232
1523142248480657409
1523142249470586880
1523142250829533184
1523142257259425792
1523142257473626112
1523142263328497665
1523142264121221120
1523142265379889153
1523142266264637440
1523142272233078785
1523142272413585408
1523142275399774210
1523142277153300480
1523142286443433984
1523142287869751296
1523142289140613120
1523142289505546242
1523142290130173953
1523142290537160706
1523142313504956418
1523142314864037888
1523142321935581185
1523142322896388096
1523142324469092352
1523142326415241217
1523142329644769280
1523142333369548802
1523142339199324160
1523142341489401857
1523142341653315585
1523142346874839041
1523142350381273088
1523142351014801408
1523142352008716288
1523142361144258562
1523142373328695297
1523142375014805504
1523142380286795776
1523142381868097537
1523142382186729473
1523142386012295169
1523142392085622784
1523142396799700992
1523142398649376770
1523142399907835905
1523142402491314176
1523142412226351106
1523142418354552832
1523142419079999489
1523142419705139201
1523142428752248833
1523142430404476928
1523142438705008641
1523142443494887426
1523142449925083137
1523142450491326469
1523142451053142017
1523142451745099776
1523142454379225089
1523142455587229696
1523142461769777153
1523142463765897216
1523142464856784898
1523142468212228096
1523142469449580546
1523142470519111681
1523142472364306433
1523142484532277248
1523142494254678016
1523142496020271110
1523142501447610369
1523142502022369282
1523142501300719616
1523142507340570624
1523142507764150273
1523142514047389696
1523142515242586112
1523142516320911360
1523142519722475521
1523142520913502210
1523142525909110787
1523142534989418496
1523142536852025344
1523142537699270656
1523142543038459905
1523142547694137345
1523142549761712128
1523142549879156736
1523142560973217792
1523142562852265984
1523142566312558593
1523142570506743809
1523142571115139072
1523142577616486400
1523142577977196544
1523142584339640320
1523142591004684291
1523142591591886850
1523142592007131136
1523142594967916544
1523142603541254145
1523142607110819841
1523142610956677120
1523142618347094016
1523142628199768065
1523142632440045568
1523142633316491265
1523142637598953472
1523142638316175362
1523142639423426560
1523142640400683009
1523142642254884874
1523142642707533825
1523142643718438913
1523142645409005570
1523142650207125504
1523142652778008576
1523142653184983047
1523142654883737600
1523142659535081472
1523142659917094912
1523142667562995712
1523142667852337152
1523142680804749312
1523142681651781632
1523142683954401281
1523142685389111297
1523142695937806336
1523142702069547009
1523142707325116424
1523142712030949376
1523142714682130432
1523142714841206787
1523142715432595456
1523142716581851137
1523142719857594369
1523142722839842817
1523142725155311616
1523142725478060032
1523142736026619906
1523142739776352256
1523142740908773377
1523142745690411008
1523142747242344448
1523142749809225728
1523142750916521985
1523142753349033984
1523142754611699713
1523142757447090178
1523142757727956992
1523142764384473089
1523142764845838336
1523142771640614912
1523142774639382529
1523142774115082240
1523142775717380096
1523142777839575042
1523142778607210496
1523142787935338496
1523142790095515650
1523142794671321088
1523142797586743297
1523142801524936706
1523142802385022977
1523142804347662338
1523142808433049602
1523142810450513921
1523142810949472256
1523142811020763136
1523142811729772545
1523142813944532992
1523142814577606661
1523142816678825985
1523142817823924225
1523142818507677696
1523142819577475072
1523142828976918529
1523142833020227584
1523142835356434433
1523142835754647557
1523142838569123840
1523142843136884736
1523142847632924672
1523142850782941184
1523142853483843584
1523142853601374208
1523142858760499205
1523142863512809474
1523142864401752066
1523142865211523074
1523142865970675713
1523142866192666624
1523142877815226368
1523142886849597441
1523142887134924800
1523142889722683392
1523142892759310336
1523142892990042112
1523142895750062080
1523142907657539584
1523142909578543106
1523142911411376128
1523142911566753803
1523142916168097794
1523142918155948032
1523142929032028161
1523142929606668289
1523142932219371520
1523142935184871424
1523142937567461379
1523142938145918977
1523142939504959488
1523142940222431232
1523142940981284864
1523142947532787713
1523142948653006848
1523142954772484097
1523142961227534337
1523142965451177984
1523142966268858369
1523142968114221056
1523142974669959168
1523142974799970304
1523142976012054528
1523142981087227904
1523142985604825089
1523142990360813568
1523142995733798912
1523142998288183299
1523143013425373184
1523143014314651654
1523143014364983296
1523143014805237761
1523143015904137218
1523143015828639744
1523143020488536065
1523143025550974976
1523143027321057280
1523143030051676160
1523143032228683777
1523143043255537665
1523143052671729664
1523143057213992960
1523143060401627139
1523143063199232000
1523143071155691520
1523143072510779393
1523143077648637953
1523143079196209153
1523143079854997504
1523143080404213765
1523143080765018112
1523143081633398785
1523143090524999680
1523143090411769856
1523143091707916293
1523143099324588035
1523143107675492352
1523143109009412098
1523143113875017728
1523143114134900738
1523143114621288450
1523143119998717953
1523143126453350400
1523143131448766464
1523143134150275072
1523143135928340481
1523143145059463173
1523143145755717635
1523143149874520064
1523143149748641792
1523143150826622977
1523143156295942146
1523143158397534209
1523143162285498369
1523143163598106624
1523143168832995328
1523143170061570048
1523143174570807298
1523143175720009728
1523143179712618497
1523143180795150339
1523143185614065665
1523143186754899970
1523143188038713344
1523143189376290818
1523143189854662656
1523143191339307008
1523143195197984774
1523143195592630277
1523143196947013633
1523143208586211330
1523143214617694209
1523143214806540289
1523143228064624640
1523143231940308992
1523143233739534336
1523143235165687810
1523143235488862209
1523143237631942656
1523143240370765825
1523143242698883072
1523143244116230144
1523143244271345665
1523143245135421440
1523143249061240833
1523143250525421568
1523143254522593285
1523143258922053632
1523143260633706496
1523143261786939392
1523143262135066625
1523143265318731776
1523143271232716800
1523143272184512512
1523143277393842177
1523143277654192128
1523143279360970757
1523143281093226496
1523143281516941312
1523143288790069249
1523143291050422273
1523143296549535744
1523143296918249472
1523143298529247233
1523143300655595520
1523143300630593537
1523143301523591168
1523143306372395008
1523143308276486144
1523143310097158144
1523143310856097794
1523143315318841344
1523143316241494016
1523143321178501121
1523143323069730816
1523143323556360192
1523143327331217409
1523143328962916353
1523143331449999362
1523143335296536576
1523143335191642112
1523143342913060864
1523143345047883776
1523143345970708482
1523143347006713857
1523143348675960833
1523143349057642497
1523143350127316993
1523143353805594624
1523143354883616775
1523143356750397442
1523143365725876224
1523143372185108480
1523143374727184384
1523143375855112192
1523143376824336384
1523143387968196609
1523143390103150592
1523143396394962945
1523143402518315010
1523143405341396992
1523143405592797184
1523143408654569472
1523143416078823424
1523143416766353409
1523143417454235648
1523143417831694337
1523143419186774017
1523143420348301312
1523143424878301185
1523143427713499137
1523143427986231298
1523143429701574656
1523143432646148096
1523143436471181313
1523143444642041856
1523143448056180736
1523143452552171520
1523143456855494656
1523143457174261760
1523143458621632514
1523143466171072512
1523143468985499648
1523143470612992001
1523143483569356801
1523143484479209472
1523143494117695488
1523143495447318528
1523143503597170688
1523143505014849536
1523143509418545152
1523143515386961921
1523143517022736385
1523143520474652673
1523143521989201920
1523143522404106241
1523143526577586177
1523143530499084288
1523143532562636800
1523143538371743744
1523143539131039744
1523143547221807104
1523143547914170368
1523143549264355328
1523143549344120832
1523143550200053762
1523143554138185730
1523143554494828544
1523143559876014080
1523143561071398913
1523143563806093313
1523143567710949377
1523143569401610241
1523143573524254721
1523143577282301954
1523143582114271237
1523143589504720898
1523143592738447365
1523143597759115265
1523143604943814657
1523143607351332864
1523143610371231745
1523143613353390080
1523143614683041794
1523143615316467717
1523143615551197184
1523143619154104322
1523143619460358144
1523143625516847104
1523143627182014465
1523143629380161536
1523143634803118081
1523143636330098688
1523143637474807814
1523143641224597509
1523143642390708224
1523143648744919040
1523143649034387456
1523143659033706496
1523143661692887040
1523143663978647552
1523143666877210624
1523143667564883970
1523143672183017472
1523143679023714304
1523143682479869952
1523143682840481792
1523143685512171521
1523143686372089857
1523143687144079360
1523143694009786368
1523143699076579328
1523143701983158277
1523143710447312899
1523143714029416448
1523143714830389248
1523143715065569281
1523143717745733636
1523143722892148736
1523143722757931010
1523143724531732481
1523143731733426176
1523143731779862529
1523143732681486337
1523143735118159872
1523143735357308928
1523143736234024961
1523143738272456706
1523143743745839104
1523143745486860288
1523143748515164160
1523143748674547713
1523143749152387072
1523143751362744320
1523143757889036289
1523143760669921281
1523143773181689861
1523143775652319232
1523143780823539712
1523143781150773249
1523143787702366214
1523143794417229824
1523143794731925504
1523143799257858050
1523143799752384512
1523143802877186048
1523143803984658432
1523143805863612419
1523143805943562240
1523143808103288832
1523143808736653312
1523143813585567744
1523143813879201794
1523143814566735872
1523143815149805568
1523143816546594816
1523143817821573121
1523143819511836672
1523143820367466496
1523143821768290304
1523143823672631296
1523143826986045440
1523143829183991808
1523143835253370880
1523143840814747650
1523143842643423233
1523143843050254337
1523143852445474816
1523143870359515136
1523143874016862208
1523143874641866756
1523143874381856768
1523143874696593411
1523143879637225475
1523143879817515008
1523143880820281344
1523143881050980356
1523143882321575936
1523143883034669056
1523143892107141121
1523143892979240960
1523143897152634881
1523143901049397249
1523143909060325376
1523143912344506369
1523143913120296960
1523143914475065344
1523143919042953217
1523143926655315968
1523143927288586240
1523143935543050241
1523143937233657858
1523143939993128960
1523143941536632832
1523143943931953152
1523143946008145923
1523143947836882944
1523143955667316736
1523143958184050690
1523143958293008386
1523143971316269057
1523143972448837632
1523143974772424710
1523143977276350464
1523143979537408000
1523143980837396480
1523143981282037760
1523143982464724992
1523143984259948544
1523143987489492993
1523143991872663552
1523143994905358336
1523143996952162304
1523143999074095105
1523143999565053953
1523143999661518849
1523144011397332994
1523144015927033856
1523144021732134913
1523144021925056513
1523144025968365568
1523144028077924352
1523144028358955008
1523144030548152320
1523144035120021504
1523144035824664576
1523144040752943104
1523144041206280192
1523144045010194432
1523144046893428740
1523144047438663680
1523144048193978368
1523144051553308674
1523144052044353537
1523144055282147330
1523144056515481600
1523144057412677633
1523144057559547904
1523144060722204673
1523144064719327232
1523144066955100162
1523144067093532673
1523144068456497153
1523144070440558593
1523144072629669891
1523144076643958785
1523144081806921728
1523144087632760832
1523144089222496256
1523144091609047040
1523144091948576768
1523144099070550017
1523144100517756930
1523144102707142657
1523144103118409729
1523144104061726721
1523144105995702272
1523144108797476864
1523144109355003904
1523144109929959429
1523144118222061568
1523144119035785216
1523144121908862976
1523144122701578240
1523144123720503296
1523144127264657408
1523144127847616515
1523144129676406786
1523144131484258304
1523144132582989824
1523144140619407360
1523144140967530501
1523144144025456641
1523144145770094592
1523144157228720128
1523144157232910336
1523144161347575808
1523144161134022657
1523144162413096962
1523144163600080898
1523144164200054786
1523144164711759872
1523144166674370560
1523144168616255489
1523144173141909504
1523144177370165248
1523144178582097920
1523144179055947777
1523144182466224128
1523144187335503872
1523144187721494530
1523144189093072896
1523144192289034241
1523144198257807361
1523144200728248321
1523144203701669888
1523144208244256771
1523144224757231619
1523144228758384648
1523144229694095360
1523144233464467456
1523144238313078784
1523144240422809602
1523144242482532352
1523144251466473474
1523144252942868480
1523144260769431552
1523144261872791552
1523144263407603713
1523144266544914432
1523144269929893889
1523144274073710593
1523144274908676096
1523144280528859138
1523144280901967872
1523144290473746433
1523144293745328128
1523144294831300609
1523144296467099648
1523144299776557057
1523144301701521408
1523144302142009344
1523144305304559618
1523144305669332992
1523144306839588864
1523144310686109696
1523144314259480576
1523144315249127424
1523144316042231808
1523144320001654784
1523144320903421952
1523144322224652288
1523144329107484672
1523144331065921536
1523144334161362944
1523144352050352128
1523144355321507840
1523144360572985344
1523144361403322368
1523144361709506560
1523144366990462976
1523144373378383874
1523144379812450305
1523144386187571200
1523144386422480897
1523144387991318529
1523144389651877893
1523144392265314304
1523144399840251904
1523144401547014148
1523144400465203200
1523144407578738688
1523144411068383232
1523144412460683265
1523144422124261377
1523144422321438720
1523144423454162944
1523144430915522561
1523144431821545473
1523144432719122433
1523144435374051328
1523144436317925376
1523144436540051456
1523144445230993408
1523144447093243904
1523144451039842304
1523144452537257984
1523144454525403137
1523144456697962496
1523144456454688768
1523144461978587138
1523144467653423104
1523144471923331074
1523144473718321153
1523144474582556673
1523144474838564865
1523144484208451592
1523144494043987968
1523144496682176512
1523144497726644225
1523144507239579648
1523144510959587328
1523144513333915648
1523144513425973248
1523144527208493056
1523144532535422978
1523144537631522818
1523144539015286784
1523144542026797056
1523144542748299264
1523144548611895297
1523144559416332288
1523144560574025732
1523144563858472961
1523144566689329152
1523144567864053760
1523144569935872002
1523144572397707264
1523144572569735168
1523144577162506240
1523144580878589953
1523144582560890884
1523144581839462400
1523144585186209792
1523144589397438467
1523144590601363459
1523144594694688769
1523144597496639493
1523144598386020352
1523144599279001602
1523144601338789889
1523144603326500864
1523144607063851008
1523144613812338689
1523144620640677889
1523144620967964673
1523144621898928133
1523144633362317312
1523144635966574592
1523144636063133696
1523144636360839168
1523144637359489024
1523144640144183298
1523144648377602049
1523144649384226816
1523144652916129794
1523144653079523329
1523144666283233280
1523144674273230848
1523144676492029952
1523144678631419907
1523144678933159937
1523144684381499392
1523144685874606080
1523144687283884034
1523144693655031809
1523144693978365953
1523144696490602501
1523144703562108931
1523144705352953857
1523144708066881537
1523144708595367936
1523144709723783168
1523144714169499654
1523144714241056768
1523144716606652416
1523144718800105472
1523144718863171585
1523144723828989952
1523144727096438785
1523144739172020224
1523144755852447744
1523144757979062273
1523144761170808834
1523144767910989828
1523144769362284545
1523144769928671234
1523144772633903104
1523144781559656453
1523144797573488643
1523144797929627648
1523144798797975552
1523144800597291008
1523144801163567105
1523144817957507073
1523144819832680448
1523144820964745217
1523144823640895489
1523144824127295488
1523144829139619841
1523144829651275776
1523144829844164608
1523144830829973504
1523144832914702336
1523144833707044865
1523144834604695552
1523144835791831040
1523144837591367681
1523144850295734275
1523144856247631872
1523144857052717056
1523144857182564352
1523144864749481984
1523144869266530305
1523144871594319873
1523144871749746688
1523144877499854849
1523144879484071944
1523144881044086785
1523144888023498753
1523144889369698306
1523144892620640256
1523144901072125952
1523144903684886529
1523144906654760960
1523144908907118592
1523144911427678210
1523144914053197824
1523144917157298176
1523144917874143232
1523144918805676034
1523144920005070848
1523144920147820544
1523144923901485056
1523144923762937857
1523144927055540224
1523144927693217793
1523144929412718593
1523144929488244738
1523144939919585282
1523144940376707072
1523144941467320321
1523144944759848960
1523144945858940928
1523144947586990080
1523144948136419328
1523144948454940674
1523144952078909440
1523144959456686080
1523144960177963013
1523144962837147649
1523144964347072513
1523144965014302720
1523144966540722176
1523144966410694656
1523144967077580800
1523144970298966018
1523144974925123584
1523144984836378624
1523144986220367872
1523144987579281409
1523144989982982144
1523144990930595842
1523145005241569281
1523145006453706752
1523145012393185285
1523145013105860609
1523145013563068416
1523145015878623232
1523145016226598912
1523145018474700801
1523145020823408642
1523145026611859456
1523145028423790593
1523145030210228230
1523145039140069376
1523145041182605317
1523145041828806656
1523145044076679168
1523145053904019456
1523145055162482689
1523145056722448385
1523145060065624064
1523145062447820801
1523145065110986753
1523145066973659138
1523145070114865152
1523145070576562176
1523145078394716161
1523145079317098497
1523145080814534656
1523145082752225280
1523145083201241088
1523145084107386885
1523145088792252416
1523145090155356161
1523145091698864128
1523145093796216832
1523145099231723521
1523145101240934402
1523145109138821121
1523145112741900290
1523145113001545728
1523145118206865408
1523145118659727360
1523145125672669191
1523145127274770436
1523145137265967104
1523145138616340480
1523145141611278336
1523145144064610304
1523145148498329601
1523145155163090944
1523145157201350656
1523145169003900928
1523145169528258560
1523145179447894016
1523145180278185984
1523145183692726273
1523145187152826368
1523145189103177728
1523145197819146241
1523145198599311360
1523145204513087491
1523145210456387584
1523145236473544706
1523145242903707648
1523145249887080449
1523145251002589185
1523145253758267393
1523145253779214338
1523145255721193472
1523145258195775488
1523145259127308288
1523145259429294081
1523145267691855879
1523145268262469632
1523145275652841472
1523145276445315072
1523145279717113858
1523145279934849024
1523145284435337216
1523145284787732481
1523145289518895110
1523145290513272833
1523145290911711232
1523145293872594945
1523145294380036096
1523145297710354432
1523145303146528768
1523145303809052678
1523145306833051648
1523145307365683200
1523145313812328450
1523145342975422464
1523145343772332032
1523145347924594689
1523145352966438912
1523145356887961606
1523145357789523968
1523145357882171394
1523145358313934848
1523145361053073409
1523145362327937024
1523145364320178176
1523145369630257152
1523145370708156423
1523145371106660352
1523145371228459008
1523145373010653184
1523145373547642881
1523145382032728070
1523145385962721281
1523145386143199234
1523145388462514176
1523145392640077825
1523145393873203200
1523145395882364928
1523145397753024512
1523145398239612933
1523145403893383174
1523145405654994945
1523145408515493888
1523145408607703040
1523145409987682305
1523145409996423168
1523145410491125761
1523145411149516801
1523145411854159873
1523145413708361728
1523145420054364161
1523145421186428929
1523145422985867266
1523145426903441409
1523145429667368960
1523145432276238337
1523145434327560192
1523145436495634433
1523145438567800832
1523145440044412929
1523145440325079040
1523145446163685376
1523145447304441856
1523145448579600384
1523145448990461959
1523145452031516673
1523145453717815296
1523145455114551297
1523145460810227712
1523145460999143425
1523145462739771394
1523145463154626560
1523145465780666369
1523145468259147776
1523145470033657857
1523145470276558849
1523145470767337472
1523145471698604032
1523145475788259332
1523145479625748480
1523145486978682885
1523145487817187328
1523145488048230400
1523145488387567616
1523145489528795136
1523145492942708736
1523145493190127616
1523145493592825857
1523145500249436160
1523145501520154624
1523145506716794882
1523145510168809477
1523145515168264192
1523145517110333441
1523145518200737792
1523145518360059905
1523145520071720960
1523145521304686593
1523145524727091200
1523145527344472066
1523145529349140481
1523145532050489344
1523145537381634049
1523145538228473856
1523145540229382145
1523145546512302080
1523145546613104640
1523145553709875201
1523145555207237633
1523145556004007936
1523145575985987585
1523145577868894208
1523145578955231232
1523145586614374400
1523145588967350277
1523145592767074306
1523145594646134787
1523145595313000448
1523145595250089986
1523145599364780032
1523145600958865408
1523145607442878464
1523145612824391681
1523145615123034113
1523145619010990081
1523145618889314310
1523145623242870784
1523145624694239232
1523145624979271682
1523145625079980032
1523145625206145024
1523145639894212608
1523145640691507200
1523145645150064640
1523145645858582528
1523145648144494593
1523145653479743488
1523145656332087296
1523145662312812544
1523145663160401920
1523145663315386368
1523145666016423937
1523145672740196353
1523145676103725056
1523145676929921024
1523145677512921088
1523145679413030912
1523145682278031362
1523145682495934464
1523145683959566339
1523145690964271104
1523145692813746176
1523145694734807040
1523145700854296576
1523145703148732417
1523145707020070912
1523145710350532608
1523145712829026304
1523145713399390209
1523145715815383040
1523145717044645888
1523145718319693824
1523145720798363648
1523145729358786560
1523145741031862272
1523145743879471106
1523145744491769857
1523145754340208640
1523145759553515520
1523145768882012160
1523145774854410241
1523145776934834176
1523145777068969988
1523145778113429504
1523145782442229760
1523145782253133824
1523145784409325574
1523145785386455044
1523145795251236864
1523145796103073792
1523145796883030018
1523145796988063744
1523145799021973504
1523145799034679296
1523145804097204224
1523145806068342786
1523145807804915712
1523145808857604097
1523145811235946497
1523145812087537665
1523145814708686848
1523145815623364608
1523145817850511361
1523145819645390849
1523145822245818368
1523145823944851456
1523145825198608384
1523145828504080384
1523145832479936513
1523145835084750849
1523145841183281152
1523145851761135617
1523145851945689089
1523145862792171520
1523145865279733761
1523145867817070592
1523145868639367169
1523145871205928960
1523145883411304449
1523145884699029504
1523145884950687744
1523145891124707328
1523145892496257024
1523145894090010624
1523145895118016513
1523145897046994945
1523145901988106240
1523145904244486144
1523145904290603008
1523145904702001152
1523145914269020160
1523145916538306560
1523145919860195329
1523145920400949248
1523145921160175616
1523145922749902850
1523145922947002368
1523145929867505666
1523145932162084864
1523145934494113792
1523145934796132352
1523145938998493184
1523145938935717889
1523145939141238785
1523145939954798592
1523145944476311553
1523145946577907714
1523145956363055104
1523145958904975361
1523145959538151429
1523145962121740288
1523145967171772417
1523145968304025601
1523145972443860993
1523145972855021568
1523145976206475264
1523145984817373186
1523145990286544898
1523145990542348288
1523146005364891648
1523146007516565506
1523146012055183360
1523146012965015552
1523146013011476480
1523146014785687552
1523146018174357504
1523146019684294657
1523146022662262785
1523146032095404033
1523146041654411264
1523146044103532545
1523146044942749696
1523146045168922626
1523146046016147456
1523146050701123584
1523146051368243200
1523146052450533376
1523146053478150144
1523146056766083072
1523146061451255809
1523146061669625856
1523146064383164417
1523146066983636993
1523146067910574080
1523146069638774784
1523146072780324864
1523146074520625152
1523146077821624321
1523146080791461890
1523146083047997440
1523146085140553728
1523146085585526785
1523146085908115456
1523146087221305345
1523146087560744960
1523146088060157952
1523146088986857472
1523146090811314181
1523146095395758080
1523146096133869570
1523146096284946432
1523146097383804928
1523146098872754176
1523146103885078528
1523146108113125376
1523146136046907393
1523146140803162112
1523146141474312192
1523146142263164929
1523146144418869250
1523146145484054528
1523146145828159488
1523146154694819842
1523146158650105862
1523146161137197057
1523146167802298368
1523146167705432064
1523146169907507200
1523146175825784832
1523146177314799616
1523146185023770624
1523146198097354753
1523146202182737925
1523146203495641090
1523146206763171841
1523146214467809280
1523146217743548416
1523146222957178881
1523146226811629570
1523146228472684545
1523146247112392704
1523146249523802114
1523146249838657537
1523146250098405377
1523146251553808384
1523146251730046976
1523146253491744769
1523146256859627521
1523146260764454913
1523146263075561472
1523146264338399232
1523146264950591494
1523146266653650944
1523146270596124675
1523146274047995904
1523146276837404672
1523146276866764804
1523146279261331457
1523146279735365634
1523146283137269760
1523146283648958465
1523146283548123137
1523146285057921025
1523146288644067328
1523146288778424321
1523146289944297472
1523146291978534912
1523146301243854848
1523146300656545793
1523146313323343872
1523146314489417729
1523146315055583232
1523146330318819329
1523146333376630785
1523146334693629953
1523146337570615296
1523146339558731776
1523146339760349185
1523146341551063041
1523146345330221057
1523146349985816577
1523146350161842176
1523146350434562049
1523146351525064704
1523146353819504640
1523146355681935360
1523146356973441027
1523146357271191552
1523146360371171328
1523146367212077058
1523146367304355840
1523146372173623296
1523146376351211520
1523146379413135360
1523146381497569280
1523146384299470849
1523146384752492544
1523146388112314368
1523146389404131328
1523146390850789378
1523146395804332032
1523146399151386624
1523146400124776449
1523146403702198273
1523146407313510400
1523146407854583809
1523146408823459840
1523146414271827969
1523146414729359360
1523146419447930880
1523146419867201536
1523146420550873090
1523146420517171200
1523146421154684928
1523146424572993537
1523146427555205120
1523146428092227584
1523146429421989888
1523146434559754240
1523146440553340928
1523146440553693186
1523146443456126976
1523146444797927424
1523146448006565888
1523146448120037377
1523146455946473472
1523146465983762432
1523146466885500929
1523146467141386242
1523146477618761730
1523146478251921408
1523146478398619650
1523146480022061056
1523146483763056641
1523146487638671360
1523146497717645313
1523146508362690560
1523146509843582976
1523146510124290049
1523146514574364672
1523146519687229443
1523146520580993025
1523146530181435392
1523146534811881472
1523146552708980736
1523146554512756736
1523146554902728704
1523146559151562757
1523146560707641344
1523146560980369409
1523146565711454211
1523146568676782080
1523146574666285056
1523146575207411712
1523146576822120450
1523146588163829760
1523146592571777026
1523146592668332034
1523146594019065856
1523146596887965701
1523146598489812992
1523146599911903233
1523146599450673152
1523146608254148608
1523146610309431297
1523146611680940032
1523146626361090049
1523146626755301378
1523146630832218114
1523146636347600896
1523146640613208064
1523146653938884608
1523146654525833216
1523146659458437120
1523146662029717504
1523146671516831744
1523146671865024513
1523146672762920962
1523146675468247042
1523146677762531328
1523146677191778305
1523146679343476737
1523146680102797316
1523146680417234944
1523146684024250369
1523146697459007488
1523146697592868864
1523146698947760130
1523146703263907841
1523146706606387200
1523146712415567874
1523146719353278464
1523146720112046080
1523146721362120704
1523146722490257408
1523146726370324480
1523146732154015744
1523146732577574912
1523146738382643201
1523146740672647168
1523146744535519232
1523146743864389632
1523146745479405569
1523146747542863872
1523146748969222146
1523146759458803712
1523146760608223232
1523146767495491585
1523146765255725057
1523146769009315840
1523146772931313664
1523146772524134400
1523146778912051201
1523146789771431937
1523146790304096258
1523146791142658048
1523146791604178949
1523146798667550720
1523146803776221184
1523146805436768258
1523146809534681088
1523146811069898752
1523146811636011011
1523146813141774337
1523146819811033088
1523146824348946432
1523146831638712320
1523146831898808320
1523146833664659456
1523146844280295424
1523146846126088192
1523146847640231936
1523146849057615872
1523146861682429952
1523146867563200514
1523146869152665600
1523146870733762561
1523146872143347712
1523146881312108544
1523146885426708480
1523146895677296640
1523146898424864769
1523146898873499648
1523146905126985728
1523146908532834304
1523146910953050112
1523146922365698048
1523146924622331905
1523146928854568961
1523146931073024000
1523146931693891585
1523146932926836736
1523146936165240832
1523146946579353601
1523146946810101762
1523146950329069568
1523146950874345472
1523146955668525056
1523146956587081728
1523146958335971328
1523146960534122496
1523146960928395264
1523146962022895616
1523146962588999681
1523146966028460032
1523146966527586304
1523146968922574848
1523146970193350657
1523146970558189570
1523146971456114689
1523146973196730368
1523146979009781760
1523146979483680769
1523146981727961089
1523146982142865409
1523146987318951936
1523146987821879296
1523146992758980609
1523146994079780864
1523146995107610625
1523146995543728128
1523147010802524161
1523147011159060480
1523147016771092487
1523147016829775872
1523147018809778176
1523147019795185665
1523147023767117824
1523147030348005377
1523147032026021889
1523147037658984448
1523147040561430528
1523147042637365248
1523147046974275584
1523147054104465408
1523147055484612610
1523147055639805952
1523147060308066304
1523147060870057985
1523147067907973121
1523147071137669120
1523147075445272578
1523147078154833922
1523147079270293504
1523147080130199552
1523147093233344512
1523147093577064449
1523147094894260224
1523147098031415296
1523147100262830080
1523147100338667520
1523147101324328963
1523147104805597184
1523147106017492992
1523147107443519489
1523147109259956225
1523147111272878081
1523147112141123587
1523147116016652290
1523147118273187840
1523147118579433472
1523147123344224256
1523147128117342209
1523147128738041857
1523147131724435457
1523147138905284608
1523147139521556481
1523147139790307328
1523147140943417344
1523147140834500611
1523147149613027328
1523147160774225921
1523147163705913344
1523147168336408578
1523147178004287489
1523147178230878208
1523147178830872576
1523147184257912833
1523147196316762112
1523147198837391361
1523147213039443968
1523147213114855424
1523147215346475009
1523147217141264385
1523147221214060545
1523147224431341568
1523147227451043841
1523147232509276160
1523147232970690566
1523147235684663296
1523147239945764865
1523147243380871168
1523147243632885760
1523147244832104448
1523147249068351489
1523147252486791169
1523147256798629888
1523147260334387200
1523147260334600192
1523147262867623937
1523147264683692032
1523147266348965888
1523147267942854656
1523147269050179585
1523147273168777216
1523147274687180800
1523147275501031424
1523147277770141698
1523147280530165760
1523147280932814848
1523147281851363329
1523147282597629954
1523147281650061313
1523147285328183296
1523147285341028353
1523147296703057921
1523147297772630018
1523147299442262017
1523147307662807040
1523147317993521153
1523147326537093120
1523147333277466625
1523147335777361923
1523147336888725504
1523147340236099584
1523147340432875520
1523147344493289472
1523147344631537664
1523147349429997568
1523147351061372928
1523147354433789954
1523147354425409536
1523147356010541057
1523147359508598784
1523147363593998337
1523147363514294272
1523147366446022656
1523147372397830144
1523147373630738432
1523147375648415744
1523147376365477888
1523147376521003008
1523147378328412160
1523147379637198848
1523147379813273600
1523147379847106563
1523147381973581824
1523147384208953344
1523147384762511361
1523147386331164673
1523147388071817216
1523147390328311808
1523147396758196224
1523147397458714631
1523147411547324416
1523147413615411202
1523147413938126848
1523147417218011138
1523147417809342464
1523147417746436096
1523147419340312576
1523147420632240128
1523147421248679936
1523147428010070025
1523147429339566081
1523147430019334144
1523147430115618820
1523147438579671045
1523147438999191552
1523147446355783685
1523147448222642176
1523147451317866497
1523147451569422336
1523147452076896256
1523147453213646848
1523147454740197378
1523147455319224320
1523147456388632576
1523147462705180672
1523147470829924353
1523147477334913024
1523147478375219205
1523147478618451968
1523147479272677376
1523147479776206849
1523147483978907649
1523147484205264899
1523147492434464768
1523147498482966528
1523147502567837697
1523147505839460352
1523147514874310656
1523147518569181187
1523147519668092928
1523147522130460672
1523147521748455424
1523147526207012864
1523147540656713728
1523147541449261058
1523147542825156608
1523147543584329728
1523147544624345089
1523147546478141441
1523147548332269568
1523147548558753792
1523147550215208961
1523147551683145730
1523147552954101766
1523147558608007168
1523147565440634880
1523147566535217153
1523147571652222976
1523147575205183488
1523147576375095296
1523147576777736193
1523147581068505090
1523147582180110336
1523147583400873985
1523147584101285889
1523147585380179971
1523147586424745984
1523147586353434624
1523147590237245440
1523147592263077888
1523147593169006592
1523147593236295680
1523147593861238785
1523147593970503682
1523147597665423361
1523147598319652865
1523147604212682752
1523147604854509570
1523147605118955520
1523147606263619585
1523147606637043716
1523147608591675395
1523147620419780609
1523147622952833025
1523147627109388289
1523147628870987777
1523147634285887488
1523147634277781504
1523147637641252864
1523147639453216768
1523147640149397506
1523147642175647744
1523147642766692352
1523147648374808576
1523147650346160134
1523147652115963906
1523147658050691073
1523147662567956481
1523147664715661320
1523147664992260096
1523147667387592704
1523147668301955072
1523147671116070913
1523147680817459200
1523147682750943232
1523147685750099969
1523147687230685184
1523147690519203840
1523147695157919746
1523147696739028995
1523147701205934080
1523147705698373635
1523147706767536128
1523147707740688384
1523147709703589889
1523147710496665601
1523147710592815105
1523147711574429697
1523147717500936193
1523147725159960576
1523147744495341569
1523147752259133442
1523147752372260864
1523147755799031809
1523147759074877440
1523147759888453634
1523147760039448576
1523147790284898304
1523147793052876800
1523147797599424513
1523147799235383297
1523147801236025345
1523147802691670016
1523147804365017089
1523147805161893889
1523147806814478336
1523147808999575552
1523147810371080192
1523147811360894977
1523147813428809729
1523147821880209408
1523147822832537600
1523147823579021313
1523147823654526976
1523147836145418240
1523147836698685440
1523147846731853826
1523147850133405696
1523147850527698947
1523147852507226113
1523147852951687169
1523147856856883200
1523147857255366656
1523147859566206978
1523147863051497472
1523147863395430400
1523147866755461120
1523147870207025152
1523147870676955136
1523147872601993218
1523147874825306112
1523147874996957184
1523147875022249986
1523147876754284544
1523147882261405698
1523147883683274752
1523147884442628096
1523147889882669058
1523147892705435649
1523147894622400512
1523147895985299456
1523147901370703872
1523147904940412928
1523147906181910534
1523147908413296640
1523147908085780481
1523147909541208064
1523147915559981057
1523147916583575553
1523147920102629376
1523147920307998721
1523147922002558976
1523147927153418240
1523147929821007872
1523147932102389760
1523147933516197890
1523147935609163776
1523147936934281216
1523147936934154242
1523147940868415489
1523147941883842560
1523147947801604096
1523147949198352385
1523147950708314113
1523147952700542976
1523147959289929730
1523147960506531842
1523147961194381312
1523147961613664257
1523147961928200198
1523147980874067968
1523147983290007552
1523147984766382081
1523147995285393408
1523148003090960386
1523148006765252608
1523148007100739584
1523148007297978368
1523148008510005248
1523148011118809089
1523148011865473024
1523148022279925760
1523148023060041728
1523148027158200320
1523148029003452418
1523148028697210881
1523148032258109441
1523148031419318273
1523148035760525314
1523148036469231616
1523148037530726400
1523148040093114369
1523148041083097088
1523148043406782464
1523148045487308801
1523148051178659843
1523148051879428096
1523148053083045889
1523148063166320640
1523148065888038912
1523148065900691456
1523148066781802496
1523148070258905089
1523148077972201472
1523148078437396483
1523148078433595392
1523148079087570944
1523148080056578051
1523148080245207043
1523148082011152386
1523148086868156416
1523148087967227904
1523148088902361088
1523148090068598784
1523148096695197696
1523148098104852480
1523148099988127744
1523148101414006785
1523148104551350272
1523148104727506944
1523148106283450368
1523148112042225664
1523148112469970946
1523148117528354816
1523148118442713088
1523148123526221825
1523148125355253762
1523148127011807232
1523148127804420097
1523148131885477889
1523148135882665984
1523148136138829826
1523148139741552641
1523148139779469313
1523148151485575168
1523148152529985537
1523148153108955137
1523148155503718400
1523148155847852032
1523148157848199168
1523148159643381760
1523148160209727489
1523148165473456128
1523148169097351168
1523148183186120705
1523148187288367104
1523148198306476033
1523148205793636352
1523148214387736576
1523148215079813120
1523148222172393478
1523148228438282240
1523148230019584000
1523148232993681409
1523148235702816768
1523148237011623937
1523148244955516930
1523148246486593537
1523148252127711232
1523148255160578049
1523148257840406529
1523148258381606913
1523148262001152001
1523148264878624769
1523148265885110273
1523148269840441344
1523148274424721409
1523148275075153922
1523148275268059137
1523148276869918720
1523148281743912962
1523148283249520648
1523148289625182208
1523148295803080705
1523148296964956160
1523148298831675392
1523148301360455680
1523148304783011840
1523148306733432832
1523148310944665610
1523148316443303936
1523148318649782272
1523148319547179009
1523148323577769984
1523148332339982337
1523148344117411840
1523148345996324864
1523148348240191490
1523148348915654657
1523148351994470401
1523148358650527744
1523148360932368385
1523148374848905216
1523148379944980480
1523148380536737793
1523148380675141633
1523148383636324353
1523148389080526850
1523148391533875202
1523148395783024640
1523148399242928128
1523148403936481281
1523148405597421569
1523148408302673921
1523148408785014784
1523148411813638144
1523148413214375936
1523148419338235904
1523148422487977984
1523148423079280642
1523148424157483014
1523148430759313408
1523148438883364864
1523148441806725121
1523148449142689793
1523148450266853377
1523148450530963458
1523148459263463425
1523148470156402689
1523148480851587073
1523148484085714944
1523148486786846720
1523148487147237376
1523148487789281281
1523148487747321858
1523148500342554624
1523148502473527297
1523148507204489218
1523148507821273088
1523148512711651328
1523148513357578241
1523148515580407809
1523148517677670402
1523148518369935360
1523148518289981442
1523148519493685248
1523148521339342848
1523148523109335040
1523148523893673987
1523148524195815425
1523148528499183617
1523148534379208704
1523148536484835328
1523148539357917184
1523148540788482048
1523148546769260547
1523148547205451776
1523148552285097984
1523148555375955968
1523148560434270209
1523148563772952576
1523148564536623105
1523148564444057603
1523148575563079682
1523148577660280832
1523148577907765248
1523148583398219776
1523148583452954624
1523148584509706240
1523148585398947841
1523148586187329536
1523148586883510272
1523148592994729987
1523148611424759808
1523148611453964288
1523148611705458689
1523148612989038594
1523148622073843713
1523148622459596800
1523148623894175744
1523148629682565121
1523148631016378368
1523148632895025152
1523148636170985474
1523148637500436480
1523148643351797761
1523148644311965696
1523148645138595841
1523148645700632576
1523148645897588736
1523148657448689664
1523148657511518210
1523148659449159681
1523148663262187520
1523148662502686720
1523148668773093376
1523148671931404288
1523148673190088705
1523148674188029952
1523148674813300738
1523148680101957633
1523148681847140352
1523148681565900800
1523148684010999810
1523148687584776193
1523148687915945984
1523148688256016384
1523148689434243074
1523148699374923776
1523148701924999170
1523148708027715584
1523148709441196036
1523148712448516096
1523148721315356674
1523148729616076800
1523148736129429505
1523148736876224512
1523148746954993664
1523148748959870981
1523148751577268228
1523148754479882242
1523148758078435328
1523148761551171584
1523148766244605952
1523148767817453568
1523148771198390274
1523148772796100608
1523148774851416064
1523148784729047041
1523148787967197185
1523148789057433602
1523148793289801728
1523148797588684800
1523148801925840897
1523148805520076800
1523148806254170114
1523148811891200000
1523148812814254080
1523148813380190208
1523148816689491968
1523148816643674112
1523148820808273920
1523148828219691008
1523148829918642176
1523148838227169280
1523148839221403648
1523148857982406658
1523148864865411072
1523148867029532678
1523148878954082305
1523148880874901504
1523148885195386880
1523148893466230784
1523148895173287936
1523148896574210048
1523148897081647104
1523148906179272706
1523148909866106881
1523148910344433666
1523148918447800321
1523148923396706304
1523148924269301760
1523148924378353669
1523148927289245696
1523148932318392320
1523148934667018240
1523148936386547713
1523148945077473281
1523148945743962112
1523148951440195584
1523148957227966464
1523148958461272064
1523148958691823617
1523148967676055557
1523148970104700928
1523148974261415936
1523148994347560960
1523148997203922945
1523148997900218368
1523148998189944832
1523148998420602880
1523148999389507584
1523149000840552448
1523149002958585856
1523149002992078848
1523149011271950342
1523149015537176576
1523149018913681409
1523149018859114496
1523149023586230272
1523149031635103750
1523149032281239552
1523149034524844033
1523149036320002048
1523149052036141058
1523149064032124931
1523149066854871040
1523149068981006336
1523149068624531456
1523149077398966273
1523149078535802880
1523149082528690176
1523149087096324098
1523149094063345665
1523149094562463744
1523149099113005058
1523149102179004416
1523149104351944704
1523149110471106565
1523149113486807041
1523149115542155265
1523149120042528768
1523149123641389057
1523149126824697856
1523149127634149376
1523149132583796737
1523149133171011584
1523149136945905664
1523149142868267008
1523149143069265920
1523149144474284033
1523149152032415746
1523149157027835904
1523149160299474944
1523149166406365184
1523149172937039872
1523149177911349249
1523149180515983360
1523149185914048513
1523149188325806080
1523149190288662529
1523149192549515266
1523149201085181952
1523149206810427392
1523149210484416519
1523149212300595200
1523149215991484417
1523149219913216001
1523149222547267584
1523149233909604353
1523149234752557056
1523149235826618369
1523149241312501760
1523149243703123969
1523149244856561664
1523149245183934464
1523149246584791041
1523149247033462785
1523149250066268160
1523149249587818496
1523149251064258560
1523149255015550976
1523149261927550976
1523149268466368513
1523149271813718016
1523149279598362624
1523149281141477376
1523149284400578561
1523149288901312512
1523149298917339136
1523149306618068992
1523149309793148933
1523149313123270656
1523149315459362816
1523149318047207424
1523149321805307904
1523149323256492032
1523149331062161408
1523149333079945217
1523149335378100224
1523149337442000896
1523149341514661889
1523149345117601793
1523149360757837825
1523149361462403072
1523149364054556673
1523149364709163009
1523149374867447809
1523149383545544704
1523149389258440705
1523149389727940608
1523149391514640386
1523149393603530754
1523149398481403904
1523149402596020224
1523149402294337536
1523149407314718720
1523149407847395328
1523149411798372352
1523149413559853056
1523149416181477378
1523149420207902721
1523149420761550849
1523149422485393409
1523149422376681472
1523149422833582081
1523149423072919552
1523149431050502144
1523149431117590528
1523149433516568576
1523149439652798466
1523149449094377472
1523149453955256320
1523149454185943041
1523149454807019520
1523149459995398144
1523149460351733760
1523149462360576000
1523149472083382272
1523149473395798018
1523149474193080322
1523149480463581185
1523149483370217472
1523149483873349632
1523149484104220672
1523149488835026944
1523149489166422016
1523149499228508165
1523149500910559239
1523149501854277633
1523149503242641408
1523149506216603648
1523149508565417984
1523149519679987714
1523149522549219329
1523149524331507712
1523149527670484992
1523149529721470976
1523149534557532160
1523149536386035718
1523149537266733056
1523149537325375488
1523149544225402880
1523149549765726209
1523149550672056320
1523149552546906113
1523149557995274240
1523149559870156800
1523149561916801025
1523149566031417345
1523149566945955840
1523149568795287553
1523149571441840128
1523149571882315778
1523149575132954625
1523149582699745281
1523149584817549314
1523149587929653248
1523149593814659072
1523149594406027264
1523149610981543938
1523149612869386240
1523149619794186240
1523149621094137858
1523149625087119362
1523149637284429824
1523149640912498688
1523149644125323265
1523149645907898368
1523149648445284353
1523149650475192320
1523149650936889344
1523149651444367360
1523149654640443392
1523149661854482434
1523149662827417600
1523149669161136129
1523149673598701568
1523149674273808385
1523149675263635462
1523149676546904065
1523149684805566464
1523149686399397890
1523149686403903491
1523149688769187840
1523149691155845123
1523149693122928640
1523149697229402112
1523149697753382912
1523149699124932609
1523149700198711296
1523149709736656896
1523149716061450240
1523149716891918337
1523149722231447552
1523149724206907393
1523149732725800960
1523149738723319808
1523149738765217792
1523149738882777088
1523149742250811396
1523149747674099712
1523149752375791616
1523149754611290112
1523149758256369664
1523149759199911937
1523149765042753538
1523149768566120450
1523149772638412801
1523149778615697408
1523149778624073728
1523149785922150400
1523149795975901185
1523149797771079686
1523149802892316672
1523149806805389314
1523149809217007616
1523149823691612166
1523149824140492800
1523149825054699520
1523149825113436160
1523149829597106178
1523149830914150400
1523149832075943936
1523149833925763072
1523149840057651200
1523149843408977921
1523149844147318789
1523149846496296961
1523149848526340096
1523149853638991873
1523149855014723585
1523149856549703680
1523149857623785472
1523149857908838400
1523149867581063169
1523149869686288386
1523149873008238593
1523149879031255042
1523149880482762754
1523149885024972801
1523149885712658434
1523149887608524800
1523149892625252353
1523149893552177154
1523149904134250496
1523149904322777089
1523149909741953024
1523149909884551168
1523149925852192768
1523149927613927427
1523149934413107201
1523149934572171264
1523149934824140800
1523149945679007744
1523149946051907584
1523149960757538816
1523149966574718981
1523149971591159808
1523149972358803461
1523149975231864832
1523149980956983296
1523149983339454465
1523149983872352256
1523149986766233600
1523150001194606592
1523150001488433152
1523150002394398721
1523150011860611072
1523150012431015936
1523150015736483840
1523150025689542656
1523150035680043009
1523150039345815553
1523150048993116160
1523150054701375489
1523150057012449281
1523150057847111680
1523150059663200264
1523150062527856641
1523150066839875584
1523150068747890688
1523150070819934208
1523150077937606657
1523150079820972033
1523150079829282816
1523150080160808960
1523150089442762753
1523150091229757440
1523150098988818432
1523150106563731457
1523150109974089729
1523150120308862976
1523150120879112192
1523150126583193600
1523150130194821120
1523150132442710016
1523150133143220225
1523150136783695876
1523150142546735104
1523150142676738048
1523150144908120064
1523150146539638784
1523150151916785665
1523150153095389184
1523150161181962240
1523150166554935296
1523150171160281088
1523150178877849606
1523150192245022720
1523150192324796416
1523150194560299008
1523150195009421312
1523150206618984448
1523150215879946240
1523150217729941505
1523150218061295616
1523150223257841664
1523150224314691586
1523150227145846784
1523150230132334592
1523150230396358660
1523150230791012352
1523150235853197312
1523150237275070469
1523150238072328192
1523150238986686465
1523150243264561152
1523150245362044929
1523150248151232513
1523150248566210561
1523150262306705409
1523150271408480256
1523150272972873728
1523150278404444162
1523150286591860736
1523150294406012928
1523150308226252800
1523150310297927681
1523150318561034240
1523150318837526528
1523150320070631424
1523150322960527360
1523150323296002049
1523150328144621568
1523150329755406337
1523150332993232899
1523150341495263233
1523150348084338688
1523150349468504064
1523150351326597120
1523150354874978304
1523150354862411777
1523150360680046592
1523150363096150018
1523150365059092482
1523150365637545984
1523150367579865088
1523150369571831808
1523150369567744000
1523150372554129408
1523150389386027008
1523150392388984833
1523150394209177600
1523150396575076352
1523150397573320704
1523150398663852032
1523150399414292480
1523150401914122240
1523150403369676801
1523150404674273281
1523150405487972352
1523150409652912128
1523150422566850560
1523150426450759680
1523150427126386688
1523150433799348225
1523150437125398528
1523150439633797120
1523150442951106560
1523150445786525696
1523150446525038593
1523150453961224192
1523150458289725440
1523150459870998530
1523150460022001665
1523150460143783936
1523150466733187072
1523150469815848960
1523150476136517636
1523150476618858496
1523150482696736768
1523150486970695680
1523150487830208512
1523150488761290754
1523150489759764480
1523150490128822272
1523150490909179904
1523150492028735488
1523150498160861186
1523150498484088834
1523150499511365633
1523150505253298177
1523150505568268289
1523150508596219904
1523150509791539201
1523150510378864640
1523150511502938113
1523150536911949825
1523150537457225728
1523150541035126785
1523150542331125761
1523150545296314368
1523150553928421376
1523150556788789248
1523150561268228098
1523150563927416832
1523150565634584576
1523150568927100929
1523150569904705537
1523150571615625218
1523150575948517376
1523150578033086466
1523150576674287619
1523150579413155840
1523150582839611392
1523150586559885313
1523150586606022656
1523150587688517632
1523150603311935488
1523150603769114625
1523150610459201536
1523150613810671619
1523150615370932225
1523150618273189888
1523150620282085376
1523150622555795456
1523150624573071360
1523150628385701888
1523150630927597568
1523150632768598016
1523150640914243586
1523150651508752385
1523150652112662528
1523150658253180928
1523150664637231106
1523150665144406016
1523150673503682561
1523150675273650176
