1524554931843256320
1524554938692550657
1524554945218981888
1524554945491615751
1524554951489372160
1524554956094681088
1524554956539416582
1524554957571203074
1524554959420678145
1524554964059648002
1524554971571580929
1524554973266198532
1524554973572476929
1524554974973153281
1524554977108238336
1524554982741139457
1524554988898369536
1524554997580587008
1524555000206163970
1524555000986406912
1524555001275764738
1524555006065758208
1524555007332388864
1524555011983921154
1524555012902432770
1524555014005567488
1524555019122450433
1524555022557663232
1524555024587759623
1524555031034404864
1524555031080488960
1524555035664949251
1524555036004655104
1524555039515176960
1524555045597073408
1524555047446712324
1524555048717631488
1524555053146771456
1524555059815669766
1524555064265920512
1524555066111414272
1524555066388226048
1524555070595076097
1524555075808632834
1524555081143959552
1524555086357274624
1524555095610130433
1524555096750702593
1524555099510648833
1524555101502906371
1524555109660827648
1524555111607029763
1524555118452121600
1524555122029834243
1524555131475402752
1524555132087713792
1524555132641308672
1524555135166427138
1524555139205455873
1524555140312801280
1524555145962565634
1524555148034519040
1524555150819577858
1524555153747107843
1524555158797099010
1524555159765864448
1524555161321951234
1524555164128006144
1524555165667311618
1524555166774480898
1524555167718326272
1524555168582447106
1524555170302025728
1524555172915171328
1524555174752440320
1524555186060017665
1524555189952335872
1524555202837327874
1524555204661628928
1524555209569046528
1524555212396003330
1524555215030128640
1524555218184286208
1524555221833334785
1524555222802182146
1524555235456389120
1524555251075928069
1524555256369225728
1524555258000781314
1524555259376541702
1524555261440057344
1524555261918298112
1524555264321540099
1524555267471511552
1524555278364065793
1524555290997411840
1524555302384939008
1524555306063310849
1524555307778822145
1524555308869296129
1524555314992984066
1524555316213555201
1524555317585059841
1524555319124402176
1524555322567897090
1524555324182740994
1524555331430281216
1524555336002154496
1524555336778199040
1524555343350706177
1524555344181145600
1524555350388535297
1524555356957024262
1524555360874512386
1524555368059256833
1524555377043406848
1524555381535563777
1524555384001806336
1524555389571936258
1524555391228518401
1524555392885293056
1524555397478158338
1524555402632826882
1524555402091843585
1524555407305367552
1524555407687049219
1524555415660507137
1524555418160218112
1524555423948320769
1524555427752689664
1524555429249966082
1524555429606576128
1524555432852922369
1524555434736111616
1524555436879458305
1524555437915480064
1524555437974392832
1524555446471823361
1524555451630641152
1524555455900655617
1524555458844971009
1524555459650334720
1524555461411971078
1524555461755908098
1524555464532451328
1524555467514687489
1524555469896966145
1524555470358433792
1524555473046937600
1524555473122476033
1524555486976163841
1524555497915002881
1524555505955389441
1524555507607953408
1524555513710759936
1524555515384287233
1524555516889997312
1524555516994748417
1524555516990693382
1524555517753970688
1524555520467689473
1524555521608531968
1524555523059851265
1524555526327185408
1524555529523286016
1524555537815322630
1524555542781431808
1524555545180573697
1524555544480075777
1524555550725328897
1524555555955691522
1524555559030112256
1524555568589029376
1524555569021042694
1524555571000655872
1524555571889942528
1524555576918818817
1524555577459978246
1524555578575630337
1524555582556065793
1524555582560256002
1524555583793336321
1524555584137306113
1524555588788572160
1524555593368817667
1524555598041591808
1524555603036753921
1524555606853570563
1524555611379281922
1524555619096829952
1524555620719988738
1524555624150880258
1524555626608828417
1524555628122980353
1524555627942531073
1524555630316593153
1524555633026121730
1524555636192673792
1524555636813574144
1524555637295833088
1524555638369665025
1524555645751644161
1524555651577487361
1524555653422981120
1524555656425996288
1524555659328565249
1524555666207162370
1524555667159363584
1524555670573371393
1524555671278133250
1524555671684976640
1524555683374546944
1524555685782081541
1524555686637670400
1524555689724682241
1524555691662483457
1524555704564166657
1524555707839877121
1524555711585431552
1524555714122993664
1524555721827921921
1524555724172537857
1524555727456641024
1524555748335923200
1524555750785306624
1524555754950201344
1524555756720300033
1524555762072268804
1524555762252591106
1524555764865581056
1524555765020778496
1524555765364649984
1524555766304227330
1524555766585307141
1524555767117869056
1524555770809004032
1524555771379617792
1524555774793601026
1524555775670198272
1524555776110600194
1524555781701574657
1524555782888562689
1524555784847302656
1524555785732304896
1524555785983901697
1524555786583777280
1524555788265705472
1524555801200713729
1524555802199003136
1524555804271128576
1524555804434649090
1524555806003314688
1524555807572041730
1524555810042490880
1524555810558427136
1524555812776996864
1524555815432118273
1524555817088962566
1524555821430026242
1524555829676056577
1524555834839248896
1524555837599281152
1524555838932746240
1524555847862525952
1524555848818864132
1524555852019085312
1524555859480641537
1524555861754056705
1524555865289805833
1524555872298577920
1524555872894173184
1524555880141795328
1524555880393363456
1524555889197391879
1524555895585361927
1524555897418170369
1524555900131942401
1524555905311952897
1524555906687586305
1524555906662477824
1524555911406231552
1524555914195644418
1524555915285860352
1524555922877603840
1524555924677005315
1524555925427658752
1524555936127504385
1524555936295272450
1524555940028157952
1524555945182912513
1524555945111527424
1524555956713099265
1524555957451345920
1524555959561031680
1524555962702606336
1524555963017142272
1524555963591794691
1524555968104837120
1524555969535086592
1524555981757325313
1524555982512209920
1524555985876287489
1524555986790408193
1524555988518547456
1524555988598153218
1524555988770205697
1524555989462224899
1524555989961232384
1524555993501343744
1524555994789036033
1524555994956591104
1524555997695643648
1524555998593228800
1524555999679594496
1524556002011619328
1524556002477035520
1524556005828218880
1524556006595907586
1524556007145410560
1524556007422238722
1524556007384432640
1524556010194706433
1524556012740616192
1524556017006174208
1524556017375326210
1524556028276269057
1524556033334591490
1524556038485196805
1524556039844241410
1524556048480325633
1524556052854890496
1524556053597196289
1524556053932826627
1524556057963548673
1524556058269782016
1524556060626866176
1524556063961452545
1524556064225742849
1524556065609814018
1524556082647121923
1524556082831663104
1524556087562809348
1524556091480227840
1524556095141732354
1524556099172634624
1524556099667611648
1524556101500477440
1524556102754574338
1524556103052193792
1524556103266488320
1524556107452014592
1524556109650010112
1524556112124600320
1524556118219010048
1524556137672196097
1524556138678730752
1524556142977769474
1524556143359631363
1524556143900729345
1524556144009691136
1524556144043347970
1524556145096069122
1524556147662983174
1524556147755294723
1524556150393475072
1524556152570318848
1524556160447270912
1524556161176985600
1524556164616310784
1524556165643915267
1524556168881840130
1524556171750907905
1524556174502281217
1524556175265652736
1524556179535499265
1524556181003513858
1524556184694321152
1524556193578033153
1524556193993211905
1524556200087412737
1524556201291304960
1524556201593298944
1524556202285277184
1524556203409424385
1524556207771590656
1524556208887279616
1524556210535608323
1524556210720051200
1524556219192684547
1524556223110160386
1524556227111313408
1524556227388321792
1524556231960113153
1524556232953978880
1524556235458109440
1524556236120895491
1524556236498243584
1524556240239702019
1524556243897040896
1524556244152848384
1524556244635340800
1524556248833699840
1524556253497864192
1524556255125250049
1524556259281838081
1524556264977575937
1524556266802008064
1524556267922014209
1524556273282428928
1524556281989713920
1524556285437485056
1524556292622278656
1524556293842870272
1524556296589963265
1524556302659293184
1524556302927597568
1524556305456934914
1524556306044100608
1524556310817034240
1524556314931695617
1524556320631832578
1524556322548723713
1524556322993319938
1524556329787936768
1524556329863503872
1524556332833067008
1524556334645104640
1524556336800874496
1524556341439832065
1524556341444063233
1524556356895846402
1524556357344583682
1524556364512702464
1524556372292952064
1524556372448317442
1524556375942180864
1524556375954759682
1524556377250746368
1524556378286739457
1524556379096330240
1524556384230117382
1524556390739681280
1524556397270155264
1524556397987663872
1524556407223336960
1524556409823760384
1524556409936904192
1524556414760464384
1524556424407355392
1524556425036451840
1524556431432769543
1524556432774938626
1524556451443736577
1524556452140044292
1524556451955744769
1524556455298273281
1524556455503929345
1524556462105804800
1524556462508421121
1524556462906875904
1524556463280062466
1524556463649304578
1524556464433471488
1524556469588344835
1524556474000760834
1524556477855596545
1524556478937538560
1524556479784755202
1524556482636877824
1524556483375112193
1524556490543042560
1524556490601807872
1524556492187344900
1524556493785378816
1524556495538458630
1524556499669983233
1524556504765972483
1524556511283867648
1524556514547183617
1524556514610106372
1524556518074560512
1524556520293232640
1524556526853230592
1524556531630493696
1524556541109538816
1524556542565048322
1524556551293386752
1524556552740302848
1524556553227022346
1524556555009544192
1524556561498132480
1524556562588737542
1524556563339489285
1524556563691806720
1524556564794908672
1524556564987883520
1524556567454142467
1524556570729885704
1524556573175074816
1524556578967465984
1524556579974139905
1524556580884291584
1524556580905234434
1524556581203025920
1524556581899325441
1524556587729313793
1524556593043496963
1524556594284875777
1524556595539197953
1524556597602623489
1524556598852599812
1524556599100125185
1524556599515299843
1524556605513211904
1524556609204203521
1524556609661411334
1524556610974195712
1524556611334901760
1524556612144402434
1524556613671174150
1524556614380011521
1524556618192596994
1524556619014619138
1524556629194297346
1524556629655621632
1524556630372851713
1524556631597588482
1524556632067354624
1524556632381927424
1524556633174466562
1524556633317289989
1524556640023982082
1524556643786240000
1524556645031948292
1524556645002588160
1524556650899820544
1524556651105112064
1524556655983177728
1524556656331444224
1524556667412692994
1524556667899179008
1524556670889771008
1524556672030724096
1524556673809010689
1524556675495067648
1524556682935685120
1524556686933073920
1524556691181776902
1524556691337097218
1524556693375488003
1524556693845295104
1524556694671536129
1524556695267332096
1524556698198761475
1524556700677808132
1524556710580416512
1524556711582834688
1524556714309308417
1524556716372766720
1524556719216640001
1524556719644459009
1524556721691242499
1524556722647420928
1524556727626076160
1524556734752198656
1524556735595356160
1524556736404807682
1524556739995181056
1524556745368121345
1524556745938378752
1524556748346073088
1524556749906321408
1524556752510980099
1524556755350573056
1524556762463973377
1524556770135482368
1524556777420955649
1524556783276199938
1524556796773519361
1524556798195236864
1524556798635745280
1524556799000518656
1524556802293219328
1524556802599178240
1524556803933016065
1524556812871163912
1524556816000114690
1524556817048772608
1524556820974641154
1524556821343748097
1524556825537961985
1524556833809178624
1524556834065035267
1524556834555760640
1524556834551566336
1524556835503628295
1524556837957390337
1524556839597314049
1524556843627991041
1524556844131266560
1524556845003771904
1524556846945685504
1524556851576250374
1524556852775772160
1524556855774789635
1524556861780942848
1524556862200418308
1524556864058494977
1524556874925891584
1524556877522112512
1524556883251666944
1524556885650821120
1524556899915550721
1524556903786983427
1524556905032601600
1524556905393262592
1524556907645706240
1524556907696078848
1524556910749495297
1524556913358389248
1524556915975475201
1524556916097265664
1524556921344303104
1524556923324018688
1524556925534363649
1524556932639510528
1524556935156142082
1524556938414944256
1524556939836936197
1524556941149753345
1524556944182177793
1524556944274567168
1524556946937827329
1524556957125947393
1524556957637509120
1524556959797628928
1524556964700823555
1524556964759486464
1524556965757788167
1524556971776647170
1524556973995442179
1524556980374880256
1524556983105376260
1524556983524900866
1524556989132685313
1524556989438869505
1524556989249974274
1524556990428553216
1524556991464710144
1524556995323633665
1524556995407368193
1524556995499593728
1524556996304908288
1524556999320645633
1524556999979057154
1524557000927072257
1524557005393993728
1524557013434388484
1524557016915529730
1524557019562352640
1524557021902635008
1524557024415174657
1524557025077874688
1524557028668198912
1524557029863477253
1524557031474180102
1524557032308813825
1524557042068992000
1524557042664550403
1524557042719019011
1524557045478924288
1524557045500084225
1524557046527496192
1524557055591387136
1524557057197813762
1524557057537581059
1524557059248721921
1524557061186633730
1524557062306516992
1524557062663024641
1524557070481051653
1524557070820909056
1524557071986929664
1524557073069101056
1524557076906889217
1524557078605582337
1524557082455851008
1524557086516031488
1524557086948052992
1524557087107588096
1524557088168419328
1524557092564176899
1524557093008728065
1524557096242589696
1524557097702236160
1524557100558569472
1524557117453086721
1524557126219272195
1524557126408019969
1524557130321301504
1524557137879486464
1524557138709917696
1524557141083832322
1524557143336263680
1524557148776247298
1524557149677969409
1524557153457029121
1524557154283184128
1524557157756284928
1524557159396163585
1524557159886950400
1524557160293670914
1524557164286816256
1524557167168262146
1524557190144614400
1524557193420460038
1524557193818869761
1524557197300097024
1524557197367300096
1524557202199130112
1524557203679678464
1524557204413718530
1524557207446114305
1524557210663018496
1524557219647348737
1524557220826034178
1524557227398418437
1524557235917045760
1524557236500111361
1524557243642953728
1524557248290115584
1524557259409403904
1524557280905105409
1524557282020937729
1524557287414714368
1524557289713283078
1524557289608388609
1524557290145202176
1524557290934013952
1524557293379018752
1524557295576698881
1524557298882031617
1524557303390875648
1524557304040931328
1524557307257970689
1524557311662084098
1524557315109654529
1524557323145924608
1524557328607031298
1524557329554845696
1524557331807285250
1524557334407692290
1524557336513290241
1524557340048986112
1524557343312293888
1524557344436371456
1524557345736515584
1524557348769042432
1524557349549187082
1524557357694390272
1524557358667649024
1524557359095422977
1524557360148230144
1524557362073419778
1524557366615842818
1524557369283391489
1524557373716664321
1524557374689796096
1524557380490571776
1524557383791489025
1524557387767681026
1524557392318545920
1524557393685741568
1524557395443261440
1524557395845914624
1524557397674573827
1524557399373328384
1524557399465631744
1524557403202670592
1524557405249581057
1524557405572399104
1524557409066229760
1524557417731837954
1524557423272419328
1524557424316895234
1524557429400297474
1524557435641466880
1524557438552199170
1524557442226343939
1524557445355425794
1524557445858795521
1524557447347593217
1524557448392187906
1524557449092608000
1524557450430492672
1524557454322941953
1524557456906629120
1524557461742518273
1524557464422785024
1524557466054311937
1524557467094560769
1524557469044944896
1524557469590200320
1524557472106573824
1524557472458936321
1524557473885175809
1524557473952288769
1524557475332112385
1524557478473748481
1524557481774661632
1524557481946456065
1524557489949261824
1524557494168612864
1524557495762624512
1524557496228233217
1524557503287205889
1524557505099042816
1524557508433522688
1524557510396547072
1524557519762464768
1524557521159004160
1524557522484441088
1524557523684106242
1524557527391821824
1524557530118037504
1524557537730834432
1524557538515107840
1524557540729802753
1524557542650613760
1524557544211030016
1524557545393819649
1524557546396131329
1524557547935604739
1524557554717642752
1524557555799838721
1524557556252880897
1524557557548920832
1524557562271744006
1524557565253894146
1524557570085732354
1524557570672844800
1524557578046369792
1524557599684935681
1524557604030189568
1524557603883274240
1524557604206219264
1524557605766524928
1524557608698494978
1524557608828424194
1524557612183924736
1524557612888596487
1524557630186098688
1524557631679045632
1524557632622800896
1524557635160322049
1524557635244072960
1524557638888935425
1524557643829985280
1524557644488392704
1524557649056079873
1524557651123871744
1524557651824320512
1524557653909057536
1524557654475030529
1524557654236012544
1524557656161013761
1524557662784192512
1524557663589314561
1524557666529386498
1524557667758342144
1524557669993906178
1524557670170173445
1524557674062303232
1524557682975580160
1524557686691540994
1524557687383601153
1524557688558002178
1524557691368132608
1524557693867991041
1524557700570386432
1524557704114626560
1524557705037373442
1524557709646909440
1524557713488941057
1524557725799047168
1524557725979578368
1524557735702011905
1524557735936684032
1524557737207771136
1524557743423639553
1524557743331414016
1524557744245780481
1524557746342924289
1524557749715357696
1524557750096777219
1524557759886282754
1524557771039027201
1524557776852185090
1524557782791299072
1524557783328333829
1524557784565616641
1524557786050400256
1524557791788257280
1524557796917796864
1524557813892227072
1524557814991106054
1524557818023624705
1524557822813478917
1524557823241121794
1524557828354097153
1524557835169894401
1524557836851847168
1524557838781009921
1524557839129366528
1524557840127516672
1524557844632285190
1524557845521440769
1524557856107732997
1524557860578942976
1524557864676773894
1524557868548120577
1524557869479305216
1524557870943068161
1524557871610011654
1524557879721746432
1524557885581238272
1524557888873766915
1524557890648145920
1524557892694728706
1524557898793246720
1524557899200368640
1524557903897759746
1524557905474867206
1524557908893130752
1524557909291683841
1524557910696726529
1524557914077237248
1524557919014035456
1524557921228627968
1524557938827964416
1524557944859340800
1524557950060310533
1524557954959126528
1524557957052215298
1524557964765327360
1524557969303744512
1524557969484042240
1524557970872274944
1524557972822761478
1524557973523156992
1524557973770674176
1524557975087505408
1524557975347777536
1524557975729631232
1524557980829728770
1524557984369504256
1524557987192442887
1524557988438196225
1524557989407076352
1524557989792796674
1524557991755849728
1524557998353313793
1524558000039604230
1524558002266816515
1524558003919376385
1524558008340074498
1524558008579100673
1524558010693165056
1524558011947233280
1524558013494923264
1524558013893337089
1524558014849720320
1524558016661569537
1524558017466802176
1524558018318413824
1524558020356845569
1524558023158550529
1524558025792532480
1524558026077835265
1524558030003658756
1524558036286722057
1524558036714594304
1524558036634906630
1524558038052442112
1524558038593589249
1524558038996295681
1524558037993750534
1524558041080905730
1524558043685474304
1524558044776042498
1524558047577845761
1524558051998531584
1524558054162841601
1524558058818572289
1524558060991131648
1524558062480429056
1524558065336520704
1524558068301934592
1524558068482252802
1524558070306725889
1524558071678316544
1524558072034865155
1524558078204514304
1524558079462981633
1524558082872852480
1524558087964614657
1524558089168375813
1524558095753650177
1524558105471766530
1524558118809595904
1524558119212392450
1524558123498975233
1524558132298530824
1524558141656113152
1524558144474550272
1524558150287904769
1524558151994986496
1524558152401920000
1524558153790197760
1524558154846982144
1524558162245869573
1524558166217924611
1524558166641500164
1524558171003494400
1524558171465039873
1524558177278300160
1524558177685102594
1524558178394030081
1524558178729570307
1524558185415204864
1524558185457143808
1524558188455948289
1524558189995298818
1524558193191526400
1524558201462706176
1524558207217250305
1524558207821041665
1524558210279084035
1524558212128780288
1524558212451774465
1524558213005279232
1524558213160521729
1524558215383588867
1524558216033615872
1524558220001480705
1524558219904966658
1524558223621058560
1524558224938045440
1524558227488317445
1524558230113992705
1524558232408276992
1524558240683601925
1524558242327588866
1524558244206854153
1524558244848492546
1524558249961394176
1524558255590191105
1524558258215821314
1524558259281010688
1524558259444924416
1524558260220547073
1524558265811869696
1524558268684816384
1524558269179650051
1524558273508089856
1524558274397229056
1524558275974340611
1524558281485828096
1524558287525629954
1524558291795423235
1524558293628248069
1524558298724257793
1524558306500661248
1524558309088722944
1524558310145282048
1524558313610006530
1524558316076212224
1524558321121959938
1524558321243820032
1524558327564451840
1524558334191235072
1524558337597136896
1524558341061632000
1524558341942349824
1524558344752492545
1524558345864192001
1524558347634188290
1524558357775872000
1524558361718579200
1524558364147011584
1524558364235075587
1524558368085475329
1524558368546906114
1524558380051800064
1524558380190347264
1524558382748692481
1524558384065785857
1524558386943213568
1524558389677895686
1524558391619645441
1524558396472676353
1524558396627820546
1524558397361868801
1524558399500861445
1524558401329639426
1524558403430928384
1524558404991262720
1524558405649801216
1524558406744670208
1524558407340077061
1524558408455704576
1524558412348022784
1524558419302174722
1524558424171630592
1524558427850256384
1524558429649481728
1524558433789353984
1524558435764740097
1524558443553509379
1524558444006674432
1524558449069207552
1524558449299935235
1524558451065589761
1524558454982987777
1524558456975470592
1524558457134891008
1524558460607729664
1524558460947337216
1524558467050127363
1524558472552976384
1524558474801201152
1524558483915427840
1524558484632588291
1524558494002606080
1524558498272534528
1524558499723853824
1524558503238504448
1524558508187783168
1524558508502523905
1524558508900954116
1524558509307838465
1524558514433236992
1524558515309662208
1524558516001722369
1524558517574811649
1524558518157778944
1524558519692836864
1524558519852175360
1524558520586186752
1524558521437728769
1524558523203526656
1524558525422354432
1524558525493620736
1524558528404467714
1524558530212241408
1524558534901481473
1524558535463518208
1524558546649722887
1524558550403538944
1524558550957142016
1524558560176312324
1524558560667049985
1524558564265803776
1524558576458641409
1524558577259720706
1524558580799750147
1524558584306188288
1524558585212112897
1524558587665731587
1524558589578280960
1524558591675584515
1524558593160187904
1524558593558777858
1524558594246553600
1524558595165200386
1524558598512205824
1524558600017907712
1524558599971753984
1524558600340975620
1524558607869747201
1524558613443801088
1524558617193549825
1524558619903029248
1524558629822767104
1524558637208944647
1524558639113064448
1524558641927385092
1524558646557954048
1524558649477238784
1524558652530700288
1524558663741886464
1524558667235926016
1524558669555240960
1524558670868062208
1524558672898277377
1524558673359552512
1524558677092487169
1524558677792993280
1524558679940366338
1524558681232199680
1524558684503916545
1524558686026412033
1524558692968017920
1524558694440046593
1524558695958384640
1524558696361218053
1524558697212620802
1524558700521787392
1524558701113360386
1524558707107016706
1524558709921247232
1524558711909404675
1524558712546856960
1524558716346851329
1524558721480896514
1524558723636764672
1524558727289966593
1524558732046254080
1524558732901953536
1524558735611502592
1524558735800209408
1524558739076009984
1524558744046096384
1524558745556209666
1524558745295937536
1524558759934144512
1524558760928284673
1524558761511112704
1524558761997832192
1524558770713546752
1524558774224138240
1524558774391902211
1524558775117623297
1524558775247675392
1524558781040017408
1524558789042749440
1524558790544134144
1524558797502660611
1524558798664482816
1524558800669351938
1524558801646624769
1524558803554889728
1524558807363469312
1524558810031009793
1524558816125370369
1524558820483207169
1524558821540044800
1524558824497102848
1524558829249310720
1524558831040270337
1524558831719571456
1524558833124876288
1524558835469496320
1524558835532242944
1524558839487549443
1524558851982475264
1524558852045389824
1524558853295255557
1524558853718769666
1524558861444689921
1524558865580187651
1524558868034031616
1524558869095141377
1524558872333066240
1524558872874213376
1524558877890596865
1524558882172850177
1524558883079041025
1524558887634014210
1524558895129108483
1524558895464677377
1524558897960345602
1524558898866409474
1524558901106159616
1524558902045597697
1524558905841434624
1524558913319759872
1524558917975609344
1524558921020719105
1524558921385615363
1524558923260383232
1524558923826700289
1524558925282127874
1524558926372642817
1524558927353958401
1524558927987462146
1524558930785058818
1524558933511360513
1524558933775597568
1524558937462349830
1524558938326413313
1524558938770919424
1524558939135913985
1524558941740359680
1524558943904690176
1524558947767623680
1524558951140163584
1524558956055642112
1524558958022770689
1524558958555369472
1524558962229534720
1524558964486250502
1524558965463740417
1524558970727190528
1524558973172699137
1524558973852131328
1524558977387745281
1524558984094662662
1524558984400850944
1524558987831742464
1524558989123629056
1524558992743157766
1524558995473801222
1524558997440720896
1524559002209824769
1524559006278238209
1524559007196753920
1524559010023854080
1524559011466592256
1524559012297158657
1524559017250639874
1524559017544241154
1524559018018156545
1524559018542321664
1524559018706018308
1524559022082469889
1524559022623535106
1524559022396911617
1524559037937102849
1524559042634563584
1524559043838181377
1524559048766545921
1524559053174845449
1524559054542057472
1524559061592977409
1524559062184173569
1524559064398581760
1524559071025799169
1524559071851859968
1524559084741005313
1524559084741005312
1524559085940654080
1524559089061220352
1524559107201527808
1524559110682861568
1524559116026269697
1524559116420661248
1524559117880332289
1524559124612235265
1524559125429972993
1524559125815959552
1524559133655113728
1524559138927296517
1524559139132915712
1524559140483477505
1524559143301906432
1524559144883306497
1524559146078523392
1524559148364726272
1524559149685612544
1524559153460559872
1524559158124724224
1524559159404146688
1524559159936446465
1524559161211731970
1524559161450766338
1524559162159419392
1524559163560390656
1524559170233679872
1524559175346446336
1524559179494694914
1524559181419851777
1524559181964988416
1524559186721484800
1524559192878718976
1524559196083175425
1524559197572116480
1524559200596238336
1524559203938934784
1524559213552230401
1524559214164721665
1524559226470903810
1524559228580552704
1524559229440376840
1524559239733297152
1524559244451713026
1524559245043113985
1524559245793906688
1524559250642636801
1524559251586359304
1524559254052433924
1524559254702759936
1524559254836813825
1524559256162238468
1524559258221793280
1524559258712481792
1524559263649124352
1524559266043994112
1524559269609230339
1524559272977350657
1524559273098764289
1524559277603659778
1524559285237293057
1524559285338144768
1524559287703511040
1524559287950974977
1524559288823341057
1524559289595146240
1524559300412297223
1524559300701564929
1524559302349963264
1524559304178642944
1524559305479016449
1524559305739018241
1524559306586456064
1524559307441938432
1524559312877674496
1524559316082118657
1524559318187708417
1524559321157226497
1524559326571995138
1524559330275733504
1524559331546521601
1524559334323204106
1524559335896014849
1524559336919425027
1524559340253892612
1524559340924985344
1524559344724893696
1524559350559354881
1524559351016398848
1524559350282530816
1524559351758872577
1524559359581167616
1524559360529035265
1524559360579588097
1524559360650887168
1524559365352706051
1524559365742555136
1524559366413766659
1524559369026871299
1524559371371393024
1524559373028061184
1524559374915616768
1524559375456686081
1524559381110611968
1524559383681814533
1524559385707663360
1524559386177380354
1524559388664508417
1524559389830664193
1524559390828867585
1524559394058510338
1524559401159254016
1524559403474911232
1524559416770666497
1524559422374264834
1524559427420008450
1524559428048986112
1524559428896186369
1524559430041456640
1524559429995171840
1524559430553112576
1524559432671236096
1524559438069178368
1524559443442249730
1524559445174276096
1524559446055264258
1524559447116292096
1524559459208552448
1524559463927193602
1524559464518586369
1524559468314300416
1524559469421682688
1524559472416464896
1524559470801473536
1524559473980936195
1524559475624996865
1524559479144079360
1524559480528117760
1524559497183645696
1524559502175051776
1524559509854863362
1524559512795074561
1524559514011258880
1524559515491909633
1524559524451000320
1524559524778160129
1524559524933296130
1524559538711830528
1524559543954513921
1524559550312968192
1524559553265692672
1524559554834485248
1524559556851941376
1524559558860935168
1524559562820497408
1524559564057849856
1524559567358763008
1524559567601946625
1524559568554139650
1524559571347337217
1524559575374045189
1524559577848688640
1524559578968514565
1524559585511624706
1524559587009040385
1524559587952644096
1524559588401553408
1524559589290639360
1524559590402187265
1524559591400374273
1524559592025436161
1524559594357510146
1524559598614630400
1524559601500368898
1524559602335076353
1524559610186768386
1524559614334971908
1524559614481739779
1524559617958817795
1524559626674573312
1524559627786104836
1524559629547565056
1524559632659746816
1524559632533962752
1524559633834254337
1524559634190667776
1524559634542985218
1524559635545473025
1524559638410276865
1524559641291759618
1524559645402177537
1524559646949740544
1524559648162041856
1524559657770971136
1524559658882588672
1524559659557957632
1524559663995441168
1524559668911165441
1524559670958080000
1524559672249884673
1524559681833914374
1524559685105242112
1524559688318132224
1524559688926380033
1524559692244078592
1524559696153112577
1524559704961208321
1524559706798407681
1524559712330657792
1524559715283443712
1524559720274489344
1524559728382119936
1524559737152585730
1524559744949755904
1524559745830563841
1524559752260333568
1524559755347480581
1524559756945358848
1524559761982869508
1524559778726309888
1524559779305205760
1524559781867962371
1524559789929336832
1524559789950263296
1524559796757798912
1524559803028279301
1524559806291484673
1524559813094555648
1524559813283356674
1524559815258693632
1524559819763593216
1524559829506920449
1524559837023014913
1524559839455629312
1524559845243904001
1524559847773069313
1524559854555258884
1524559859370250241
1524559862255992833
1524559870573391873
1524559873224060929
1524559876592132096
1524559882459963393
1524559887392456705
1524559890110287872
1524559896112414722
1524559896167034880
1524559898960347136
1524559903842574336
1524559907458064384
1524559908447956993
1524559909316091905
1524559917633388545
1524559920955285505
1524559921588670469
1524559922809122817
1524559924268838913
1524559927800483840
1524559932493807616
1524559933106229249
1524559935492734980
1524559937501863936
1524559937787117570
1524559940144091136
1524559942753013760
1524559945039060992
1524559945190064129
1524559950428741633
1524559956414017542
1524559962663444480
1524559963716259840
1524559964756340737
1524559965305905154
1524559966320971777
1524559971777720320
1524559976081117185
1524559976206897152
1524559976395644928
1524559977591062529
1524559979616915457
1524559980501864448
1524559984046096384
1524559986151636993
1524559986772357120
1524559990039760896
1524559997010681859
1524560002899357696
1524560004245774337
1524560007601311744
1524560020884570112
1524560029822693376
1524560033081569280
1524560046880960512
1524560047077945344
1524560047300304896
1524560055110053889
1524560055827415042
1524560075410616320
1524560084185096192
1524560086408040451
1524560090895769600
1524560093026693124
1524560101008363522
1524560103449722880
1524560107346014208
1524560112773484545
1524560119148679169
1524560119194959872
1524560121065521152
1524560123410231296
1524560127889752067
1524560128606842880
1524560132398583809
1524560143018471424
1524560145690279936
1524560147258953728
1524560148995493889
1524560151189114883
1524560158092931072
1524560159246548993
1524560160517148673
1524560161381269505
1524560161813147650
1524560165265154048
1524560166104047616
1524560168033398784
1524560172118646784
1524560176983990273
1524560177185366016
1524560177126543361
1524560179781677056
1524560183623528448
1524560184936443906
1524560192016330752
1524560203177418754
1524560204058222592
1524560206742663169
1524560208965652480
1524560211813486595
1524560213835145216
1524560216678756352
1524560217647632384
1524560218167947264
1524560220407533568
1524560220323815424
1524560220478787584
1524560222613872642
1524560222613909504
1524560223683366914
1524560229555486721
1524560234777350145
1524560234878021633
1524560239953006592
1524560240385138694
1524560250065461248
1524560257321734145
1524560258320027651
1524560278955900928
1524560289596788736
1524560294474752000
1524560294974001152
1524560297880657920
1524560303031296000
1524560310400696321
1524560313877774336
1524560322434109442
1524560322991955969
1524560332324286465
1524560336489095169
1524560338322141184
1524560343111856128
1524560349332185089
1524560354650460161
1524560367975862272
1524560377513660421
1524560377995923456
1524560381091454978
1524560383201226753
1524560383494680576
1524560390746685441
1524560392361586688
1524560398862626816
1524560399244447744
1524560402713137152
1524560405791715329
1524560407591063552
1524560408098578432
1524560417049223169
1524560417397395458
1524560418257186817
1524560419637112832
1524560420131905536
1524560420295610368
1524560422266974212
1524560429061918721
1524560431922270209
1524560438725431297
1524560439753031680
1524560441946615813
1524560445054537728
1524560448456122368
1524560450167398400
1524560453141032961
1524560456110596097
1524560458115649536
1524560460258893826
1524560468773261312
1524560471755534336
1524560473223573504
1524560487760945152
1524560492827713540
1524560498720755712
1524560500125843458
1524560500633501696
1524560507272929282
1524560526788939776
1524560526654779394
1524560533931925506
1524560534338646018
1524560535454289922
1524560535978582016
1524560536343482368
1524560536515579904
1524560537924915202
1524560543230701570
1524560546426765313
1524560547097808898
1524560550528622592
1524560552629964801
1524560553724850176
1524560559597056000
1524560561232568321
1524560563191357442
1524560568937594880
1524560574293901312
1524560574578839553
1524560574704721921
1524560578257297409
1524560589443502092
1524560590349697024
1524560591779680256
1524560595764355072
1524560601761996800
1524560601942536193
1524560604597407745
1524560604928909313
1524560605239119872
1524560609072844801
1524560609945214978
1524560610465304578
1524560612440920064
1524560613573337089
1524560615674548224
1524560618442924033
1524560620686876674
1524560625980039168
1524560629721358337
1524560631818452992
1524560634804940803
1524560636461649920
1524560641163505664
1524560652936880130
1524560659547148288
1524560661019299845
1524560662227169280
1524560666731950080
1524560668342509571
1524560670867566594
1524560671995740162
1524560680132689920
1524560680938004481
1524560680870985730
1524560681269407744
1524560686126358529
1524560687120502784
1524560687497981952
1524560689141927936
1524560695693656067
1524560697551736834
1524560697790660609
1524560699334311938
1524560704078065668
1524560708251406336
1524560712416247809
1524560731714117634
1524560740044185600
1524560746667028483
1524560750169235457
1524560752115339266
1524560760013172736
1524560760432898048
1524560762831839233
1524560767755988993
1524560768611627008
1524560774940835841
1524560777713225728
1524560795866083328
1524560805538283520
1524560809912942592
1524560813301805056
1524560814379872256
1524560826014715905
1524560831052230656
1524560836588625923
1524560837389824001
1524560842590728192
1524560857367261187
1524560858210193408
1524560859095351296
1524560861116968960
1524560864384278531
1524560872458579968
1524560876422025216
1524560877428658177
1524560880653979653
1524560881488740352
1524560889646563331
1524560890892275712
1524560890955280384
1524560893312385027
1524560899427737607
1524560900203630599
1524560903173197824
1524560904146280450
1524560906667053056
1524560912459329537
1524560913185054720
1524560913738702849
1524560921644912640
1524560925021196288
1524560925893832705
1524560927432921089
1524560928590680064
1524560928561414144
1524560930046152706
1524560944637960194
1524560950157848577
1524560954457047041
1524560958638669827
1524560959146135552
1524560963520892934
1524560963931979777
1524560968700903426
1524560970772881408
1524560980021325830
1524560980818251776
1524560981321342978
1524560983267713024
1524560986564218881
1524560990054109184
1524560990687268864
1524560991056539648
1524560993455587328
1524560995078787073
1524560995192123393
1524561001303191552
1524561005799424001
1524561007514849280
1524561019267424257
1524561023470088195
1524561023692288000
1524561027928510464
1524561031061721088
1524561034677309441
1524561045959806977
1524561050284269573
1524561056491843586
1524561061805846528
1524561067623346176
1524561071062847489
1524561083486199808
1524561094005899266
1524561098602655750
1524561104835203072
1524561109663027200
1524561113819480065
1524561119087632386
1524561123294408704
1524561131876110339
1524561133675241473
1524561137316028417
1524561144387674113
1524561145083965440
1524561145524273155
1524561145641586689
1524561149743841284
1524561159814230016
1524561160988553218
1524561163484377090
1524561165845729287
1524561167871524865
1524561168286855171
1524561170920734720
1524561171231264768
1524561176012759041
1524561176557801472
1524561176830558209
1524561178042675200
1524561178201972738
1524561180991397888
1524561186859065344
1524561187077345284
1524561192722878469
1524561195549790210
1524561204282339329
1524561209579745281
1524561212117327872
1524561214956875776
1524561217586700292
1524561219448819712
1524561223681024000
1524561224637243393
1524561235362127874
1524561248599216131
1524561249052553217
1524561249681477634
1524561250046275584
1524561250566512641
1524561250906263552
1524561254119002113
1524561255100469248
1524561256438546432
1524561258774728704
1524561262767742977
1524561269189189633
1524561271210881024
1524561272913600864
1524561281260392452
1524561286708695041
1524561287245713408
1524561288071979008
1524561292798930946
1524561294128566275
1524561294317207555
1524561302219378688
1524561303154614273
1524561303414657024
1524561303838277637
1524561307965476864
1524561313342623750
1524561313707401218
1524561328471687168
1524561331596455936
1524561331688546306
1524561332498214912
1524561338273603584
1524561339372421121
1524561342937542656
1524561343810097152
1524561348482502656
1524561353981059075
1524561354241331201
1524561354786426880
1524561358401904641
1524561363267469313
1524561365104537600
1524561372046004224
1524561373031804928
1524561377829867520
1524561378048151552
1524561383588872192
1524561390106783744
1524561391641931780
1524561395261796352
1524561396331073536
1524561398038204416
1524561399497695232
1524561402177986560
1524561405948698628
1524561409819959296
1524561413766729729
1524561417587863552
1524561418347069442
1524561420444217344
1524561427259822081
1524561429222899712
1524561429751336960
1524561430955139072
1524561435099029513
1524561436328054786
1524561439201153025
1524561441281482752
1524561441189249025
1524561441721880577
1524561443663851524
1524561455273717761
1524561456255188992
1524561457236430848
1524561458297806848
1524561459908423681
1524561462525673472
1524561467629981702
1524561475297288193
1524561476031111168
1524561477289525249
1524561481009963009
1524561484080058368
1524561490237292547
1524561490564595713
1524561500798701568
1524561502644101121
1524561503260753921
1524561506402193409
1524561509376040961
1524561512928583680
1524561516133031936
1524561517135417344
1524561518527873025
1524561521598152707
1524561522009284608
1524561526144659458
1524561537423351810
1524561537976963072
1524561539285483520
1524561546583719937
1524561548672393220
1524561550455062529
1524561552581529600
1524561554603094016
1524561554720665600
1524561555232223232
1524561560756125696
1524561567249055745
1524561567349559296
1524561568587001857
1524561585691316231
1524561587473846273
1524561589092954112
1524561590137278464
1524561591500431360
1524561591739551744
1524561592200929280
1524561598534328325
1524561608575492097
1524561610097893378
1524561610848804871
1524561612178350080
1524561614397136896
1524561618004193282
1524561619090644992
1524561632612941824
1524561633493798912
1524561633930006531
1524561640695508992
1524561642201231365
1524561643602157568
1524561646567493632
1524561646814781441
1524561647293059074
1524561650472300544
1524561651328069637
1524561652548575233
1524561653341339651
1524561657258729472
1524561659628503041
1524561663608987651
1524561667002036224
1524561667014680576
1524561667903918080
1524561668025552897
1524561668667330561
1524561676585996290
1524561678830120961
1524561684270141440
1524561687390609408
1524561687591890944
1524561691844952064
1524561693447053312
1524561693460033537
1524561698153189377
1524561699612811265
1524561701852651521
1524561701265641472
1524561702200610816
1524561702615977992
1524561703333208066
1524561705006632960
1524561709419143169
1524561709880520706
1524561713240100866
1524561713336446976
1524561715442167808
1524561719602778113
1524561722811506689
1524561729501417472
1524561732286488576
1524561735243415552
1524561735574818817
1524561736728260609
1524561739827666947
1524561742856003584
1524561744089083904
1524561745628516352
1524561746832367616
1524561747805229058
1524561748547842050
1524561750338809859
1524561751508987904
1524561756181385218
1524561757296988160
1524561762535854080
1524561765052342277
1524561768772681729
1524561771029139456
1524561776003600384
1524561778864267266
1524561784379781121
1524561789479960576
1524561791040249858
1524561792462065665
1524561799403683845
1524561801656115204
1524561802381737985
1524561803031855105
1524561808882913280
1524561808589262849
1524561810019475461
1524561813144276994
1524561816835309568
1524561820899581955
1524561821306347521
1524561821373501441
1524561821797130241
1524561822283702273
1524561823248396288
1524561827681681408
1524561829409656832
1524561830735015937
1524561831913836545
1524561832681299973
1524561840025444352
1524561842336858112
1524561842944815104
1524561844706459649
1524561845322981378
1524561848409853953
1524561848997228545
1524561850007961600
1524561853967446018
1524561863333318657
1524561869238853634
1524561883751088128
1524561884405702656
1524561887857422336
1524561888947826688
1524561903368159233
1524561905121124353
1524561905439830016
1524561922473046017
1524561923211251717
1524561928449888257
1524561940118335488
1524561942605537280
1524561945076002818
1524561950772023296
1524561952227397633
1524561952634449920
1524561964214923264
1524561968358690816
1524561969734426624
1524561971344982021
1524561984322215936
1524561986872217602
1524561990395383808
1524561990777294849
1524561997534220289
1524562019231444994
1524562019206184960
1524562024537202688
1524562026512666627
1524562027921821697
1524562028987404291
1524562030132273152
1524562032556756992
1524562039477256193
1524562042241363968
1524562044263202816
1524562044686528513
1524562054077689858
1524562056313245696
1524562059849084930
1524562066614411265
1524562069642690560
1524562072381661184
1524562075837730819
1524562076378742784
1524562078824116231
1524562083278249985
1524562086528958464
1524562086562516994
1524562088370360321
1524562095236333570
1524562095525617664
1524562098579193859
1524562099594153984
1524562100647084034
1524562100848365569
1524562101183946753
1524562101217464322
1524562102001754114
1524562106405867521
1524562111074029568
1524562113129328640
1524562114702102530
1524562116526583808
1524562117524918273
1524562121538818050
1524562127213662208
1524562130892201984
1524562133790433282
1524562134428012544
1524562138878160896
1524562141910474752
1524562145421283329
1524562148952842240
1524562151200804864
1524562154258632704
1524562155181379586
1524562163028930561
1524562166841544705
1524562170142470144
1524562175544725508
1524562182926585856
1524562186663833600
1524562187980791808
1524562190270971907
1524562192426684419
1524562203189334016
1524562205173243904
1524562219333300224
1524562231463190528
1524562234172600320
1524562236655632384
1524562237029228544
1524562238476103683
1524562250974990336
1524562251235184641
1524562252921249794
1524562261154668551
1524562261372772352
1524562261947437058
1524562264094756864
1524562272089165824
1524562277046829057
1524562277428436992
1524562278023974912
1524562279202758657
1524562279106240512
1524562279081164801
1524562282012979202
1524562282352713728
1524562293731831808
1524562295577354240
1524562298672750592
1524562301738962947
1524562306096586752
1524562311679250433
1524562324748595200
1524562325931405312
1524562329391747073
1524562342226366470
1524562344499728391
1524562350942134273
1524562353232257025
1524562353584549888
1524562353345294336
1524562356076007426
1524562358252838912
1524562362350530560
1524562363646562305
1524562372727382017
1524562372798656513
1524562372727164929
1524562377001234436
1524562378985250816
1524562381484961792
1524562382214807554
1524562383074648064
1524562391702597634
1524562392482521089
1524562397758820352
1524562400346787840
1524562401617620993
1524562405996519427
1524562406911115265
1524562420013969414
1524562428301766656
1524562431657361409
1524562442180648960
1524562442201800706
1524562444949106688
1524562447033589765
1524562451118772224
1524562454419849217
1524562456059826181
1524562461470478337
1524562465522126849
1524562465916440576
1524562468990820354
1524562479518527490
1524562485373722625
1524562488594997248
1524562491946291200
1524562493376323585
1524562493690982400
1524562502767554561
1524562502918582272
1524562503346315267
1524562512867438594
1524562515807674370
1524562519678877697
1524562522577145857
1524562537513197570
1524562537504817152
1524562546036035584
1524562556374949889
1524562557310226437
1524562559449411584
1524562563303763970
1524562565619146752
1524562567728873472
1524562571025653761
1524562571298230272
1524562577874845696
1524562580420841475
1524562581230264320
1524562583218442241
1524562592047702017
1524562595172302848
1524562598397718528
1524562600520036353
1524562613849391104
1524562614323404803
1524562624863735808
1524562630006001664
1524562635005464576
1524562637455044608
1524562641460506625
1524562645889736707
1524562646233718784
1524562649660411904
1524562654190358529
1524562657357012993
1524562663354867712
1524562667846787072
1524562677305118720
1524562679360376832
1524562679993569281
1524562683558649856
1524562687048441857
1524562690584236032
1524562695554543617
1524562699069587456
1524562699643801600
1524562703066574850
1524562703284645889
1524562704027070464
1524562705180418049
1524562711140515845
1524562711564197888
1524562720217042945
1524562721978605569
1524562724579074048
1524562724570632192
1524562724935536643
1524562727083073536
1524562739762548737
1524562742354579456
1524562748625256448
1524562754236862464
1524562759064694786
1524562761338036224
1524562762390679552
1524562767092404224
1524562771618287616
1524562776798154753
1524562776928227329
1524562783957889026
1524562784649887744
1524562787468713985
1524562792572936194
1524562799279710208
1524562801854930944
1524562804119855104
1524562806162472960
1524562806024065026
1524562821387857925
1524562824801906688
1524562826051809283
1524562828375506945
1524562829537431552
1524562832674770947
1524562836541743104
1524562842132697088
1524562843584061441
1524562850806706182
1524562854761967619
1524562855160336385
1524562855420473348
1524562855856648194
1524562860860489729
1524562866992525314
1524562886483398656
1524562889616592896
1524562890266746880
1524562905609375744
1524562912316211200
1524562916338552832
1524562917751812097
1524562920105025537
1524562925196910595
1524562929386856450
1524562943098167296
1524562947892199424
1524562950547439616
1524562951549734912
1524562956356366338
1524562959116029952
1524562963729846273
1524562966871515140
1524562969371107328
1524562970025598976
1524562980569899008
1524562985347395585
1524562987532566529
1524562991643082752
1524562995124310018
1524562996298756096
1524562996940480512
1524562997716430850
1524563003097686016
1524563003550490624
1524563005903720449
1524563009250775040
1524563014724337665
1524563016536055809
1524563021540237312
1524563022018232331
1524563025059106816
1524563027043000321
1524563027835727874
1524563031778332672
1524563033510477825
1524563034680799233
1524563036907839488
1524563045401436160
1524563046378713090
1524563046496149504
1524563047225999360
1524563056889679872
1524563063084503041
1524563066234363904
1524563070193909761
1524563083678597120
1524563086484639744
1524563089991032833
1524563090989367296
1524563100539793408
1524563102917746688
1524563105493274626
1524563108831793153
1524563114179670017
1524563116725608448
1524563118575132672
1524563122958176257
1524563123956375553
1524563136459821060
1524563137210601475
1524563140352135168
1524563142533165058
1524563147960590337
1524563150456164353
1524563151865491458
1524563160505671680
1524563160551899139
1524563163231911937
1524563169569611777
1524563170089648128
1524563175810678785
1524563178163683328
1524563180046929921
1524563183071113216
1524563200401940480
1524563216248057857
1524563224502362113
1524563224561082370
1524563236015808513
1524563243670204417
1524563247449337856
1524563260170817537
1524563261986938882
1524563265618993152
1524563265715638273
1524563267372343296
1524563281905655810
1524563285751877632
1524563289467875329
1524563292798132225
1524563295419527168
1524563296174682113
1524563296468320257
1524563300054228992
1524563300410806272
1524563300599668737
1524563307134263296
1524563307511832576
1524563311492165632
1524563312431742976
1524563313773981696
1524563325824217088
1524563328055480320
1524563328483442689
1524563330404339713
1524563333076107270
1524563336167399429
1524563345411616769
1524563366945050624
1524563369021231106
1524563371273641984
1524563371927900161
1524563386834554880
1524563389627916291
1524563396150149121
1524563406086410247
1524563407583731713
1524563409689190400
1524563414055485441
1524563414953123842
1524563421106221059
1524563428823683072
1524563433601085442
1524563437002633216
1524563441624788994
1524563444963315713
1524563445202530305
1524563450407661568
1524563460280963072
1524563462646546432
1524563464450105344
1524563468623433728
1524563471756582914
1524563476051804160
1524563476483555328
1524563486545571841
1524563498826620928
1524563499099123713
1524563509681532928
1524563510033666049
1524563512378511362
1524563516061065217
1524563517831057409
1524563518430793729
1524563519118532609
1524563522369294336
1524563523665342464
1524563526773260294
1524563530451546112
1524563531508727808
1524563532901228546
1524563532532142082
1524563533710602240
1524563545479909376
1524563545865740294
1524563560654950402
1524563562370420736
1524563564148703233
1524563564886908928
1524563565574766592
1524563567126712322
1524563568414363648
1524563581672783872
1524563584818184193
1524563585296392192
1524563593706057728
1524563603516497922
1524563604963483649
1524563605743624195
1524563607685844993
1524563608453136384
1524563609665294339
1524563612857208833
1524563620323115010
1524563620448718854
1524563632809549829
1524563639373545473
1524563641365934080
1524563647086878722
1524563647112036352
1524563647212699653
1524563650622615552
1524563650698227712
1524563651801526272
1524563656805081088
1524563657807613953
1524563660760403968
1524563663536803840
1524563666204459008
1524563668691787783
1524563678695202816
1524563686379200512
1524563688740442112
1524563688879013888
1524563690032451589
1524563692905451520
1524563696994840576
1524563706956292097
1524563712123846658
1524563721422577664
1524563723976912897
1524563723993681920
1524563732516544513
1524563738862497793
1524563739701391361
1524563752376537088
1524563769971642369
1524563770185560070
1524563771984949248
1524563773490610180
1524563774874677249
1524563775520608256
1524563776925847552
1524563780881063936
1524563785117147137
1524563797666668545
1524563802242621441
1524563807330308097
1524563809461051393
1524563810136297478
1524563829174071296
1524563834006032384
1524563840356265985
1524563842641981441
1524563842960920583
1524563844659564544
1524563846278512640
1524563848191262721
1524563849587920898
1524563850166771712
1524563861839355904
1524563862808190977
1524563865694085120
1524563866147078146
1524563866528718850
1524563867032068102
1524563876477427712
1524563877295443968
1524563886501810176
1524563897411244032
1524563899827122176
1524563900791992320
1524563903400841217
1524563906626084864
1524563908551454723
1524563913295159299
1524563915069296640
1524563915874656258
1524563920236826625
1524563920542965760
1524563922963079169
1524563935038525449
1524563935369863168
1524563935390625792
1524563936753983489
1524563940004581381
1524563940595879936
1524563942885916672
1524563949122953217
1524563950607679488
1524563960695033857
1524563964746682368
1524563964947959808
1524563965925240833
1524563966478876672
1524563968467030016
1524563983889539072
1524563987576373248
1524563991141306368
1524563995860119553
1524563998846373889
1524564010183634946
1524564011697717249
1524564012465365000
1524564012670849026
1524564014646374402
1524564014747029506
1524564017389477888
1524564018916175873
1524564024574230529
1524564031268343809
1524564035986857984
1524564036284731393
1524564041351507970
1524564051640127489
1524564051338084353
1524564056505569280
1524564057218449408
1524564062373359617
1524564070292152323
1524564074247311360
1524564078148177920
1524564079758688263
1524564089544056832
1524564089644666882
1524564090391527424
1524564091360088064
1524564095911006210
1524564096405970946
1524564098503122946
1524564102068293637
1524564103750164480
1524564105570361344
1524564107579559941
1524564109265711104
1524564115095662592
1524564115892707328
1524564138118287367
1524564140093714432
1524564148700471297
1524564150038536193
1524564155340140549
1524564161874866176
1524564168573353984
1524564169990840325
1524564186411397120
1524564199703199747
1524564199807930371
1524564199996747776
1524564201233997825
1524564212474793984
1524564215838748672
1524564219458428930
1524564221459144704
1524564231596740611
1524564238508998668
1524564251318226944
1524564251817435137
1524564254153756674
1524564255198040068
1524564255101493253
1524564256691081217
1524564260570996738
1524564264513585152
1524564272352620545
1524564272835035136
1524564273392988160
1524564277872369664
1524564279210352640
1524564284851716096
1524564287032725504
1524564287490035712
1524564288601755649
1524564293831651328
1524564307580702721
1524564314228764673
1524564316980195332
1524564328346697730
1524564332960485377
1524564334214627328
1524564336282578944
1524564341697167363
1524564342305292288
1524564352820514817
1524564354204680192
1524564361381138436
1524564367324372994
1524564369555787776
1524564372835688449
1524564376333656065
1524564382717464576
1524564390531510273
1524564395682058241
1524564396831301632
1524564398328750087
1524564400446791681
1524564401520627712
1524564405903667200
1524564409586098177
1524564409984684039
1524564412920745985
1524564415512674304
1524564423418990597
1524564432566767618
1524564435758632963
1524564437620957184
1524564446487748610
1524564446823256064
1524564447787995136
1524564450111627265
1524564451088908289
1524564452573687810
1524564457506189313
1524564461155147779
1524564469598371845
1524564471146065922
1524564472047697920
1524564477542379520
1524564477945040897
1524564478301511681
1524564480126078976
1524564482722340865
1524564488145489920
1524564489219227648
1524564489667964928
1524564491085791233
1524564498207559681
1524564506436947974
1524564509427445762
1524564511369404418
1524564512283987970
1524564514653540353
1524564520080789504
1524564519875489795
1524564522006028289
1524564531137101825
1524564531867000835
1524564544747544577
1524564547171807232
1524564548103024640
1524564552582586369
1524564552591060992
1524564555573121028
1524564558567907330
1524564559306141699
1524564559670956035
1524564563450081282
1524564571599503368
1524564576087465984
1524564577022881794
1524564578675220480
1524564585616916481
1524564586225192962
1524564593573609473
1524564604759822339
1524564623701135360
1524564624938573827
1524564626309992448
1524564635969626112
1524564642227499009
1524564646203883520
1524564650976849925
1524564665824686081
1524564668970373120
1524564669096210432
1524564670895382528
1524564681322598401
1524564682597670913
1524564686615855108
1524564692705849344
1524564696774414339
1524564698271784962
1524564705603379200
1524564707604054021
1524564709072068608
1524564711689232386
1524564715246075907
1524564718643523586
1524564720249942021
1524564721881473028
1524564724456865792
1524564733512278018
1524564742588747776
1524564742928490496
1524564749366665216
1524564753837924352
1524564756085936129
1524564758225199112
1524564759173083138
1524564764772380672
1524564767331000322
1524564772515106816
1524564779435765760
1524564781998518277
1524564786574417920
1524564792874352641
1524564797878116353
1524564800411521027
1524564800809885703
1524564805188833281
1524564815636619264
1524564820871335936
1524564822532280322
1524564826378444800
1524564830925082626
1524564833718390784
1524564836604067849
1524564837392474113
1524564839032573953
1524564841209417730
1524564841045889024
1524564843457622018
1524564854660603906
1524564857974046725
1524564858477301760
1524564860813541376
1524564865502924800
1524564867172249601
1524564871202942978
1524564874172510208
1524564885497077760
1524564886956687366
1524564887283793920
1524564892514201601
1524564892992294913
1524564893491515392
1524564897853440001
1524564899120226311
1524564901502484483
1524564903662546947
1524564905101348868
1524564909727625218
1524564911778668544
1524564916472008704
1524564920523575297
1524564923698798593
1524564933358374915
1524564941642076162
1524564947291852800
1524564959421730823
1524564965620867074
1524564967889858560
1524564968020062208
1524564970096234503
1524564970599378944
1524564972331708416
1524564979915145217
1524564990312824838
1524564992082825217
1524565006477455360
1524565007085838338
1524565010051211267
1524565015654666240
1524565019006021632
1524565019358380032
1524565028950654980
1524565033031585794
1524565037544886275
1524565045232943104
1524565046428381184
1524565047405649920
1524565048034689024
1524565050085842944
1524565050807230464
1524565052669497344
1524565063641800705
1524565065604677633
1524565068846936065
1524565069287370754
1524565072437207041
1524565073565560834
1524565091298992131
1524565095501733888
1524565099951833088
1524565101751242755
1524565103139508224
1524565111230271488
1524565116376817666
1524565117245046785
1524565118985678849
1524565127202283523
1524565129056198656
1524565130402537472
1524565139315474432
1524565140758278146
1524565142016565248
1524565145804058626
1524565146252857345
1524565159376785409
1524565163726278657
1524565169745154049
1524565170940309505
1524565171213152260
1524565173675208704
1524565178020507649
1524565180713160704
1524565184819335168
1524565185876353024
1524565186853625857
1524565189152047104
1524565192306085889
1524565190704091137
1524565196974567426
1524565203152777217
1524565203547009025
1524565205660930051
1524565212086550528
1524565217480298497
1524565217576984577
1524565220730888192
1524565221645459456
1524565227815198722
1524565229899862016
1524565236715556864
1524565238292664322
1524565239173365760
1524565245724872705
1524565251726856193
1524565261906493445
1524565262074204160
1524565276267794432
1524565287512723456
1524565288083021824
1524565290763251712
1524565289719017475
1524565291371532288
1524565291761557504
1524565293279760384
1524565296509599744
1524565296786427905
1524565306953273345
1524565307397877760
1524565311738900480
1524565322057097216
1524565327874568193
1524565329380261888
1524565329896214530
1524565332865781761
1524565337773027329
1524565345817739265
1524565346849599491
1524565355686940674
1524565357247221761
1524565357821710336
1524565359294312449
1524565367284187137
1524565371172401153
1524565384841424897
1524565387123298306
1524565392470990849
1524565394886955008
1524565400641544195
1524565414549676032
1524565422959480837
1524565428474888192
1524565436683243522
1524565439690510336
1524565442349568000
1524565447357702146
1524565456358502400
1524565457335820288
1524565459860967426
1524565470556340224
1524565473077170177
1524565474532491264
1524565474914230273
1524565479137894400
1524565480400474112
1524565496837947393
1524565497123155969
1524565503468924928
1524565505604001794
1524565512621072384
1524565513405403138
1524565513581391878
1524565516706361344
1524565527666077696
1524565535647846401
1524565543914725376
1524565546062123008
1524565546473189376
1524565552743653379
1524565555147124738
1524565555621081089
1524565558452269056
1524565566219980800
1524565566203338753
1524565567897800704
1524565568866693120
1524565570175193088
1524565581701300227
1524565584700051456
1524565589318119424
1524565590635167746
1524565593072013312
1524565593759764480
1524565595408285700
1524565605780799493
1524565610813788160
1524565613095567360
1524565616262361088
1524565619789770756
1524565629877067777
1524565636218818564
1524565637577814018
1524565643009347584
1524565645538516992
1524565645920292865
1524565651536465920
1524565652865880064
1524565655097417730
1524565663599239169
1524565665574797314
1524565667915182080
1524565671153176576
1524565671144787972
1524565673497792512
1524565675255246849
1524565682087612416
1524565686642745346
1524565688295342083
1524565694448390147
1524565705399623681
1524565705944879105
1524565707215757313
1524565707513417728
1524565711636549632
1524565716359331840
1524565719169470466
1524565719953940480
1524565724320120834
1524565729403719681
1524565732276666368
1524565733191135232
1524565735724486657
1524565748055642113
1524565761435525120
1524565765906653188
1524565766833463296
1524565772185612289
1524565774312087552
1524565780788097026
1524565788400578561
1524565792146309122
1524565798941261824
1524565806499119105
1524565810177462272
1524565812627091456
1524565817790238720
1524565819287646208
1524565821460303879
1524565822982795267
1524565832646283266
1524565834420662273
1524565838526885894
1524565843262283776
1524565846647091207
1524565852934361088
1524565857807994880
1524565860727373830
1524565860773511175
1524565864430845955
1524565866825850880
1524565870059606017
1524565870365786112
1524565879526150150
1524565882135101441
1524565885045903360
1524565894042636288
1524565900371898368
1524565901512687616
1524565908005478400
1524565911050457088
1524565916918370306
1524565919854329856
1524565921146318848
1524565925986512898
1524565929958555648
1524565929962651650
1524565931095113728
1524565934500896768
1524565935855652864
1524565935721521153
1524565941589143553
1524565944118702080
1524565947746594820
1524565948480450561
1524565952968507392
1524565954583093248
1524565959515815936
1524565966276898816
1524565966906089476
1524565970567716865
1524565971473682433
1524565971763175425
1524565973679935488
1524565978901848064
1524565984023130112
1524565987227488257
1524565992944373760
1524565995116920834
1524565996970913792
1524565998178865152
1524566004709343237
1524566008932884487
1524566019779477506
1524566020450570244
1524566022878990336
1524566030705692673
1524566032479838209
1524566032836403201
1524566038075125760
1524566039148728321
1524566040293822465
1524566043993145345
1524566045201100800
1524566047541669896
1524566051022942208
1524566052000215041
1524566055254777862
1524566055921885184
1524566056991444992
1524566057960230919
1524566060262952963
1524566062947254272
1524566068483825665
1524566072992710657
1524566074607480832
1524566077019406336
1524566081775542273
1524566084283678730
1524566084841623553
1524566085722415104
1524566086682918912
1524566086821322752
1524566087580405760
1524566091397275652
1524566096132685825
1524566097252569088
1524566098502422529
1524566105779539969
1524566106152787971
1524566106232561667
1524566106937208834
1524566111110504448
1524566118765105153
1524566124742029313
1524566125798907904
1524566125735993344
1524566125912203264
1524566126063202305
1524566126285393920
1524566127921217536
1524566128370012160
1524566129913569280
1524566130651709442
1524566133306703872
1524566144094453761
1524566145013108738
1524566154785742848
1524566156614545408
1524566156555825153
1524566164940152839
1524566167041585152
1524566167779741696
1524566169520422912
1524566179733454848
1524566185727115264
1524566189975953412
1524566193058852864
1524566202508619777
1524566206010769414
1524566208527351808
1524566211371143168
1524566211895382023
1524566225543651330
1524566230098710533
1524566233177370624
1524566236520140804
1524566244728340484
1524566249921036288
1524566250478882816
1524566252567646209
1524566253775560706
1524566261363101696
1524566261425876993
1524566264248557568
1524566265104379904
1524566267348275200
1524566267889434624
1524566268564680705
1524566269483261954
1524566269659209728
1524566275833446403
1524566277200646146
1524566277259419652
1524566285610274817
1524566297685733378
1524566299514486784
1524566300974100480
1524566303285071873
1524566310260248584
1524566317755371520
1524566319705731073
1524566327477874688
1524566327498788864
1524566327750369280
1524566335300280323
1524566337321771008
1524566339762991104
1524566341449138177
1524566344758435846
1524566351074971650
1524566365100818432
1524566370138173440
1524566373212594177
1524566374290440192
1524566374831595523
1524566377734062090
1524566384654626818
1524566386223288321
1524566390652301312
1524566391306784770
1524566391474511879
1524566391940079616
1524566392787378177
1524566393131307008
1524566402824294402
1524566403432472577
1524566406435639296
1524566408033570816
1524566408625020929
1524566415423987714
1524566416069865472
1524566418183933953
1524566419425345539
1524566419458957314
1524566422281928704
1524566431756693504
1524566432104787968
1524566438454964224
1524566439889444867
1524566450257547264
1524566464614871041
1524566468750462978
1524566468855164929
1524566471891894272
1524566475788464128
1524566475868147717
1524566476782514178
1524566483577327619
1524566487201382403
1524566490149646341
1524566491424722949
1524566493459013638
1524566494205681664
1524566500367024130
1524566502367633408
1524566503038803968
1524566508843814913
1524566509753802754
1524566515005018118
1524566515521101825
1524566528808562688
1524566533485301760
1524566533682470913
1524566539319447553
1524566539969642498
1524566540644925440
1524566552070209536
1524566552288321539
1524566554041593856
1524566560299307010
1524566564929949696
1524566574048452612
1524566578112651264
1524566580142747654
1524566584072806401
1524566586752999427
1524566588078309376
1524566589042925568
1524566590590799873
1524566595519283200
1524566596961726464
1524566597075185665
1524566604524236800
1524566607221211138
1524566609364406272
1524566609817395200
1524566611675414528
1524566611767738368
1524566613437165569
1524566614162788352
1524566616335257600
1524566621494607873
1524566625697030145
1524566626930102272
1524566627571875841
1524566627672592384
1524566632806457344
1524566634706264064
1524566638552829952
1524566643338317826
1524566643908780034
1524566644743417858
1524566649235509249
1524566650162487297
1524566651634536450
1524566662883729408
1524566668265021440
1524566669447815169
1524566673113718785
1524566682605395969
1524566683758866433
1524566688775262210
1524566689484087296
1524566691161600000
1524566694093541377
1524566695594979330
1524566696589406208
1524566697662947328
1524566698061447168
1524566698531168257
1524566700343140352
1524566719242506242
1524566726989717504
1524566728696553472
1524566729346723840
1524566730198163456
1524566731339010048
1524566743401828354
1524566743703863297
1524566745524101122
1524566761097543680
1524566760661340161
1524566764000002051
1524566764138360833
1524566766411784193
1524566767074521089
1524566769985327112
1524566774989078528
1524566776427782146
1524566777358860289
1524566780143935488
1524566788092088325
1524566795214065664
1524566801656524805
1524566810032496646
1524566811261292545
1524566813392183298
1524566821684363264
1524566825069076480
1524566827187073025
1524566831754850311
1524566837605933056
1524566840378331136
1524566842706178050
1524566844635443200
1524566847596683264
1524566852034310145
1524566852717928448
1524566854039228417
1524566854810931201
1524566863329603584
1524566867586789376
1524566875493089280
1524566880488460289
1524566881818009600
1524566883189596160
1524566886377267200
1524566889053274114
1524566893495005185
1524566895109844993
1524566898620477440
1524566899090235392
1524566900059037697
1524566905935306754
1524566906551820290
1524566911543128064
1524566912306495489
1524566915099865088
1524566916635013121
1524566923425460224
1524566925635956736
1524566926818750469
1524566927418474498
1524566927850541056
1524566928034983941
1524566928102207488
1524566938529193985
1524566946691174400
1524566951317491713
1524566951489585153
1524566954756952065
1524566955809722369
1524566962407456769
1524566968988102656
1524566977464913924
1524566979344048129
1524566985639616515
1524566991125852160
1524566992811921409
1524566995429167106
1524566997060796417
1524566999531200513
1524567007005450241
1524567007210860544
1524567009182298112
1524567011279478784
1524567019936489473
1524567030724284417
1524567034130059264
1524567034939383808
1524567035384156160
1524567035870601216
1524567046746525696
1524567048436822016
1524567049585971200
1524567053155323904
1524567053147033601
1524567056372412418
1524567058310070273
1524567059304169472
1524567060113608705
1524567064362553346
1524567064987406337
1524567068347092994
1524567073275662336
1524567073988435970
1524567076181975040
1524567086890209282
1524567089746489348
1524567093944934400
1524567098571333633
1524567099322118145
1524567099594653697
1524567102262235136
1524567103327457280
1524567104573231104
1524567106628427776
1524567107966578689
1524567108230729728
1524567109602357248
1524567109757456384
1524567112106217473
1524567114090225665
1524567120104804352
1524567122612940801
1524567125368578049
1524567125943218176
1524567129495855104
1524567132524142594
1524567136340889600
1524567138475851778
1524567138442387458
1524567139344011264
1524567142519164928
1524567146206007296
1524567150551511040
1524567150521950208
1524567160269717504
1524567161716412416
1524567166422552577
1524567167903186944
1524567168498688002
1524567174160953344
1524567180708356097
1524567181584961544
1524567181911990272
1524567181954101250
1524567185351647232
1524567187184394240
1524567190036484096
1524567191307304960
1524567197049364482
1524567199511371776
1524567200211910657
1524567200425725959
1524567201054928897
1524567203806392320
1524567207648374784
1524567208428507137
1524567209196101632
1524567210760540160
1524567211737821187
1524567216200499202
1524567216896843776
1524567222248787973
1524567224580976641
1524567224790695936
1524567226375979010
1524567233988542464
1524567234999472128
1524567239155871744
1524567239848083456
1524567241160863744
1524567242708602883
1524567256469938176
1524567260123308032
1524567261155102721
1524567262430175236
1524567269803802626
1524567273549279232
1524567275348631552
1524567277068333056
1524567281640132609
1524567285805076480
1524567286920749056
1524567289185583109
1524567293900083208
1524567295099559936
1524567296097796101
1524567299835015169
1524567301688905728
1524567317451087873
1524567319640346625
1524567323738353665
1524567324384272384
1524567342075756544
1524567356441346048
1524567356525142021
1524567360413356032
1524567367166087168
1524567367757541377
1524567388548648960
1524567390188716032
1524567391740567554
1524567392197693442
1524567394923950080
1524567398585667584
1524567402326806529
1524567405665472512
1524567406479298568
1524567414519877635
1524567418164580352
1524567418819026945
1524567420626780160
1524567424846254087
1524567426259685378
1524567430659465216
1524567433981345793
1524567434451107840
1524567437403897858
1524567440159653889
1524567440461606914
1524567440746856449
1524567444198723586
1524567447134621698
1524567456215404544
1524567456798285824
1524567457268129792
1524567458815827970
1524567462682918912
1524567462984880128
1524567467762278400
1524567472426426370
1524567480299008000
1524567480986963975
1524567484237549569
1524567484640247814
1524567484988198913
1524567496442978304
1524567498086965249
1524567502646390785
1524567504705757185
1524567505171361792
1524567510758002688
1524567511508963329
1524567513673072646
1524567514033831937
1524567514981621760
1524567515225108482
1524567520400723968
1524567520212144129
1524567522665717760
1524567524775366656
1524567526839046151
1524567531544997889
1524567534434934784
1524567535554908160
1524567536011857921
1524567536062418946
1524567536603389954
1524567542592937984
1524567544794951680
1524567548775202817
1524567549475803136
1524567551010918400
1524567551090454528
1524567552764096512
1524567554043400192
1524567561731457026
1524567567670849536
1524567568459182082
1524567570355048450
1524567573366403072
1524567574356193280
1524567577535655936
1524567579192610816
1524567580966633473
1524567581163761664
1524567586335252482
1524567587065147392
1524567587203710977
1524567593511755777
1524567594644262912
1524567594744918017
1524567596909084675
1524567599396311040
1524567600927178752
1524567608829386753
1524567615129231360
1524567619453476865
1524567620149821440
1524567621533790208
1524567629779935233
1524567634259451904
1524567635568078853
1524567637728112642
1524567639766433792
1524567646183829506
1524567647563792387
1524567648486387719
1524567651376324608
1524567654974906373
1524567659450351616
1524567666769293312
1524567667717414913
1524567669281738754
1524567674197622784
1524567680417767424
1524567686810050560
1524567688554717187
1524567691591356416
1524567697748639745
1524567707718459394
1524567708565598208
1524567710428020736
1524567714945286145
1524567717839351813
1524567718673924098
1524567718887837696
1524567719961677826
1524567726907219968
1524567731260981248
1524567737342779392
1524567740044001280
1524567743164526592
1524567743990833152
1524567744481538048
1524567759107067904
1524567763435819008
1524567776173641728
1524567777067118593
1524567779101360128
1524567779126484992
1524567779441090561
1524567783551475714
1524567787250851842
1524567789503062016
1524567796805480451
1524567800051912705
1524567800806711296
1524567805534027776
1524567810483138568
1524567810692636672
1524567811443630081
1524567813335228417
1524567815918960645
1524567826006171648
1524567827256066048
1524567828799569921
1524567831165259777
1524567832264155136
1524567837431504899
1524567848730959874
1524567866628055042
1524567868448333825
1524567870910263296
1524567872722321408
1524567878795726849
1524567880049721344
1524567881228320768
1524567882209898501
1524567891265294336
1524567894364868608
1524567894402781184
1524567900308316160
1524567906629169153
1524567912383606784
1524567913667178497
1524567916431101953
1524567916942921728
1524567917928591360
1524567919027531776
1524567921321775105
1524567923070799872
1524567935448137728
1524567955098505216
1524567962744676355
1524567964149821441
1524567964753797121
1524567965605449728
1524567966070841346
1524567969694593024
1524567970810408961
1524567978439852038
1524567985578422272
1524567997087637504
1524568001848037376
1524568005832753152
1524568008496144384
1524568012816326656
1524568015886499840
1524568022656061440
1524568025126653954
1524568030558138369
1524568031841894401
1524568033075003392
1524568033976590336
1524568034756730882
1524568042855936005
1524568047935229954
1524568049768144896
1524568050749648897
1524568054633578496
1524568054893490177
1524568060526350337
1524568060778196993
1524568062426443776
1524568064691425281
1524568067346419712
1524568068621578241
1524568068772401152
1524568072912257025
1524568076695617539
1524568077203083264
1524568084513792001
1524568086292176896
1524568088124997634
1524568090163437569
1524568095263801347
1524568096647831553
1524568097188892676
1524568101043511296
1524568108815601665
1524568110480637964
1524568115807461378
1524568117485228032
1524568117640404994
1524568117757718530
1524568119699775489
1524568127153086466
1524568128352657409
1524568130848272385
1524568131645018112
1524568141631733767
1524568143405928448
1524568154877435906
1524568158996103168
1524568163479867393
1524568172413730817
1524568176796704773
1524568177455374338
1524568180236034051
1524568186074673153
1524568190252060673
1524568193221672960
1524568194245087235
1524568194391977985
1524568198351396869
1524568211177590784
1524568218370813952
1524568224452415489
1524568230752366593
1524568239472365568
1524568239652675590
1524568251145015297
1524568263866339328
1524568264319381505
1524568273303519232
1524568278655401984
1524568280249241600
1524568289443262465
1524568290433019905
1524568291041239040
1524568294564548610
1524568298167353345
1524568302445551616
1524568314734911488
1524568322188132352
1524568325283586050
1524568330014707712
1524568331767922688
1524568337740705794
1524568339577643008
1524568343780364288
1524568345739415552
1524568347249188865
1524568347517628416
1524568350105518080
1524568350109622277
1524568357097205760
1524568359139889152
1524568360419311619
1524568376215015425
1524568382355525632
1524568387996770304
1524568395374645253
1524568398260178946
1524568402664304642
1524568404018958337
1524568406418243587
1524568411191365632
1524568409526181889
1524568413787598848
1524568416207659008
1524568417671561217
1524568417860308994
1524568428480282626
1524568437778960384
1524568440366944257
1524568441751015425
1524568444225609728
1524568445639172096
1524568446536761345
1524568448407273472
1524568450659667968
1524568455650893829
1524568463792082945
1524568467244032003
1524568469693337600
1524568475557142528
1524568476991504388
1524568478354743296
1524568480300810241
1524568482725072897
1524568483794759686
1524568488546766849
1524568490476191745
1524568490174205953
1524568493709873153
1524568494234292225
1524568496394444801
1524568505328283648
1524568506381094916
1524568506771116033
1524568507723120640
1524568513062445056
1524568517089058816
1524568519400173570
1524568522088669186
1524568527855751168
1524568528854163457
1524568533186846720
1524568534013071360
1524568536617734144
1524568537846587392
1524568543450251264
1524568550144421889
1524568557136363521
1524568557870268417
1524568561104175106
1524568563302170624
1524568570235174912
1524568570314866689
1524568571296174082
1524568575725510656
1524568573649240064
1524568579164700672
1524568586429231104
1524568588849500161
1524568591353454592
1524568595178696705
1524568598395580416
1524568602355146753
1524568607757328384
1524568612035604480
1524568619765563392
1524568625528684545
1524568631614574594
1524568635418816513
1524568637285318657
1524568637436219392
1524568642238693376
1524568644122025984
1524568645455777792
1524568647108231168
1524568648635101184
1524568650388320258
1524568650790936579
1524568651784986625
1524568652888088578
1524568658466512899
1524568658701438976
1524568658625941505
1524568667928862720
1524568672248946688
1524568678250991619
1524568678246846464
1524568678389497856
1524568684437594112
1524568698228379648
1524568698392133632
1524568705556004864
1524568713583861763
1524568714632470528
1524568716519915523
1524568720017813504
1524568720349278209
1524568721045565440
1524568725881561095
1524568732042944513
1524568733301174272
1524568734744170496
1524568741312352257
1524568742486814721
1524568748048461825
1524568754927153155
1524568756168527872
1524568759649771520
1524568763739385858
1524568765651955712
1524568768256839681
1524568775227584513
1524568775357452288
1524568776620093440
1524568777203015681
1524568778134245376
1524568779971301379
1524568781569380352
1524568781678280704
1524568784517799937
1524568785772072961
1524568785772027906
1524568788997484547
1524568789295276036
1524568789609705472
1524568798103285761
1524568802746322944
1524568804738560000
1524568805007142912
1524568808907841537
1524568810300264448
1524568813915803649
1524568820895174656
1524568825248817154
1524568827236810754
1524568828172189696
1524568828629471233
1524568829468319744
1524568832408436736
1524568840868229126
1524568842361778177
1524568842835537921
1524568845083631618
1524568851782017026
1524568852163530755
1524568853602308097
1524568864616558593
1524568872711606272
1524568882815639552
1524568883021193218
1524568888322805760
1524568890482774019
1524568894337392641
1524568896279576576
1524568896589729793
1524568903535497216
1524568905204867073
1524568926952300546
1524568929779130368
1524568934074228736
1524568936846700548
1524568936750145538
1524568939312914432
1524568939707215875
1524568940936060930
1524568942114750464
1524568942076854272
1524568942299299841
1524568944828243968
1524568946560704514
1524568947420729346
1524568948963958785
1524568953418358785
1524568956090130432
1524568957025349632
1524568962742329344
1524568963337838600
1524568964399046657
1524568967586660354
1524568970631786498
1524568974104662018
1524568974322712576
1524568974628818945
1524568975186800645
1524568976252096513
1524568977451753473
1524568978928058368
1524568983059542017
1524568983722156039
1524568984162643968
1524568988650459136
1524568992538525696
1524568995655032834
1524569001199820801
1524569004416798720
1524569012541210625
1524569017985519617
1524569022485999617
1524569024511856644
1524569027955335168
1524569031365300230
1524569032040632320
1524569038541647877
1524569038550097926
1524569045332561920
1524569045227474945
1524569045432868865
1524569046632570880
1524569047689539584
1524569050008936448
1524569051242110976
1524569053729538048
1524569065028788224
1524569067386032130
1524569073547370497
1524569073564200961
1524569074503757826
1524569077770952704
1524569079947825152
1524569081453715456
1524569083366285313
1524569086084083712
1524569086587711488
1524569089016012800
1524569089913536512
1524569092769910784
1524569101376667649
1524569104841015296
1524569106728374273
1524569109337366531
1524569111002374146
1524569119093309441
1524569124554231808
1524569125326139392
1524569125489627139
1524569125657489408
1524569127247138816
1524569129646178305
1524569131227529216
1524569132204806144
1524569141776203778
1524569145727139840
1524569148826652672
1524569149158170624
1524569149632135174
1524569154614972418
1524569156481212416
1524569157898956800
1524569165427712002
1524569167038455808
1524569170763030528
1524569172927209480
1524569173938036736
1524569177708769283
1524569181680775169
1524569185975775232
1524569186726518785
1524569188970512387
1524569196386037767
1524569198340587520
1524569212290797568
1524569214882697216
1524569216057167872
1524569218405961729
1524569218947051521
1524569220285149184
1524569220473888769
1524569220704391168
1524569222466002945
1524569230468947970
1524569231517437953
1524569233102753792
1524569235435016194
1524569239369273347
1524569239771885570
1524569240661078016
1524569241302847488
1524569241571106817
1524569242036756480
1524569244079431681
1524569245564084224
1524569250404339712
1524569251566297088
1524569254485544960
1524569259665416193
1524569260114292737
1524569261443715072
1524569261632598016
1524569263431770113
1524569264388116481
1524569265025732609
1524569264455311360
1524569273816989698
1524569276010663938
1524569277025583104
1524569278338453504
1524569280481685509
1524569282318794752
1524569291764682753
1524569295153504256
1524569299255447552
1524569301822410752
1524569301856002048
1524569307358789639
1524569307375616002
1524569310974431234
1524569321191751682
1524569326749069313
1524569327206338560
1524569334299119617
1524569336568025088
1524569338291838976
1524569340019838977
1524569340695224322
1524569343702540288
1524569345757638656
1524569350459559942
1524569354234482690
1524569355970916354
1524569360878120960
1524569373230436354
1524569375977660419
1524569384152227841
1524569389995106306
1524569392658493442
1524569394558517248
1524569397628928000
1524569399943782401
1524569402708008960
1524569402733121543
1524569403236528131
1524569404964409345
1524569408353488897
1524569414770860038
1524569422328852480
1524569429023113216
1524569435746447360
1524569436010680325
1524569438284046339
1524569439961821186
1524569441174159360
1524569442520387584
1524569446454640640
1524569449445138432
1524569457263357952
1524569461071790082
1524569462787170305
1524569463445721089
1524569475311452160
1524569478461366274
1524569483523891202
1524569486497624064
1524569491534921729
1524569499873296384
1524569511801802759
1524569512061906945
1524569513139875840
1524569514377191424
1524569517002735622
1524569518164660225
1524569518772731904
1524569520446353408
1524569524409880576
1524569524653096962
1524569540197294082
1524569540474155008
1524569542537760768
1524569542877499395
1524569551484063749
1524569552629207041
1524569557494640641
1524569558689980416
1524569559302291470
1524569564633178113
1524569569821667329
1524569571121901570
1524569572564774912
1524569573936275463
1524569575685341185
1524569581385396224
1524569582056488961
1524569586590433282
1524569589270691840
1524569597029933057
1524569604449832961
1524569611995394048
1524569617544396806
1524569619243143171
1524569621164089345
1524569627749232640
1524569642332741633
1524569643775668232
1524569644006322179
1524569644597760003
1524569649979002881
1524569656136286209
1524569656325033986
1524569656756998144
1524569660452220934
1524569665766404096
1524569667838304258
1524569667909545986
1524569683093041152
1524569684632289281
1524569688293974016
1524569691078934529
1524569694899998721
1524569711425425408
1524569714529296385
1524569717524123650
1524569724297920513
1524569727237955586
1524569729892974592
1524569731050577920
1524569735840493568
1524569741796458496
1524569744241741830
1524569748473851905
1524569752575827973
1524569754006028288
1524569757986476033
1524569762881482752
1524569765418782721
1524569767457304580
1524569772838502402
1524569780522561537
1524569794602799105
1524569797115088896
1524569798461595648
1524569800889884672
1524569809819738114
1524569810499162112
1524569817625206784
1524569817960882182
1524569826294960129
1524569827364380672
1524569828274565120
1524569836675911682
1524569840136032256
1524569841381912578
1524569844443717634
1524569847178440704
1524569847765557248
1524569849279639552
1524569851586498560
1524569856435265536
1524569856615628800
1524569861527117827
1524569862726684672
1524569875397677057
1524569892925722624
1524569893563256832
1524569898202107906
1524569902559899648
1524569903411380224
1524569904384548864
1524569905906999297
1524569907463172096
1524569916636028928
1524569924458336256
1524569925590953984
1524569929407733760
1524569948072337410
1524569948198219781
1524569950203043842
1524569950832234498
1524569957383741441
1524569959619338240
1524569967441715201
1524569978053222402
1524569980016246784
1524569990682324994
1524569995744890881
1524569999125487619
1524570001553846272
1524570001662951426
1524570007941832704
1524570017714552832
1524570021179105280
1524570025574776834
1524570026203918336
1524570028414279680
