1525309908224135168
1525309912682835976
1525309913794113536
1525309920035409921
1525309922015170560
1525309924179333120
1525309929099337730
1525309933255794689
1525309933528535040
1525309937353740288
1525309937781510145
1525309944853106695
1525309950104195072
1525309952587227137
1525309954298626048
1525309956181958661
1525309962347499521
1525309973395382272
1525309975941091328
1525309978197860352
1525309985588133888
1525309988826128384
1525309993733455873
1525309996552048640
1525309998506573824
1525310006853357570
1525310008791027713
1525310009483186178
1525310009873162240
1525310010099748864
1525310012658171906
1525310016814817280
1525310025207529473
1525310031499075585
1525310034271510529
1525310034455867393
1525310040206241792
1525310040357347329
1525310047303049216
1525310051740794882
1525310054324486145
1525310057050677249
1525310060305457152
1525310066110476290
1525310067351998465
1525310067901353986
1525310073228214273
1525310078580039680
1525310090324197377
1525310099757072385
1525310105687838720
1525310111253676033
1525310114592432128
1525310116962123781
1525310118317129728
1525310120862703616
1525310123199057921
1525310127179431937
1525310137354838016
1525310143168229377
1525310143205986304
1525310145000898563
1525310147266072577
1525310147416862722
1525310151586111490
1525310152005623808
1525310157525237760
1525310158687318016
1525310167465590784
1525310173249957888
1525310176148037634
1525310176630276097
1525310177741783040
1525310185438433283
1525310185966804992
1525310187950981120
1525310204992167937
1525310207412297730
1525310209710866432
1525310219504558081
1525310220167168000
1525310222763450369
1525310222570356736
1525310229956571136
1525310231961604097
1525310232020234240
1525310233983205376
1525310236877369344
1525310243185598467
1525310245857263617
1525310246230556672
1525310249581821955
1525310250076606464
1525310250416541697
1525310251016257537
1525310253482524672
1525310256607272968
1525310258612256768
1525310269613871104
1525310273099284482
1525310275318071296
1525310279885668353
1525310282158854144
1525310282448482305
1525310283807199232
1525310284763648000
1525310289331339265
1525310290757398533
1525310292313395201
1525310293584273409
1525310294783774720
1525310303189229570
1525310303549939712
1525310305743806464
1525310307693998086
1525310308801253377
1525310316913078272
1525310319442157568
1525310320130068480
1525310323389087747
1525310323997040641
1525310325830176768
1525310326606114816
1525310335510425600
1525310343580332032
1525310345585344512
1525310347279745024
1525310349230194688
1525310349435621376
1525310351721504769
1525310351759265792
1525310362878451713
1525310365537652737
1525310367739662336
1525310368503181312
1525310372877463552
1525310376610439168
1525310382721597440
1525310386857181185
1525310387998150656
1525310390212517888
1525310392725012480
1525310393530343425
1525310394834857984
1525310395375927298
1525310397196140546
1525310399041703936
1525310399767363584
1525310400476110848
1525310401625346049
1525310403135291392
1525310403617628160
1525310403693125633
1525310405098315782
1525310405287235585
1525310408684457986
1525310409447727107
1525310419555975169
1525310427940257792
1525310428783443968
1525310429076942848
1525310430742482944
1525310440955314176
1525310441035120640
1525310444310773761
1525310445460021248
1525310445720043520
1525310450992390145
1525310453043240960
1525310453726986241
1525310457799507968
1525310458605064193
1525310459057930243
1525310466364432384
1525310472559394817
1525310475109531649
1525310475851923457
1525310487067500545
1525310500644454400
1525310510572490752
1525310510438170628
1525310512942153728
1525310514766565376
1525310515458760709
1525310516373204992
1525310525747261443
1525310527341215744
1525310530231013376
1525310531103498240
1525310539639005187
1525310539638878209
1525310541903822848
1525310543875256320
1525310543917195266
1525310544433094658
1525310549948616704
1525310556378435584
1525310557435445250
1525310557745725441
1525310570722902017
1525310571683401728
1525310571935055873
1525310575097565184
1525310598258561031
1525310606840152065
1525310606173122561
1525310607414546433
1525310610795380737
1525310621092306944
1525310623181152257
1525310628495249408
1525310630097522688
1525310630118318081
1525310632895008768
1525310636271583234
1525310638922383360
1525310640461856768
1525310641853960192
1525310642592182272
1525310652713148416
1525310653958868992
1525310657322618880
1525310659025686528
1525310659453407233
1525310661068107777
1525310661428920322
1525310666013298689
1525310666428624897
1525310670513885184
1525310678663323649
1525310684980035587
1525310685328166913
1525310684220694528
1525310692802252800
1525310695754956800
1525310709554454528
1525310713438289920
1525310713786515458
1525310718412718081
1525310723856793602
1525310732266520577
1525310736830021632
1525310737614311424
1525310744023093248
1525310747861037056
1525310749056581632
1525310757633654784
1525310759567343616
1525310767150546944
1525310774574317568
1525310776885616640
1525310778995269634
1525310785639129094
1525310786234634240
1525310794237464576
1525310794623332352
1525310798138056706
1525310801694715905
1525310802932248577
1525310802881916928
1525310806891581440
1525310811303968769
1525310813208190976
1525310824981700608
1525310826047062016
1525310828592910336
1525310833064038400
1525310836713172993
1525310836859842560
1525310839200157696
1525310844581646339
1525310856883478530
1525310858204569601
1525310859291021312
1525310859357982723
1525310863665729536
1525310863963570177
1525310868891717633
1525310870443675648
1525310872939266050
1525310873258139648
1525310874164113408
1525310874554191878
1525310884570189824
1525310892073578496
1525310893097209856
1525310895156502528
1525310897039745025
1525310898868477953
1525310903360573442
1525310906233667584
1525310909773643781
1525310911669489666
1525310915448426497
1525310915587059712
1525310915985428480
1525310917503770624
1525310917608542209
1525310919303213056
1525310920620130306
1525310922524266496
1525310931218989057
1525310937120575492
1525310940379750401
1525310943160373254
1525310943563067394
1525310946662666240
1525310947782545408
1525310948143431681
1525310950013665280
1525310954254258176
1525310954367594498
1525310954958905345
1525310959224598528
1525310965192921088
1525310969274155010
1525310973120335872
1525310973489332224
1525310974596681729
1525310976786157568
1525310977201299457
1525310978505773056
1525310987892580353
1525310987951165440
1525310994188230656
1525310995027083265
1525310999464660992
1525311000051867648
1525311000362246144
1525311004619464704
1525311005357662208
1525311007874334721
1525311010772590592
1525311011212996613
1525311018162966530
1525311019022573569
1525311019148525568
1525311021203611650
1525311023930126336
1525311026643730432
1525311028971569152
1525311030854811648
1525311032838737920
1525311035992854529
1525311042967986176
1525311046373744641
1525311046772264961
1525311051306352644
1525311054401650694
1525311070679748610
1525311072651075584
1525311075633201152
1525311080309858305
1525311091756113922
1525311092750155777
1525311107094794241
1525311116322250752
1525311116552949761
1525311121359519746
1525311124643663872
1525311127948775424
1525311128502292482
1525311132025643009
1525311135238324224
1525311136161157120
1525311137373462534
1525311140305129473
1525311147024560129
1525311151332110337
1525311161620746240
1525311162287632384
1525311162841178114
1525311169191354370
1525311175151476736
1525311182567002113
1525311198996086785
1525311201282072576
1525311201483563013
1525311203026866179
1525311203265765376
1525311204847243266
1525311210224291841
1525311210652057600
1525311211335720961
1525311216779816961
1525311217761505280
1525311221464956929
1525311224757760000
1525311228775653376
1525311229446787072
1525311232307511296
1525311235167858688
1525311245909381122
1525311246840504321
1525311261474693120
1525311262711861250
1525311262950932480
1525311263491891201
1525311267044749312
1525311270911713280
1525311272719368192
1525311278323056642
1525311279757463552
1525311286128558080
1525311286610759680
1525311288569565184
1525311289031016448
1525311290633224193
1525311292680065024
1525311293649047555
1525311296220053506
1525311302796730368
1525311302637621248
1525311304084475904
1525311306068152320
1525311306697703424
1525311308442357762
1525311309922852864
1525311310736629760
1525311312582033409
1525311317015412737
1525311323881369600
1525311323956989953
1525311324330217472
1525311328839163904
1525311334065266690
1525311334845399040
1525311337114619904
1525311338050121733
1525311343783464961
1525311344987099136
1525311347570917376
1525311358765441027
1525311359767945216
1525311361303072768
1525311363140272130
1525311365795065856
1525311366533238784
1525311366927630336
1525311383306309632
1525311383336001538
1525311392533950464
1525311399160958978
1525311403032190979
1525311405661908992
1525311405288656896
1525311415598256129
1525311426478342145
1525311436481875968
1525311437685633029
1525311439900139520
1525311440709640200
1525311454047522818
1525311455691583489
1525311465871355905
1525311472586444800
1525311474255683584
1525311475115560960
1525311480056406017
1525311480857391110
1525311486717054976
1525311491741827074
1525311495269064704
1525311499182415874
1525311499308244992
1525311503670329349
1525311512755281920
1525311514357420033
1525311513959239680
1525311516458864641
1525311518128103427
1525311520946659329
1525311522959810561
1525311523077246976
1525311523140210689
1525311524327129088
1525311529977008128
1525311530954153984
1525311533391429632
1525311547727388672
1525311555335856128
1525311557411999744
1525311557739155457
1525311560209539074
1525311566442291202
1525311576739581952
1525311578953986049
1525311580715356160
1525311585568292870
1525311588886093824
1525311592237346817
1525311596024586244
1525311596846886918
1525311598067343362
1525311606036787200
1525311606422241281
1525311618300911616
1525311620036976642
1525311621492523011
1525311623799492609
1525311631428726784
1525311632284471297
1525311639410597888
1525311640543059968
1525311641575096320
1525311641688080384
1525311648226955264
1525311650231750656
1525311655432814592
1525311655768477696
1525311657018368000
1525311657970487301
1525311667134943233
1525311668774903808
1525311668804276224
1525311669194342401
1525311670154846208
1525311671224393728
1525311672163962880
1525311676970676224
1525311677855502336
1525311680691027968
1525311687414398976
1525311691764137984
1525311692204294144
1525311692720119808
1525311695178055684
1525311694632718337
1525311695572414465
1525311699888250881
1525311708767604736
1525311709656895489
1525311711284285442
1525311711724867584
1525311711649091584
1525311714555793408
1525311716506193925
1525311717160501248
1525311718590713858
1525311720452915202
1525311720394067969
1525311720868257792
1525311721367293953
1525311726811758592
1525311737213468675
1525311739373535234
1525311739394408449
1525311739528634368
1525311740296081408
1525311741403361286
1525311747590086656
1525311760907046912
1525311761083256832
1525311764094545920
1525311764421922817
1525311778984448001
1525311780787933185
1525311795740790786
1525311798164996096
1525311800262156288
1525311807753056256
1525311808600387586
1525311814979964929
1525311814883418112
1525311815546286083
1525311816511135744
1525311825595990018
1525311826430410752
1525311829810900993
1525311829869830145
1525311832692379648
1525311834668027905
1525311837532786689
1525311840087117830
1525311841068515330
1525311841534189570
1525311843463569409
1525311843358478338
1525311856398815235
1525311858973954049
1525311860001619970
1525311862052560897
1525311865546756096
1525311867316539393
1525311868285472768
1525311871015915520
1525311871288745984
1525311873310244864
1525311873540833280
1525311874018988033
1525311883481325568
1525311887042400256
1525311889697292289
1525311893384183814
1525311902024278016
1525311903026712577
1525311904914280448
1525311906868756482
1525311913860956160
1525311916423405568
1525311917912231937
1525311921792208896
1525311924031868930
1525311926007476225
1525311929832689664
1525311930235330561
1525311931300687872
1525311941375401984
1525311941735944193
1525311941949857792
1525311942453252097
1525311945246744577
1525311946219827200
1525311949625364481
1525311952892747776
1525311953027072006
1525311956827381761
1525311960954306562
1525311962246160384
1525311965672914944
1525311966771920896
1525311971796602880
1525311973285675008
1525311974900281344
1525311974988558336
1525311974745198595
1525311975538012160
1525311977261875200
1525311979044618240
1525311980327866370
1525311985914630146
1525311986061418503
1525311986929655808
1525311995788107776
1525311996664680448
1525311999558619136
1525312004906373120
1525312007397859332
1525312021629227013
1525312031083077634
1525312036309172224
1525312040956571648
1525312041770266628
1525312046085967872
1525312046488764417
1525312046820106243
1525312049781346304
1525312052436287488
1525312055321894912
1525312058732032001
1525312062582292480
1525312072405225474
1525312081985142786
1525312082073243649
1525312099676737536
1525312104189788160
1525312103195676672
1525312110204362752
1525312110846148608
1525312115258626051
1525312116621713409
1525312118756712448
1525312122531434498
1525312130219745281
1525312133529059329
1525312137916100609
1525312138037694464
1525312138923118592
1525312142576164864
1525312167217664001
1525312168995852288
1525312172225703936
1525312176528887809
1525312182535303174
1525312185802665984
1525312187082100736
1525312187413176320
1525312189560668161
1525312197655773186
1525312197995266053
1525312202093342721
1525312202860900357
1525312206468001794
1525312211069059072
1525312213661233154
1525312215439577088
1525312221009498112
1525312222158802946
1525312222876127233
1525312225354866688
1525312226281893890
1525312228521648131
1525312230794964993
1525312234095890432
1525312238533455872
1525312240970133505
1525312247341645825
1525312247509266433
1525312248209723395
1525312251527278592
1525312255503499264
1525312258410172417
1525312259362365440
1525312259286872066
1525312263204139008
1525312264152043521
1525312271697707008
1525312274696642560
1525312281176854533
1525312286142889985
1525312290035224576
1525312290156957696
1525312298105151488
1525312299577360385
1525312304002260993
1525312304300032001
1525312306489458690
1525312307944861696
1525312311694462976
1525312321039609857
1525312327465287681
1525312327788150784
1525312334633254913
1525312338223677442
1525312339960012807
1525312340085944320
1525312342371618817
1525312343093043202
1525312346419302401
1525312348415836160
1525312350752059392
1525312354686226432
1525312355646771200
1525312366036099072
1525312366933442560
1525312367826976770
1525312367998951424
1525312372201635841
1525312376660271107
1525312376698032128
1525312378187001856
1525312378816061440
1525312381437419521
1525312383840882689
1525312383874658304
1525312384272781313
1525312385548009474
1525312388517572608
1525312388580487169
1525312394930573312
1525312401133928448
1525312411544199168
1525312414610296833
1525312418628640768
1525312425842511873
1525312427772071937
1525312429768552448
1525312432389881856
1525312445140566018
1525312446562504704
1525312447682322433
1525312449120833536
1525312449007738880
1525312449167106048
1525312453847941123
1525312454221340673
1525312457249640449
1525312459506077696
1525312461527826432
1525312472798105600
1525312480490176513
1525312480636985344
1525312487121465345
1525312489956728832
1525312492985008129
1525312496277520387
1525312497800052737
1525312498383077376
1525312503080689665
1525312507262513155
1525312510307581953
1525312511620239360
1525312515667795968
1525312518637379587
1525312522265427970
1525312523368546306
1525312540036694018
1525312544184930304
1525312551651020802
1525312552573583360
1525312556377710592
1525312561540911105
1525312562727776256
1525312566418976769
1525312566884347904
1525312568201560065
1525312575746895872
1525312576762126336
1525312578011865088
1525312578406449152
1525312583938387968
1525312586459140098
1525312586895331328
1525312590934581249
1525312592142807040
1525312601273647104
1525312609842565120
1525312615303495684
1525312628209467392
1525312629589303298
1525312632307208194
1525312634504900609
1525312642784579584
1525312646207119360
1525312653521985537
1525312654948040704
1525312656722350080
1525312666390102016
1525312668038488064
1525312668168400897
1525312668629966858
1525312679514148866
1525312685306281984
1525312691245662209
1525312692285759491
1525312699315683328
1525312704222666752
1525312708735901697
1525312711512530944
1525312711776686083
1525312713592799233
1525312716495130624
1525312719087353858
1525312722195337219
1525312723009126401
1525312726410592256
1525312730659540993
1525312733876469760
1525312740579061762
1525312740763795457
1525312744118964224
1525312744244772866
1525312747264790533
1525312749080805378
1525312751421296644
1525312753203826689
1525312754885730304
1525312757129695233
1525312760606769152
1525312763580583936
1525312767653208064
1525312768202657792
1525312778092912640
1525312786007396352
1525312786695331840
1525312799324327936
1525312799664025600
1525312809990762496
1525312820073664513
1525312820128231425
1525312820115435521
1525312834808299520
1525312835362115584
1525312837337468933
1525312843121238016
1525312843708366849
1525312844987768832
1525312848691355649
1525312849748209664
1525312849890922496
1525312850285039622
1525312850285285377
1525312851887509505
1525312854131462145
1525312863556050944
1525312865527267331
1525312866785538050
1525312869847519232
1525312871063617536
1525312873081233408
1525312873760694277
1525312873920024577
1525312879024562176
1525312880509345793
1525312888193228800
1525312892438216704
1525312895218814976
1525312905490702341
1525312909185720320
1525312914588041216
1525312917712797698
1525312918295674882
1525312918996365312
1525312927053582336
1525312929763033088
1525312931000467456
1525312932468473857
1525312936373325829
1525312937153421312
1525312937702961154
1525312938801778689
1525312944858439680
1525312951200227329
1525312955537149954
1525312957286162432
1525312962969362432
1525312967222362116
1525312968073703424
1525312970674298880
1525312975292493824
1525312975598497794
1525312977750044673
1525312979092242433
1525312980031766529
1525312993952772097
1525312996754456576
1525312997102600192
1525312997262073857
1525312999791157249
1525313000059674624
1525313000978137089
1525313005738774528
1525313010079657984
1525313011153399810
1525313015352115201
1525313016186777600
1525313019496091649
1525313021672771584
1525313022788481025
1525313024550117376
1525313025896591360
1525313029071863808
1525313037137334272
1525313042182905858
1525313043428614144
1525313047425851392
1525313051121135622
1525313056800182273
1525313060759650305
1525313063397867520
1525313075037016064
1525313082104418304
1525313082087686146
1525313085082374144
1525313087418531841
1525313087280136193
1525313088194433024
1525313088832081921
1525313090081931264
1525313090732048384
1525313093999513601
1525313098550321154
1525313101561724928
1525313105860902912
1525313109224828929
1525313109103108098
1525313127537119235
1525313132142510083
1525313135351058434
1525313136391233536
1525313139994152960
1525313152056930305
1525313157996199936
1525313158906249217
1525313160944791552
1525313163146964992
1525313174257401856
1525313177021566976
1525313177105358848
1525313177667379200
1525313181517811712
1525313181974810626
1525313185766690816
1525313189147119616
1525313192855056385
1525313193492549634
1525313194352427008
1525313195946258434
1525313200161542145
1525313201717628928
1525313207790977024
1525313209049169920
1525313209883799552
1525313212744605696
1525313220935766017
1525313221292396545
1525313221095219201
1525313222303092736
1525313233145446400
1525313233128722435
1525313235771080705
1525313235884331009
1525313236119310336
1525313238728056834
1525313238858141696
1525313240930066432
1525313242029080577
1525313242926665728
1525313245526908928
1525313246453936129
1525313251856334849
1525313252405673984
1525313254410657794
1525313255312326657
1525313259787563008
1525313262941790209
1525313274497073153
1525313276569079809
1525313277189816320
1525313279219965952
1525313279421292545
1525313281493086213
1525313283774889984
1525313289864896512
1525313291865755648
1525313292444610561
1525313294004887553
1525313294986141697
1525313295644778498
1525313300816330752
1525313302586335233
1525313303559475200
1525313310383607808
1525313311457304582
1525313314485862400
1525313316935065601
1525313319854395393
1525313319908818946
1525313322199154694
1525313324606439424
1525313325667590144
1525313326116491264
1525313330897948673
1525313332709818368
1525313334542671872
1525313335616753665
1525313336094691329
1525313338883776512
1525313340888608768
1525313345590644738
1525313346165264384
1525313349755584514
1525313351835959296
1525313353215770627
1525313356596490240
1525313363240112128
1525313376527818758
1525313380256403457
1525313381560995840
1525313384006156293
1525313387554648066
1525313389706334208
1525313393581871105
1525313394278113280
1525313401093771264
1525313411575324672
1525313417342595072
1525313419255111682
1525313420295385089
1525313426377015297
1525313428860043265
1525313431062073344
1525313432693661696
1525313438590844934
1525313441975525376
1525313442810417152
1525313444026540033
1525313443909214209
1525313451102445569
1525313452058746882
1525313453740773376
1525313453862400001
1525313454558613506
1525313455389134848
1525313455942557696
1525313462293118976
1525313463060676608
1525313469054128130
1525313470220095488
1525313471675437056
1525313475282513920
1525313486804373506
1525313496229068801
1525313502176493569
1525313504080797696
1525313516156207104
1525313522925715459
1525313524821549057
1525313526583242752
1525313527925424128
1525313531138084864
1525313537698045952
1525313541124784130
1525313549261852673
1525313550952038402
1525313551983845378
1525313564738723842
1525313567393820674
1525313567662260224
1525313568312287234
1525313569910403072
1525313572212981761
1525313573903286273
1525313577254539265
1525313580861915136
1525313583059329024
1525313585466990594
1525313589501841408
1525313593377447936
1525313593973030914
1525313594656579585
1525313597202743298
1525313600172310529
1525313601581551619
1525313601979879424
1525313604026761216
1525313604840480769
1525313616228106240
1525313616718835712
1525313617872056320
1525313622242648066
1525313627141595136
1525313634653687808
1525313640756387840
1525313646703783936
1525313648083845121
1525313656296177664
1525313658393243648
1525313659123245057
1525313659886608389
1525313660440150016
1525313664592404480
1525313669806051328
1525313670472880128
1525313675174809601
1525313679645974528
1525313682086961153
1525313686792916992
1525313687749287938
1525313694036541441
1525313695403978752
1525313701670264832
1525313703675146240
1525313703712800768
1525313704195145728
1525313704908275714
1525313708985032705
1525313710872580096
1525313712973750274
1525313718430715904
1525313723690209280
1525313727314141185
1525313731600818178
1525313731399495681
1525313743340523520
1525313745131651073
1525313751880044545
1525313753029480449
1525313758612135936
1525313762193981448
1525313764676935680
1525313765499187200
1525313768305172480
1525313768162480128
1525313772327518208
1525313773837352960
1525313773954809859
1525313780011368450
1525313780531486720
1525313780573474816
1525313784394526721
1525313788366704641
1525313789977042944
1525313796327227392
1525313798478897152
1525313804762071040
1525313812487806977
1525313814194814977
1525313814563987456
1525313817118445573
1525313819727253506
1525313821107277826
1525313829185409026
1525313832377278464
1525313835325960192
1525313842171072512
1525313846717587457
1525313854305099777
1525313865096916992
1525313871132602368
1525313880909844481
1525313881400397824
1525313884697018373
1525313885921857537
1525313887838478336
1525313887842738176
1525313894729887744
1525313898060075008
1525313906029232129
1525313907472089088
1525313910286520320
1525313911452536832
1525313913314738177
1525313916930125824
1525313919132246017
1525313920843522048
1525313920931704833
1525313922450051072
1525313923070795783
1525313923209207808
1525313925868298241
1525313925960564736
1525313926140928000
1525313927495680001
1525313928489848833
1525313930578604034
1525313932939911168
1525313936358268928
1525313938342256645
1525313952766431234
1525313954767044608
1525313965735047169
1525313967597428737
1525313968734076928
1525313971837870080
1525313977026109440
1525313980692156416
1525313981023404033
1525313989676175360
1525313992306171905
1525313994432876544
1525314004792619010
1525314005048471552
1525314009326493697
1525314012619186178
1525314012900118529
1525314014129037313
1525314014640754688
1525314015634657281
1525314017702584320
1525314021171290112
1525314023461269505
1525314028133834752
1525314028666597376
1525314030155354113
1525314032605048835
1525314035008294912
1525314037315248128
1525314044252631041
1525314044743372800
1525314045615775744
1525314049289994240
1525314049747173378
1525314052565639169
1525314059167535106
1525314064271949825
1525314069259030529
1525314072010530817
1525314075416219648
1525314075626024961
1525314076297109504
1525314076586426370
1525314081179242497
1525314083771277313
1525314084656250882
1525314096677236737
1525314099491520519
1525314103480397825
1525314103501533185
1525314108127854592
1525314109339709440
1525314111747371008
1525314115933200387
1525314122195386371
1525314122354937856
1525314128817950720
1525314134165823488
1525314134258196480
1525314142390865921
1525314147440660485
1525314151509536768
1525314152633405443
1525314152947929091
1525314153103118339
1525314155217051649
1525314159709245440
1525314160237633536
1525314160812339201
1525314161462362112
1525314169586827264
1525314170849218560
1525314173843955712
1525314174351462401
1525314174871605253
1525314175769227265
1525314176394088448
1525314177195188225
1525314179116240897
1525314190008885250
1525314193242501120
1525314196325421059
1525314197801865217
1525314207507435527
1525314212922372096
1525314218601365509
1525314220925001731
1525314221495308288
1525314223500365824
1525314230882533377
1525314231171792904
1525314232627171330
1525314235651215360
1525314239845515264
1525314244115415041
1525314245767876609
1525314251363168257
1525314251287560193
1525314264604758021
1525314270639947776
1525314272733057025
1525314273399930880
1525314279385321473
1525314279557279744
1525314279695699969
1525314281801121792
1525314285219500033
1525314296082751488
1525314299610206210
1525314304676769794
1525314305524174849
1525314311840743424
1525314315775004673
1525314315888336898
1525314316194484225
1525314320288075778
1525314322787971072
1525314323538661377
1525314325509984256
1525314326151974912
1525314331419693056
1525314332669665281
1525314336230715392
1525314339095433216
1525314340680781824
1525314344221052928
1525314343096569857
1525314346506670086
1525314352307396611
1525314358703710210
1525314359924228096
1525314364722536448
1525314367998263300
1525314369415962624
1525314370154115073
1525314376034664450
1525314380539252736
1525314381445095424
1525314388839878656
1525314388722434048
1525314396192247811
1525314398985781252
1525314400307007488
1525314400646840321
1525314406439165952
1525314412239802368
1525314414055923712
1525314416199225345
1525314418879389696
1525314419638554624
1525314429465858050
1525314432552820738
1525314432569446400
1525314432569589761
1525314434368909318
1525314436277362688
1525314439687417857
1525314442501791745
1525314446981115904
1525314449313255424
1525314452656033792
1525314456162553858
1525314458498879490
1525314459949879297
1525314461397131264
1525314462617505793
1525314462533955584
1525314463972442112
1525314465163620352
1525314465742340096
1525314470863458305
1525314476517404673
1525314488370708482
1525314490170056704
1525314493063933953
1525314497480736769
1525314497933725697
1525314499753934848
1525314501398216704
1525314503415824384
1525314504879398913
1525314507760975875
1525314510705332224
1525314515809849344
1525314518976499712
1525314523024048135
1525314523489394689
1525314537314045953
1525314537951576064
1525314539339644930
1525314541466357761
1525314547086610432
1525314548315586562
1525314549552906240
1525314562106351618
1525314565701046273
1525314570855890946
1525314571824668672
1525314572122456064
1525314575243124736
1525314577449230336
1525314589436551170
1525314594448674818
1525314598877929472
1525314598789861376
1525314600580763653
1525314602367602690
1525314602661203968
1525314605152710656
1525314606364762112
1525314607765659648
1525314610211045377
1525314614636040194
1525314614220640258
1525314616313749504
1525314616938549249
1525314618222059522
1525314620310831104
1525314621414031360
1525314621514493952
1525314626086379522
1525314626535161857
1525314626493493248
1525314632574980096
1525314633032081408
1525314641517510656
1525314643576573952
1525314644008648704
1525314646487535616
1525314650992259077
1525314652149891072
1525314656948166656
1525314658864971776
1525314660618186754
1525314660735627265
1525314662128132096
1525314666238562311
1525314668981542913
1525314671254949888
1525314671846244352
1525314672685367296
1525314677961543682
1525314678422896642
1525314680448770048
1525314684127260672
1525314684974419970
1525314686366781440
1525314687109279745
1525314696211046400
1525314696685010946
1525314705874731008
1525314710706348032
1525314714561134592
1525314714649124864
1525314721234173958
1525314721980862465
1525314722379272192
1525314723327123458
1525314725298307073
1525314727714377728
1525314738657411072
1525314739798044673
1525314741392007168
1525314742411313152
1525314745443749888
1525314749075816448
1525314751194189824
1525314754918731776
1525314755371597824
1525314759985401856
1525314764561190914
1525314768512471040
1525314771674972161
1525314771779825665
1525314779316903937
1525314780923297792
1525314781124648960
1525314788523446272
1525314791329484800
1525314793367740418
1525314793980166144
1525314794814943232
1525314796555583488
1525314797658685442
1525314803585384448
1525314804134584321
1525314806516961282
1525314811260817408
1525314817447235585
1525314818198102016
1525314820697952256
1525314826150486016
1525314826423115777
1525314827597520896
1525314828063199233
1525314829459808262
1525314834165817344
1525314840650256384
1525314843116453889
1525314852289495040
1525314854030123008
1525314857184153601
1525314859927314433
1525314861869170688
1525314865316913152
1525314865312808961
1525314865778372609
1525314865807519745
1525314867737026562
1525314870811426818
1525314872510119936
1525314874653347840
1525314881490132993
1525314883188924423
1525314883608354817
1525314885768433664
1525314886489845760
1525314888251449350
1525314889509744640
1525314894400262146
1525314894807339008
1525314895193022466
1525314901157240832
1525314903866843138
1525314909516402688
1525314916093153280
1525314920551788551
1525314921784803330
1525314922258632704
1525314923470921728
1525314930924302336
1525314932966817793
1525314934287912962
1525314935860776960
1525314936628555776
1525314937027022848
1525314945461547009
1525314948536143874
1525314949240733696
1525314951203721218
1525314951488884737
1525314959617445889
1525314960166903810
1525314970094669824
1525314970304385025
1525314974750498816
1525314977904709632
1525314980781903873
1525314986641215488
1525315002193813506
1525315008707670016
1525315009080958979
1525315017545027584
1525315023945576450
1525315032719904768
1525315033852301314
1525315035941457922
1525315036679372806
1525315036964585472
1525315038466441218
1525315038797611008
1525315046234021888
1525315048217919488
1525315053502832641
1525315054521958400
1525315062805798915
1525315064206528512
1525315069072007172
1525315076743380992
1525315077812801539
1525315079855493121
1525315082036600832
1525315082972024832
1525315087870853120
1525315093227089922
1525315092996190208
1525315095210893312
1525315095353507841
1525315096280539139
1525315100529381376
1525315106585780225
1525315109182136320
1525315109412913153
1525315111535136770
1525315113007435781
1525315116178100224
1525315116350066689
1525315119386968065
1525315123576979457
1525315124529184768
1525315133823717376
1525315135023239169
1525315139024527360
1525315139183976448
1525315143567085568
1525315143936405504
1525315145555394560
1525315149124587520
1525315150282121216
1525315151376830465
1525315151716655106
1525315152534437888
1525315154799480832
1525315155600494592
1525315156485488640
1525315157353811970
1525315168263086080
1525315171438182401
1525315174189744129
1525315175020216320
1525315178639855616
1525315184717352961
1525315185258512386
1525315187212967937
1525315192422387712
1525315193944907777
1525315194574065664
1525315200148295680
1525315206158684161
1525315211862892544
1525315213729349632
1525315214438068224
1525315218804449282
1525315219664289792
1525315220746293248
1525315222923255808
1525315227771752448
1525315236219297793
1525315240149274631
1525315240266711040
1525315240287776769
1525315249804541952
1525315252727992322
1525315256955850753
1525315259380162561
1525315267059924994
1525315269018648576
1525315271396691968
1525315274219696135
1525315278812221440
1525315279965802497
1525315280242675712
1525315288207605761
1525315295036022784
1525315296008884224
1525315296017453058
1525315298848645121
1525315307308457984
1525315308193337344
1525315308831096832
1525315316640796672
1525315318490402816
1525315327587930114
1525315334906994688
1525315337784283136
1525315337696075777
1525315348559437824
1525315349855424512
1525315355802865664
1525315359351373824
1525315362845245440
1525315370550190081
1525315371552477185
1525315381996490752
1525315385657917440
1525315388489142272
1525315389596770306
1525315390473216000
1525315396500606976
1525315399364972544
1525315400153579527
1525315406596120577
1525315410169577472
1525315410773659649
1525315412996632576
1525315414368059392
1525315418751049728
1525315421267644416
1525315423297839104
1525315426489495552
1525315431908937729
1525315436010692609
1525315437134766080
1525315440490299396
1525315446576099328
1525315447549489153
1525315448274829312
1525315450535485446
1525315453748334593
1525315453882712064
1525315454931288065
1525315458085158912
1525315458592911360
1525315460794810369
1525315470987079682
1525315475474993154
1525315479459360768
1525315482982789125
1525315500900851713
1525315503056642053
1525315505019572225
1525315504805761029
1525315506206519297
1525315508886806528
1525315510195343364
1525315516725747713
1525315518101585922
1525315520349753344
1525315522329726981
1525315523977830400
1525315527979188224
1525315528981630977
1525315531242348544
1525315534920642560
1525315534287515649
1525315540545421313
1525315551689871360
1525315553430208512
1525315557028929536
1525315561927737344
1525315564138180609
1525315571461529600
1525315574171148288
1525315575815147520
1525315577090347008
1525315580823322624
1525315581062352897
1525315586473046016
1525315589258063872
1525315589329326081
1525315590877024258
1525315594731638785
1525315597202034688
1525315602151313408
1525315606479876098
1525315607389949952
1525315607985475585
1525315610703372288
1525315610921533443
1525315632459403266
1525315632572530688
1525315634489270272
1525315640390721538
1525315644773867520
1525315646396895232
1525315651971301377
1525315656551477250
1525315664025686016
1525315671722164224
1525315671843815427
1525315675140521985
1525315675463499777
1525315682648395777
1525315682472275970
1525315684590399488
1525315687513632769
1525315690026176513
1525315692442050561
1525315697198485505
1525315698758627328
1525315701568847873
1525315707289931782
1525315708724334592
1525315715418337280
1525315716689416193
1525315717226168321
1525315721965752320
1525315725719748608
1525315731604262914
1525315732946489345
1525315733990920192
1525315737547513861
1525315740215148544
1525315747353874432
1525315746707886081
1525315753234247681
1525315754249564160
1525315766349877248
1525315766760771584
1525315768400977920
1525315773207818240
1525315774318931968
1525315774511992832
1525315778681229312
1525315780883144705
1525315781080207360
1525315782820995072
1525315784998014976
1525315802639093761
1525315804505456640
1525315808615976960
1525315810885046272
1525315814265696256
1525315815343542273
1525315818266976256
1525315821274288133
1525315827163185155
1525315829595774977
1525315830375976960
1525315830803832832
1525315835652452352
1525315836004687873
1525315836747124737
1525315838042963973
1525315838328287238
1525315838550630400
1525315839276244993
1525315841172164608
1525315841230766081
1525315845257297921
1525315852479762433
1525315852840710144
1525315853859823616
1525315859102720000
1525315859681624065
1525315865893298177
1525315867365416960
1525315869085093889
1525315870205026305
1525315873065447424
1525315876114800641
1525315878312497153
1525315880908951553
1525315884163780608
1525315886034345984
1525315886277660675
1525315890891440128
1525315891428306944
1525315891533074432
1525315895505068033
1525315895509209088
1525315900580192256
1525315901565767680
1525315905957281792
1525315906532147200
1525315913515401218
1525315918934315008
1525315922038235136
1525315922646343681
1525315923388809216
1525315924173144064
1525315929369976832
1525315934617063424
1525315935418064896
1525315935883567104
1525315937133395968
1525315938081456129
1525315938660323328
1525315944955973634
1525315949145903106
1525315952862273537
1525315953482993665
1525315956829995020
1525315961821224960
1525315962639110144
1525315971816206338
1525315978032078848
1525315979974164481
1525315981329014785
1525315985065988096
1525315989252063232
1525315991487512576
1525315992531832832
1525315999704068097
1525316005018226688
1525316009627746304
1525316009795665925
1525316010756165634
1525316012844777473
1525316018108874753
1525316029290799104
1525316032683966464
1525316040946683904
1525316043144581120
1525316048160948226
1525316056172138498
1525316057862393856
1525316059296894982
1525316063205941248
1525316070676041730
1525316072332791808
1525316076644491268
1525316079035330560
1525316083053383683
1525316085117030400
1525316087662903299
1525316088145268736
1525316089210601473
1525316094784847873
1525316096269729792
1525316097490165760
1525316107791376389
1525316108345036800
1525316113277624323
1525316116519731200
1525316117727543298
1525316125638201344
1525316127118635008
1525316129471840256
1525316131807825922
1525316134089760769
1525316138183401472
1525316139173158912
1525316142356746240
1525316143220772872
1525316148467736576
1525316154759208960
1525316155224858625
1525316156327854080
1525316160635424770
1525316162187317248
1525316162409549824
1525316164187996160
1525316177089777671
1525316178608107520
1525316186292072451
1525316187403452416
1525316189571928064
1525316189513084928
1525316194756087810
1525316198937743360
1525316202557370368
1525316202649817088
1525316206303006723
1525316208752480256
1525316209822027778
1525316212992843778
1525316214972682247
1525316215140392960
1525316220089782273
1525316225609306112
1525316232983023616
1525316234673283075
1525316237911367680
1525316244223696896
1525316246316716033
1525316246517981187
1525316248384376832
1525316253291884546
1525316255036903424
1525316258203410439
1525316258425712642
1525316261130936320
1525316261688770562
1525316264553586689
1525316272992374784
1525316277698535424
1525316297160015872
1525316298523267073
1525316298934198272
1525316305338998784
1525316308409131010
1525316314281041921
1525316329921662976
1525316332346040320
1525316334967463937
1525316335403778049
1525316339723911174
1525316341296680960
1525316344392167424
1525316344824176642
1525316346069848064
1525316352348913665
1525316362993909760
1525316375182450689
1525316376243716097
1525316383117963264
1525316383826911235
1525316383936024576
1525316386372861952
1525316388331601923
1525316391364177920
1525316402890035207
1525316410087440385
1525316420980056064
1525316428324343808
1525316431155298304
1525316430152929280
1525316441158782977
1525316441091846145
1525316451778842625
1525316460112904192
1525316461685837824
1525316464214822914
1525316466333356035
1525316470976167936
1525316475212681216
1525316475866972160
1525316480287625220
1525316481055170567
1525316482145583104
1525316483408183296
1525316485169565698
1525316485631119361
1525316485987479554
1525316486981734403
1525316488608919552
1525316490152488961
1525316491834449921
1525316491297497094
1525316496095952897
1525316500168445952
1525316502311903234
1525316503461105664
1525316506162188290
1525316506887901189
1525316518598389760
1525316521974710272
1525316522989735938
1525316523241394176
1525316523732226050
1525316524080340992
1525316526810746881
1525316528333131776
1525316529092534273
1525316529121787905
1525316529587425281
1525316535329468417
1525316543403499521
1525316544632438786
1525316547287343107
1525316548902240256
1525316551859052544
1525316555256602626
1525316564077133824
1525316566576939009
1525316567210135556
1525316569894723585
1525316574135169024
1525316579054993409
1525316579071868929
1525316583886815232
1525316584851623943
1525316589603667969
1525316589872201728
1525316590983577600
1525316593013727234
1525316599263031296
1525316599938433024
1525316609052659712
1525316612718485505
1525316614287138817
1525316617302904833
1525316620729692163
1525316621010608129
1525316621358751744
1525316624856797185
1525316625536372736
1525316626693992448
1525316627285176320
1525316627205701637
1525316629365567488
1525316634809929728
1525316644914049024
1525316645446721537
1525316655601045504
1525316655907225601
1525316659053043713
1525316662198673408
1525316663117332481
1525316663113134081
1525316665705127937
1525316675331149824
1525316680729124864
1525316681513390081
1525316681786171392
1525316683409379328
1525316691831492608
1525316693085626373
1525316694826176512
1525316707471998976
1525316713427783680
1525316717970219008
1525316718255607810
1525316725561913345
1525316728141623296
1525316732335927298
1525316734630211584
1525316739155775489
1525316740909080576
1525316742511067136
1525316747678695424
1525316749670813697
1525316754871754752
1525316760618029056
1525316765588328448
1525316775734222848
1525316778246737920
1525316782487216129
1525316783867334656
1525316784236253186
1525316785024663554
1525316790661808137
1525316793262215168
1525316797028872192
1525316799935369221
1525316800929759234
1525316803467132929
1525316806562422786
1525316817924698112
1525316820399403012
1525316824769867776
1525316824811851776
1525316825554092032
1525316831195578368
1525316833355636737
1525316833682853889
1525316834685243392
1525316840620183553
1525316842469969920
1525316844806094849
1525316853131882496
1525316856403353600
1525316859855241216
1525316860937441285
1525316863248551936
1525316863919632390
1525316864230006784
1525316864494260225
1525316866733907968
1525316873583087620
1525316874375811073
1525316875378470914
1525316881397211136
1525316884849098754
1525316885729816576
1525316892835078144
1525316892533071876
1525316897985777665
1525316898812043265
1525316904809799681
1525316905480880131
1525316905631891462
1525316910237237250
1525316923554246657
1525316928671195136
1525316929757519872
1525316931523268609
1525316932513288193
1525316934442565632
1525316935017279492
1525316939660369920
1525316940033667072
1525316944886484992
1525316947075809281
1525316948476801025
1525316953249914882
1525316957003816960
1525316965111300096
1525316967732633602
1525316975077085184
1525316975882293248
1525316979007053824
1525316986355339265
1525316988821721088
1525316990029660162
1525316991510274048
1525316994802667520
1525317000636948481
1525317002688188416
1525317004152000513
1525317004357402624
1525317010216914944
1525317014214041600
1525317015375847424
1525317018236375046
1525317018647511040
1525317020224524290
1525317020614397952
1525317020954263553
1525317021558259713
1525317021549875201
1525317021944238081
1525317030085369856
1525317032001949696
1525317031939125248
1525317031838461952
1525317038897520640
1525317039367368704
1525317039652585472
1525317039681785856
1525317047697166338
1525317049693753345
1525317054118625280
1525317055611904005
1525317057557979136
1525317058044510211
1525317064499642368
1525317071571124225
1525317073014247424
1525317074339643393
1525317078336655361
1525317080999989248
1525317082463842308
1525317082883452928
1525317084527439874
1525317093264175104
1525317095327686656
1525317097257156608
1525317099618717697
1525317099555540992
1525317100796923905
1525317104106450947
1525317104567713792
1525317104852934658
1525317109127028736
1525317109772963845
1525317117913989124
1525317117960134656
1525317119516332035
1525317122120982528
1525317126189367304
1525317130631229441
1525317131092365312
1525317137459445766
1525317138491363333
1525317139162333184
1525317142815510528
1525317147320270849
1525317149983657984
1525317151854403584
1525317164961517568
1525317166001704960
1525317171756384256
1525317173400543232
1525317183332548608
1525317184938967040
1525317186117591040
1525317186356756481
1525317186872651778
1525317187765927937
1525317190207119362
1525317211925237760
1525317212260769794
1525317220691107841
1525317228865982466
1525317231638261760
1525317232879882240
1525317235308433408
1525317240064774145
1525317242787078144
1525317242614857728
1525317248101007361
1525317250550480896
1525317263166885888
1525317263997427712
1525317264316178432
1525317267944243200
1525317280879493120
1525317284587249664
1525317287439261696
1525317287854620672
1525317288672509952
1525317290123665408
1525317291151351808
1525317291407179778
1525317292170653696
1525317296499171334
1525317298227380224
1525317298822733824
1525317302610235393
1525317305495855104
1525317305965633537
1525317306301263878
1525317313205002240
1525317313637015552
1525317318632521729
1525317318888275969
1525317320045998081
1525317322717556736
1525317323535548416
1525317326849069057
1525317335325753344
1525317337863401474
1525317342388834304
1525317342770520065
1525317345375358976
1525317346595852288
1525317349171073025
1525317354841858048
1525317355559067650
1525317362576109569
1525317371275141120
1525317380934705153
1525317381236596736
1525317382402629632
1525317383488929793
1525317392884113409
1525317395828834305
1525317396319412226
1525317397623844864
1525317406461030400
1525317407220408320
1525317415441248256
1525317416292605952
1525317417508999168
1525317421359194112
1525317430897147904
1525317431983472640
1525317435951394816
1525317439310946304
1525317441601130496
1525317446290362368
1525317460160815104
1525317461154975745
1525317462199263233
1525317469233197059
1525317472773095431
1525317480633225220
1525317489512435717
1525317497112514561
1525317498995806210
1525317502254952448
1525317505438318594
1525317506071547904
1525317506482769920
1525317512719503360
1525317513227247616
1525317515366244354
1525317518923075584
1525317519782858753
1525317520571486208
1525317521745797121
1525317522563670016
1525317523264110594
1525317525189185536
1525317527944962048
1525317533926031361
1525317539647131654
1525317544336302080
1525317546060177408
1525317548878749697
1525317551709999104
1525317551999406083
1525317552108355585
1525317554188832769
1525317555228909569
1525317558034915328
1525317559343407106
1525317562178932738
1525317564833976321
1525317565513629696
1525317566645751808
1525317566746468352
1525317573318934528
1525317574564642817
1525317574585733120
1525317575550312449
1525317575814459392
1525317576943095808
1525317581611188226
1525317582546518016
1525317582932348928
1525317583418888195
1525317585499312128
1525317586115870720
1525317588422729729
1525317589420883968
1525317592348512256
1525317593590005760
1525317602209595392
1525317603513835520
1525317603559874560
1525317618818813958
1525317620165394432
1525317624640462848
1525317625898799104
1525317634950045701
1525317639261900800
1525317639706492928
1525317644269797376
1525317646597627904
1525317651333009408
1525317652058542086
1525317657838465025
1525317659822366722
1525317660938055681
1525317661437173761
1525317670467698688
1525317671553798146
1525317672975704065
1525317677614497794
1525317682878369792
1525317685315354625
1525317689492783104
1525317692869160961
1525317694580396033
1525317699290771456
1525317699160748033
1525317704915292160
1525317706739863552
1525317711663927297
1525317711622029314
1525317730202636288
1525317733189140480
1525317735181328386
1525317735248437248
1525317741485469697
1525317743448301568
1525317745264537601
1525317756006055937
1525317756731768833
1525317761458745345
1525317764411363328
1525317772166701057
1525317777057275905
1525317782920843265
1525317785542397952
1525317792488038401
1525317792471207937
1525317792802693120
1525317793285033991
1525317793444511745
1525317802470547456
1525317803179249666
1525317808971689989
1525317809382752257
1525317812016844800
1525317813568786432
1525317814298501123
1525317820334096385
1525317820778700800
1525317821458223104
1525317821546254338
1525317822590558208
1525317824251670528
1525317828529766400
1525317829683253251
1525317831591489536
1525317834875801600
1525317835940978688
1525317838319280128
1525317840437399554
1525317840710119424
1525317849258119168
1525317854761046017
1525317855989751808
1525317856346488833
1525317864890187777
1525317865049661440
1525317866374897664
1525317867604164608
1525317870179299328
1525317878253334529
1525317886935552000
1525317897215741952
1525317903641415680
1525317905566801922
1525317912202035200
1525317913988800513
1525317921051910145
1525317931898380291
1525317933597085696
1525317936688287744
1525317940303777792
1525317947312328704
1525317948411461633
1525317953650139136
1525317957680697344
1525317960797196288
1525317963338944512
1525317965092208641
1525317976391548929
1525317982368542722
1525317989301489664
1525317991361290240
1525318015197360129
1525318018590511104
1525318027075416065
1525318028627419137
1525318029478875137
1525318029860552705
1525318030720663552
1525318031076904960
1525318033207705600
1525318035078230016
1525318037561552897
1525318045253652480
1525318057266118656
1525318060265066497
1525318065776361472
1525318068615905280
1525318072088657922
1525318077767884802
1525318079223324672
1525318083614851073
1525318092901036032
1525318093521707009
1525318096076083200
1525318096608690177
1525318097170796544
1525318100899471362
1525318105471279105
1525318106264092675
1525318114749165568
1525318120730157056
1525318124186353665
1525318126723706880
1525318126941904898
1525318129156513792
1525318129353736192
1525318129538195457
1525318132037976069
1525318141017935872
1525318145006874626
1525318145434472449
1525318145589886976
1525318154766929920
1525318155517800448
1525318158206357505
1525318173175709696
1525318174895398918
1525318176203976704
1525318177810313216
1525318182600429568
1525318183682560000
1525318187759411200
1525318191370579968
1525318191408418816
1525318192184188928
1525318202858913792
1525318203265560576
1525318203953532929
1525318217387982849
1525318220995076096
1525318223457046528
1525318224346226690
1525318226233761793
1525318228385333249
1525318229723435008
1525318232332181512
1525318232743231490
1525318240091742208
1525318242276974592
1525318247016370176
1525318258945138691
1525318261226741760
1525318261096599552
1525318273360961536
1525318275676131328
1525318277349658627
1525318282076725248
1525318286308741121
1525318287265251328
1525318299373953025
1525318303387983874
1525318303836692485
1525318307460460544
1525318309293563905
1525318316692226048
1525318320035139584
1525318321838620672
1525318323063373824
1525318326049726465
1525318329765961729
1525318329938096129
1525318331284303872
1525318333641392128
1525318338024460288
1525318347239264258
1525318350393462785
1525318353220411392
1525318354852057088
1525318355040755717
1525318355154092032
1525318365463601153
1525318367208431617
1525318369074765824
1525318369767227392
1525318369947312128
1525318379745251328
1525318379808210945
1525318380449931264
1525318381934718976
1525318387496275968
1525318387563364353
1525318393305481221
1525318394261786624
1525318395054510080
1525318396019150848
1525318396585426945
1525318400154607616
1525318400192438274
1525318400326569986
1525318402197307393
1525318403816308737
1525318409231257600
1525318411798167553
1525318413014409218
1525318418001428481
1525318418634776576
1525318419515486209
1525318420383813635
1525318422078361602
1525318423588241412
1525318424880095233
1525318425504952320
1525318431284908032
1525318432106942464
1525318432752906242
1525318450360377344
1525318450716942338
1525318453346844672
1525318454567370754
1525318456614301697
1525318458770079744
1525318459118198784
1525318460175171584
1525318462100234241
1525318462339358720
1525318464772218881
1525318469075484672
1525318469515825152
1525318470182871041
1525318470052741121
1525318470824513537
1525318475350167552
1525318475782279174
1525318476889436162
1525318476822454272
1525318477573242883
1525318479326244864
1525318480475541504
1525318484783247360
1525318487123582976
1525318493566124035
1525318495793123328
1525318497168986113
1525318500058902528
1525318507537354752
1525318508078325760
1525318515695267840
1525318517163282433
1525318521164546050
1525318521852510209
1525318522682986497
1525318523035205633
1525318525753217026
1525318527376207872
1525318531889483777
1525318535551102982
1525318537820217346
1525318546150117377
1525318564953088000
1525318569642250242
1525318569910738944
1525318574230888448
1525318581621297152
1525318583328604161
1525318592526438401
1525318604048187392
1525318608116584448
1525318608968032256
1525318612587773953
1525318613183381504
1525318617700503552
1525318619223105537
1525318622180044800
1525318622368890881
1525318635371532288
1525318639037173760
1525318643470540802
1525318643948584966
1525318644133158912
1525318644464553985
1525318644670124032
1525318646830141441
1525318647798980609
1525318648113553411
1525318647945875460
1525318650932101125
1525318655893987328
1525318657542340611
1525318657953386497
1525318660381974528
1525318661036298241
1525318662617501696
1525318671094239232
1525318677926658050
1525318680791367680
1525318682129440768
1525318682641158144
1525318683572183041
1525318684075499521
1525318684583010305
1525318688378953729
1525318688559222785
1525318688345292834
1525318693961465856
1525318694494248964
1525318695697915904
1525318699716071425
1525318705474838528
1525318708184461313
1525318709807616000
1525318710579572736
1525318721077641218
1525318727151017984
1525318737838104577
1525318742221242369
1525318743429029888
1525318745954058240
1525318747845758977
1525318748743294976
1525318749867458560
1525318750156869632
1525318750555234305
1525318751381504000
1525318753050890242
1525318753549963265
1525318765784735745
1525318766875267072
1525318771216371713
1525318771904233472
1525318775922360325
1525318777080094720
1525318784696844291
1525318785955254276
1525318786135506952
1525318786596757505
1525318791055515648
1525318791462195201
1525318791789281280
1525318792192184320
1525318793416912898
1525318796881305600
1525318797854445572
1525318804150034433
1525318811322286081
1525318813721542656
1525318819484471298
1525318821715787776
1525318822911262722
1525318824962273281
1525318826082062336
1525318829039034370
1525318834235785216
1525318837364838402
1525318840355266560
1525318851805777921
1525318852699205633
1525318854523637760
1525318855232344066
1525318859707650048
1525318863826608130
1525318866607513601
1525318868108988417
1525318870319304704
1525318871703506944
1525318875302309888
1525318877013499905
1525318877235773440
1525318880926875648
1525318882692681729
1525318885603516416
1525318885632794626
1525318886408835073
1525318889411780608
1525318889462169601
1525318898903556096
1525318899016691717
1525318906499551233
1525318910907666432
1525318922840547328
1525318936694337536
1525318936685957121
1525318937608884224
1525318947427733505
1525318948564221953
1525318951902773248
1525318959796473857
1525318961037864960
1525318964179525632
1525318973360951296
1525318974212390914
1525318975638355968
1525318984047939585
1525318985188888576
1525319000506478592
1525319004755214337
1525319006273560578
1525319010128121857
1525319030856376320
1525319033268084739
1525319038335070208
1525319040234815488
1525319040935284741
1525319042168496128
1525319044131442688
1525319049785266176
1525319054633967616
1525319055367872512
1525319059109183489
1525319059159531520
1525319060208381953
1525319073474785286
1525319073873133569
1525319081460637696
1525319082177875968
1525319084455378944
1525319087504629762
1525319088922304512
1525319098674061313
1525319100582400000
1525319108132208641
1525319113165389826
1525319118055952384
1525319118458703872
1525319121289613314
1525319121755197440
1525319122682355713
1525319123076538368
1525319124234121218
1525319126603821056
1525319126901719040
1525319139077791744
1525319146145206273
1525319147114184704
1525319147076329473
1525319147562930176
1525319152562491393
1525319153061601280
1525319154105995265
1525319155486011395
1525319163488657408
1525319169587220485
1525319174754549766
1525319176671354880
1525319182879014913
1525319185181691907
1525319185798242304
1525319187551354881
1525319193901637632
1525319194748796928
1525319196254605312
1525319204001525766
1525319205419196416
1525319206849286144
1525319214613012486
1525319215372189701
1525319220162076672
1525319221420466177
1525319225639849984
1525319235743862786
1525319237014736896
1525319242668724224
1525319251204407297
1525319252013719552
1525319260301451266
1525319263040548864
1525319266169397248
1525319266899066881
1525319268388200448
1525319271135465472
1525319276307136519
1525319278768967681
1525319281361268736
1525319283043074051
1525319285924667392
1525319286763290624
1525319298885029888
1525319301741391874
1525319307537817601
1525319309127565312
1525319310918533121
1525319312709386244
1525319316085915648
1525319317415510017
1525319320116535297
1525319324453330944
1525319329289576448
1525319338626101248
1525319341901684737
1525319343524958209
1525319347765387265
1525319349640171520
1525319351510831107
1525319352798564352
1525319361044664320
1525319361963212800
1525319370964082688
1525319372427800576
1525319378052427781
1525319390765391873
1525319392535318528
1525319403780333568
1525319408943513601
1525319409518010369
1525319410189221890
1525319412806561794
1525319413423128576
1525319415960678400
1525319424537935877
1525319424617717760
1525319426567970818
1525319428266766337
1525319433601921024
1525319439356690432
1525319445094092801
1525319445710872579
1525319448235630592
1525319451255746561
1525319457895481344
1525319460201979906
1525319475024756738
1525319476232654851
1525319477713244160
1525319480645230596
1525319481429569536
1525319482888945665
1525319486156460033
1525319487242883072
1525319490233409538
1525319496914845696
1525319501310484489
1525319501495033856
1525319504053641216
1525319507291561984
1525319509682188288
1525319509954809857
1525319511464890369
1525319512190599174
1525319522252644353
1525319522592374785
1525319527889879040
1525319528355246080
1525319530696024064
1525319531136262144
1525319534546079745
1525319535779143680
1525319537280679936
1525319541777059843
1525319544151060481
1525319545031798784
1525319548299546624
1525319550132101122
1525319556599775232
1525319557308682241
1525319561813233664
1525319563184840705
1525319563352612864
1525319565093359617
1525319566221623296
1525319567203082241
1525319569593753601
1525319569971331072
1525319571540004866
1525319573465141249
1525319576287944704
1525319577436950529
1525319577827037184
1525319577768382464
1525319579223871488
1525319583342530560
1525319584424804352
1525319588786970625
1525319590238093314
1525319593924894721
1525319601537490946
1525319609326260224
1525319612140765185
1525319613508112384
1525319614195965957
1525319618352533504
1525319620273377281
1525319622911827968
1525319625625456643
1525319628850970625
1525319638992797701
1525319639697326083
1525319641169481731
1525319642000068613
1525319642641727490
1525319642918559745
1525319647423107072
1525319649310789632
1525319653517668353
1525319653593165824
1525319659158876160
1525319660106817536
1525319662573174785
1525319664854761472
1525319681703395328
1525319682445672449
1525319682374475776
1525319688502226944
1525319691123802113
1525319694676217856
1525319694693146626
1525319698547712000
1525319698933600256
1525319699621462016
1525319702028886016
1525319707724857344
1525319709813612546
1525319712346976258
1525319713206767617
1525319714058256384
1525319714192384000
1525319718055206913
1525319724204183553
1525319725319868417
1525319727664758784
1525319727853223941
1525319733465059329
1525319737907023872
1525319738397806593
1525319749445505024
1525319755011395584
1525319755363667971
1525319758924681217
1525319759499513856
1525319759612502022
1525319761260953601
1525319761764433920
1525319766398971906
1525319770106626050
1525319773785145346
1525319774540296193
1525319781716480000
1525319802956439552
1525319803388428289
1525319805422784512
1525319805934260224
1525319808593674241
1525319812238479363
1525319812511158272
1525319814532812800
1525319817066061826
1525319819595333634
1525319820580818945
1525319821629476866
1525319822979919872
1525319824360067072
1525319828705255424
1525319830936625154
1525319832329396224
1525319836347338753
1525319838561931270
1525319844882575361
1525319846031925254
1525319850750529536
1525319855057928192
1525319858933620737
1525319859965411328
1525319863798996992
1525319867536121857
1525319869339783169
1525319877619515393
1525319882014920706
1525319883122167810
1525319887601680384
1525319888298037248
1525319889874993154
1525319893142458369
1525319893972701185
1525319900667027457
1525319902533324801
1525319903372267526
1525319904206938112
1525319907658846210
1525319910691426304
1525319911492440065
1525319911614054400
1525319914290040832
1525319921902702593
1525319925291700225
1525319925807689729
1525319926843592715
1525319932002574337
1525319935962103808
1525319937421676545
1525319939682209792
1525319942798729216
1525319952034680833
1525319953980608512
1525319954232446976
1525319955935334403
1525319955805220864
1525319963187326976
1525319965787705346
1525319966954000384
1525319967624904704
1525319967746314240
1525319972586668032
1525319972859289601
1525319974881046531
1525319975115927552
1525319979943579648
1525319982397243392
1525319985345744896
1525319987661090816
1525319990194446336
1525319991188410369
1525319991536631809
1525319992924942336
1525319993654554624
1525319995978579968
1525319997425434624
1525319999564533760
1525320001154064384
1525320002387050497
1525320002664075267
1525320004492746752
1525320004815790080
1525320008531730436
1525320014580129792
1525320014638813184
1525320015058182144
1525320015557210113
1525320016782295040
1525320017948160000
1525320021249081344
1525320037053222913
1525320039070855168
1525320041654362112
1525320041750663169
1525320047031332864
1525320048277176321
1525320050361737216
1525320053750628352
1525320056615206912
1525320057496166400
1525320060360966145
1525320060453421056
1525320064144224263
1525320064546783232
1525320065029218305
1525320065658130432
1525320065876254720
1525320066174263296
1525320073912762369
1525320074747428865
1525320075275816961
1525320075821010944
1525320076643119104
1525320077054480385
1525320084163465216
1525320084889120768
1525320086369845248
1525320090119712768
1525320092480831488
1525320093202366464
1525320095823708161
1525320098386436096
1525320101326688256
1525320105730707456
1525320106074513408
1525320107672707072
1525320108737978368
1525320109920862208
1525320110629691392
1525320111669796864
1525320112743583746
1525320114366992384
1525320120347742209
1525320123480932352
1525320124298891264
1525320124906995714
1525320125502861313
1525320129076252673
1525320130061914112
1525320130720419842
1525320131399884801
1525320131949346816
1525320132918231045
1525320135669600257
1525320137502601216
1525320137326436352
1525320143051497472
1525320146797084674
1525320148499935232
1525320148785278976
1525320152723640320
1525320153105416192
1525320156414676992
1525320159040356353
1525320160994803712
1525320161762344960
1525320164245487616
1525320164350345216
1525320169710559232
1525320169819611136
1525320171870879745
1525320173736972288
1525320179848478720
1525320184113905664
1525320187117027328
1525320189193211905
1525320190447308800
1525320191386820608
1525320191432859648
1525320193232232449
1525320193513246720
1525320193764892673
1525320197850206209
1525320198005350401
1525320199494324224
1525320199792214019
1525320200631066624
1525320206402621442
1525320208079958016
1525320208671379456
1525320211913506816
1525320213155160065
1525320217517182976
1525320217534124032
1525320217974345728
1525320228464635904
1525320228430917635
1525320230662176769
1525320234009300992
1525320235796025345
1525320242607423488
1525320244339695616
1525320246105612289
1525320250060939265
1525320250316754947
1525320252191428609
1525320253625929729
1525320258092994561
1525320260215263237
1525320263176491010
1525320263918768129
1525320272756105216
1525320273712807938
1525320279412510721
1525320286807248896
1525320287109140480
1525320288342364160
1525320288895963137
1525320294990516224
1525320296932179969
1525320297049726976
1525320298198880262
1525320298916024322
1525320303869427714
1525320306558214153
1525320310316322818
1525320313088659456
1525320317178093569
1525320317828308993
1525320322307735553
1525320325604724737
1525320332336418816
1525320333049442304
1525320344189509632
1525320345485451264
1525320347922444288
1525320349583233024
1525320349763657728
1525320350862659584
1525320351072264192
1525320353681133568
1525320357670002689
1525320362438836224
1525320363948838915
1525320373021159424
1525320373939716098
1525320374476386304
1525320375453769728
1525320377135955968
1525320376817008642
1525320381384511489
1525320381493542912
1525320386245984256
1525320392528756736
1525320396676943876
1525320398421823488
1525320404151197698
1525320407146012672
1525320408462942208
1525320409746399233
1525320416717426690
1525320416792924160
1525320425172979712
1525320431192121344
1525320439031074816
1525320440188751872
1525320440826183681
1525320452448477184
1525320453530722305
1525320457662111744
1525320462363934721
1525320464695975936
1525320464775749635
1525320468043268096
1525320472430366721
1525320472291905537
1525320474711969792
1525320476414791680
1525320477182308352
1525320479258644480
1525320483000012800
1525320486162419713
1525320487189958657
1525320488880324608
1525320490079887361
1525320490587328513
1525320491741093888
1525320500154703878
1525320507792719873
1525320510346825728
1525320511084933120
1525320511437283328
1525320512431435777
1525320513647742981
1525320518542540800
1525320519196848128
1525320521029541888
1525320523097456641
1525320531502940160
1525320532496986113
1525320537219661826
1525320541657305089
1525320541980196864
1525320550033203200
1525320553938182145
1525320555125145606
1525320561504796674
1525320565799718913
1525320572384731138
1525320573823459333
1525320578957197313
1525320581981343744
1525320588750888960
1525320590357409792
1525320592920043520
1525320599920422912
1525320608367620100
1525320613128175616
1525320616210989056
1525320616370487299
1525320621453975552
1525320626793226241
1525320633772548098
1525320640575819776
1525320641590722560
1525320652101664769
1525320654748278785
1525320655407034368
1525320655830392832
1525320656530833409
1525320659156586496
1525320659102052354
1525320659399716864
1525320662113730560
1525320662453305346
1525320666932981761
1525320668094599168
1525320668786589697
1525320677426872320
1525320681327669248
1525320684859187201
1525320686025461761
1525320687438667782
1525320688218816512
1525320689837715457
1525320690152394752
1525320694208286720
1525320695533735936
1525320695693049856
1525320699228872704
1525320699291762688
1525320700411752450
1525320702261338112
1525320702492037120
1525320706946482176
1525320711752912896
1525320719327973376
1525320720204668928
1525320720812756993
1525320724084273153
1525320725665615873
1525320727536312320
1525320728257515520
1525320742438547458
1525320742786703361
1525320743743102976
1525320747970863106
1525320751150206976
1525320752089780225
1525320753926635527
1525320766794891265
1525320772985794560
1525320777578463232
1525320778614439938
1525320782565580800
1525320784742273024
1525320786449506305
1525320787074240512
1525320787149721600
1525320787858804736
1525320788898852867
1525320789905620992
1525320790002089984
1525320792069873665
1525320793403666433
1525320798709370880
1525320801037197317
1525320801762914308
1525320805386801152
1525320806301155330
1525320807894749184
1525320816841334785
1525320817512312833
1525320819391463426
1525320821358702593
1525320822482685954
1525320824743419905
1525320830380548096
1525320836974092289
1525320839503175682
1525320841948299265
1525320842284081157
1525320848181190658
1525320850206887937
1525320852434169856
1525320852664893442
1525320861103837189
1525320861523263489
1525320862630563842
1525320864430006273
1525320866833354752
1525320869928656897
1525320872931864581
1525320873053495296
1525320878053015553
1525320884717690882
1525320887410601984
1525320891143438338
1525320892426948610
1525320902589796352
1525320909103439873
1525320911427145729
1525320914589478914
1525320920151498752
1525320927952744448
1525320930796285956
1525320930926501889
1525320930909634563
1525320932579069952
1525320935498301440
1525320941265461248
1525320943316488193
1525320952334147584
1525320952543854592
1525320954452541441
1525320957362987009
1525320959061905409
1525320961217728515
1525320961427374080
1525320963344277504
1525320966850719744
1525320968603848708
1525320974857449472
1525320978460340224
1525320979714539522
1525320982877159424
1525320983871201285
1525320984831868930
1525320985053888512
1525320990799998977
1525320991899103232
1525320993341849600
1525320997808873472
1525320999104876545
1525321008441307136
1525321012732116992
1525321014820982784
1525321019535368194
1525321022261575681
1525321023188508675
1525321024786550784
1525321024765665280
1525321024916672512
1525321025507819522
1525321031820496897
1525321033779138561
1525321038451593217
1525321039898898432
1525321039877746688
1525321042172035072
1525321042591358976
1525321044956893185
1525321057917407233
1525321058630266880
1525321059502903297
1525321061193089025
1525321061990027264
1525321063881707521
1525321070642970624
1525321072199012352
1525321073805467648
1525321076187832320
1525321075986399235
1525321081577414661
1525321085297864705
1525321086153285632
1525321087168368640
1525321088804298752
1525321100388749313
1525321104805572610
1525321107254935552
1525321108215545857
1525321113299038208
1525321114829959168
1525321124019638272
1525321126024515585
1525321126477373440
1525321130650882049
1525321133050015744
1525321135205888003
1525321142453448704
1525321143468556288
1525321143791808512
1525321145691561987
1525321148443295744
1525321153027444736
1525321154046607360
1525321155443167232
1525321155539832832
1525321163009835009
1525321167854239744
1525321168038907904
1525321173172736000
1525321175034994689
1525321182853189634
1525321182378987520
1525321183314444288
1525321185646493697
1525321186141413376
1525321186951024642
1525321190184730626
1525321193003286528
1525321197705101312
1525321201031299072
1525321205925961728
1525321210736918528
1525321212867518464
1525321216726290433
1525321221205807104
1525321222178971648
1525321223500189696
1525321226650112001
1525321227253997568
1525321229564989440
1525321231540490241
1525321237509337088
1525321248582123520
1525321251987804163
1525321253409546241
1525321254571581440
1525321257243267074
1525321259277594626
1525321261508923392
1525321261047549952
1525321262238777345
1525321267917758466
1525321269658279938
1525321269977067521
1525321270643937280
1525321272862941185
1525321274918051840
1525321280584658945
1525321285030535168
1525321285672108032
1525321285881978880
1525321288495120385
1525321288595783681
1525321288981659648
1525321289552252928
1525321290105888770
1525321291796029440
1525321296162213889
1525321298007793664
1525321306698395648
1525321308203929601
1525321314671767552
1525321316315844612
1525321317158899712
1525321319595888646
1525321324192845826
1525321324406652928
1525321325362831360
1525321334988972033
1525321342316429315
1525321351384518659
1525321356195381250
1525321361467523073
1525321363480842240
1525321363929436161
1525321366257520640
1525321370472787968
1525321375187193856
1525321375719776257
1525321376520933381
1525321376906637312
1525321377691074561
1525321377896538112
1525321378295160833
1525321380480286721
1525321382460293120
1525321384771129344
1525321390399836165
1525321397488304130
1525321400608759808
1525321401258987521
1525321403452514304
1525321405348429825
1525321405352800256
1525321409144033281
1525321409437876225
1525321410817712130
1525321428509331456
1525321430035996672
1525321434448506880
1525321435249451008
1525321441989861376
1525321442375737344
1525321447698202626
1525321448004276225
1525321459425492992
1525321459706605569
1525321462688759810
1525321469835677697
1525321470246780928
1525321472784445441
1525321474155827200
1525321474822774785
1525321475938721792
1525321479264448512
1525321480946561025
1525321482745876480
1525321489532211200
1525321490530459650
1525321493831462914
1525321494154383360
1525321495580401664
1525321499380432896
1525321502903742465
1525321506724663296
1525321507337019394
1525321507655716865
1525321509769728000
1525321512860909568
1525321514140127232
1525321516010831872
1525321519131463681
1525321522251956225
1525321527406776321
1525321533903753224
1525321538072940544
1525321541877174272
1525321542107897856
1525321542187352065
1525321543001178114
1525321545375162370
1525321546037878784
1525321548923408384
1525321550085472256
1525321551192772608
1525321552543289349
1525321553189249025
1525321555987038208
1525321557991739392
1525321559338110977
1525321559841570816
1525321563326889984
1525321568246956032
1525321576249536512
1525321579948920833
1525321582188584965
1525321582280704001
1525321585128656896
1525321588559577088
1525321591642632193
1525321591785242625
1525321597506174976
1525321598038835201
1525321599221743617
1525321600442179584
1525321602308636672
1525321605190123520
1525321608981798913
1525321609619324929
1525321612043722752
1525321618519740416
1525321621568999425
1525321623213166592
1525321625226338306
1525321625599496192
1525321630288838657
1525321631303749632
1525321631576387584
1525321631702437889
1525321654368452609
1525321655190536193
1525321656452923393
1525321658873139200
1525321660701745152
1525321660768956416
1525321663021101059
1525321666238218240
1525321667572027392
1525321668654157824
1525321672341000192
1525321673682976768
1525321675822211072
1525321682390552576
1525321685624311808
1525321686316351489
1525321687742525440
1525321692582924288
1525321696277823490
1525321696672108544
1525321699000205313
1525321700014948354
1525321701189373953
1525321703575928832
1525321705782136832
1525321706281218049
1525321707115921408
1525321714892169217
1525321715336855553
1525321719082373122
1525321720524992512
1525321721913425922
1525321724576800768
1525321726388711425
1525321730465615872
1525321734554996740
1525321736417431552
1525321740850634752
1525321741203132418
1525321742838689793
1525321745179328514
1525321746546577408
1525321747184046083
1525321748958396416
1525321751499943939
1525321752368529409
1525321758819110912
1525321759939080192
1525321760874369029
1525321762371780609
1525321768243806208
1525321768721858567
1525321768939925504
1525321768897875969
1525321770303119361
1525321771410391043
1525321779996246016
1525321782009667584
1525321786002485250
1525321786187038721
1525321798299947010
1525321799172603907
1525321802326605830
1525321802922311680
1525321806210650113
1525321808546779137
1525321810417709056
1525321815240982530
1525321816662761473
1525321816906006530
1525321821825933313
1525321826704011264
1525321828712845312
1525321833255514113
1525321833930711040
1525321834526294017
1525321835923091456
1525321837928136705
1525321839366619136
1525321839744266240
1525321844403933191
1525321853618868226
1525321854063284226
1525321854851895299
1525321856416468992
1525321858064719872
1525321858664505345
1525321858920648704
1525321859059040256
1525321861701066753
1525321865052528640
1525321865400528898
1525321876557512704
1525321878583267328
1525321888943296514
1525321892118265856
1525321893733093376
1525321899152183296
1525321899311505414
1525321899584135169
1525321902574673921
1525321906894815232
1525321909621096448
1525321910082760704
1525321910673866753
1525321912104148992
1525321913551101953
1525321917451878400
1525321925341372417
1525321926729576448
1525321930466893825
1525321930882134016
1525321931536351232
1525321935709782018
1525321935726551041
1525321938083586048
1525321939065217024
1525321940751339521
1525321943829954560
1525321948934414338
1525321950196899849
1525321952348479488
1525321961588629504
1525321963689885696
1525321966739238912
1525321970157506561
1525321972174966785
1525321972732657664
1525321973668134920
1525321974012157952
1525321974603456513
1525321975173873664
1525321979355594757
1525321981649899521
1525321981813563392
1525321988100739073
1525321990495956992
1525321993528156160
1525321995528855553
1525321995625320448
1525321997567262720
1525321998104141826
1525322002877370368
1525322007444918273
1525322009424474113
1525322010590593028
1525322011135950849
1525322013161795585
1525322013480472577
1525322017058299904
1525322022510804992
1525322025216225281
1525322026914807810
1525322028504559616
1525322032321286144
1525322037178224640
1525322038377955329
1525322038532927489
1525322039892054017
1525322040106000384
1525322045424386049
1525322047517253632
1525322049660538880
1525322049698275328
1525322050335809536
1525322053049470976
1525322053523480576
1525322056178483200
1525322060905463810
1525322064286056450
1525322075698757633
1525322079461158912
1525322081495302144
1525322084074725377
1525322087505829890
1525322093973446658
1525322098473947136
1525322102936678401
1525322103649669122
1525322103817388033
1525322105314693125
1525322105696436224
1525322105818079234
1525322107655180293
1525322107885854722
1525322107902742535
1525322108355723264
1525322110985453569
1525322111153209344
1525322120942612483
1525322121844514816
1525322128161132544
1525322128693805056
1525322129272627200
1525322130887278592
1525322130769989638
1525322137820532736
1525322138038714371
1525322144217014272
1525322146515505153
1525322148415516672
1525322150206373889
1525322150839783424
1525322157483601922
1525322158498619392
1525322161753309189
1525322163389181953
1525322167096852480
1525322170297106434
1525322170481758208
1525322172062846978
1525322173702864896
1525322173635645440
1525322176463007746
1525322178606112769
1525322185572761600
1525322185623146496
1525322190660325377
1525322191834910722
1525322195538522112
1525322200651268099
1525322201758543872
1525322202433961984
1525322203721609216
1525322204208152576
1525322211543891970
1525322213435527170
1525322216098889733
1525322217038532609
1525322229256527875
1525322230808313857
1525322245928787968
1525322247434489856
1525322249808531456
1525322250236243968
1525322263339442178
1525322264799227904
1525322268787855361
1525322273808424960
1525322275049943040
1525322283350368256
1525322283530821632
1525322284126412800
1525322293924270080
1525322295878860800
1525322307878588418
1525322309548007424
1525322309954838530
1525322316615393281
1525322318733529090
1525322319521927169
1525322320977580032
1525322326459486208
1525322328690900993
1525322331991773184
1525322332448821248
1525322339688321025
1525322339960881154
1525322341231824896
1525322342267867137
1525322343148572678
1525322344083898368
1525322351264649216
1525322353886076928
1525322354091597824
1525322358604476416
1525322361494548480
1525322362471731200
1525322363134427137
1525322367458762753
1525322368062742529
1525322368893304834
1525322371204358144
1525322374626828290
1525322376598126592
1525322377474842625
1525322380192645122
1525322381530644481
1525322387671207937
1525322387784355841
1525322387956408321
1525322388765818880
1525322389705396225
1525322389864824835
1525322391148236800
1525322393979437056
1525322396957294593
1525322398249132032
1525322401231294464
1525322402967715842
1525322409402052608
1525322410215493632
1525322413814202371
1525322414841905152
1525322415743680514
1525322418155290624
1525322419795152898
1525322421280063488
1525322422148292608
1525322424601956354
1525322424883060736
1525322426451562496
1525322434420817920
1525322438556659712
1525322439923728385
1525322440439734272
1525322445930041344
1525322451621666816
1525322454247346176
1525322455472132097
1525322457846059014
1525322459544571906
1525322469640380419
1525322470106202112
1525322470638632964
1525322478788263940
1525322478972817408
1525322479673217025
1525322482374397952
1525322482626043904
1525322485855813632
1525322487893872640
1525322491106938881
1525322491262025729
1525322491853279232
1525322495242403841
1525322499612983296
1525322500913377281
1525322501101916162
1525322504218324993
1525322504738328578
1525322505384120322
1525322513978380289
1525322516729696257
1525322525114105856
1525322526469021696
1525322536455655424
1525322537353322497
1525322538452230146
1525322540461211648
1525322543774711808
1525322544177373184
1525322544139616259
1525322552117166082
1525322553593675776
1525322555242221568
1525322558429704192
1525322559427948544
1525322560031731712
1525322564490477573
1525322564574527491
1525322573466288128
1525322588087525377
1525322589094158337
1525322589920342016
1525322591954685952
1525322597747118080
1525322598506168321
1525322600599232513
1525322601173745664
1525322602478182400
1525322604655087616
1525322608601866245
1525322608740270082
1525322612947275778
1525322614926983168
1525322615900061697
1525322620581081088
1525322621360873473
1525322621780361216
1525322622929600513
1525322626591121410
1525322632530432001
1525322634241654787
1525322635277656064
1525322641078423554
1525322641518780416
1525322641678163968
1525322655427092481
1525322661626368000
1525322662544809984
1525322666919481344
1525322668987277312
1525322674553204736
1525322680043438080
1525322687979180037
1525322690474692608
1525322693448454144
1525322694237069314
1525322696078262272
1525322696338333696
1525322697902800897
1525322700054532096
1525322701564530688
1525322703158267906
1525322707826397184
1525322716643049474
1525322720871055360
1525322722351452160
1525322723026735106
1525322723689472000
1525322724859691008
1525322727049293824
1525322727955042305
1525322734766542849
1525322735320444928
1525322749350141952
1525322751124176898
1525322751875067904
1525322755050475520
1525322755528437760
1525322757025718272
1525322760771317760
1525322763300483073
1525322766412566528
1525322772867690496
1525322773689733121
1525322773714698241
1525322774318829568
1525322778873823233
1525322782850031616
1525322787849748480
1525322791473512449
1525322792085991425
1525322792891203585
1525322798448664576
1525322805797076994
1525322806673780737
1525322813829173248
1525322817905909760
1525322817931288577
1525322819147599874
1525322821227913216
1525322825841639424
1525322829394325504
1525322832359485440
1525322836025434112
1525322835970899968
1525322836809760768
1525322838730842113
1525322839628333057
1525322841155022848
1525322848323117057
1525322849182965761
1525322851380711425
1525322853322788865
1525322853964320768
1525322854782406657
1525322859664531456
1525322860134293504
1525322860709003264
1525322868539772930
1525322870175346690
1525322870833852416
1525322874982125568
1525322877628727299
1525322880074108928
1525322892992446464
1525322899086786560
1525322899791433728
1525322900240117761
1525322900521119744
1525322904027553792
1525322908947697665
1525322909421641729
1525322914798927873
1525322918636535808
1525322919366238209
1525322925473206272
1525322926924345344
1525322928916729856
1525322934768005120
1525322939712696321
1525322940887273472
1525322946981507072
1525322947241472001
1525322948608925699
1525322955357622273
1525322958381756416
1525322958796902400
1525322960814358528
1525322963804950528
1525322965633708037
1525322966568927232
1525322967298736130
1525322967537700865
1525322972663357440
1525322981735555076
1525322989541240832
1525322996432482305
1525322999326560256
1525322999418834945
1525323003382202370
1525323016527155202
1525323017147928581
1525323017219457024
1525323018398011393
1525323022034509825
1525323022764220421
1525323026316730369
1525323030074822656
1525323030053912577
1525323030984990721
1525323035779252225
1525323037998034946
1525323041215070210
1525323047791632384
1525323056213803008
1525323064254181376
1525323071376310272
1525323072680734721
1525323073448251393
1525323076552077314
1525323077382438913
1525323080624742400
1525323084986667008
1525323085284622337
1525323094839246850
1525323096542130176
1525323096965758977
1525323099356336130
1525323101998829568
1525323105383612417
1525323107065643008
1525323109657608194
1525323110584442883
1525323112295768064
1525323114162290688
1525323116381016064
1525323116397744128
1525323116406538240
1525323115772903424
1525323118545444865
1525323119354908673
1525323128070602752
1525323130612350982
1525323131652517889
1525323136341790721
1525323136513744896
1525323139072376835
1525323144759746560
1525323145883836417
1525323151566962688
1525323155421765632
1525323164997275648
1525323165928509441
1525323166255616000
1525323169183084544
1525323170189910016
1525323172580626432
1525323173213921282
1525323174832906242
1525323174929383424
1525323182315651074
1525323189101936640
1525323194575593473
1525323195288539140
1525323196907626496
1525323200955043841
1525323201064091649
1525323201978454017
1525323202695770112
1525323204495032320
1525323206038519809
1525323211285618689
1525323211965190146
1525323214829678592
1525323218738987008
1525323223356809223
1525323227123302400
1525323228935294977
1525323229211947009
1525323229384040448
1525323230193537024
1525323238993448960
1525323240096387073
1525323242063417344
1525323243061755907
1525323253014740993
1525323255141216256
1525323257800531968
1525323257682993153
1525323258383454213
1525323259264258049
1525323263253020673
1525323264918183936
1525323272753229824
1525323273340428288
1525323275626156032
1525323277979201537
1525323277903749121
1525323279220629504
1525323290088091648
1525323292860628992
1525323293154324480
1525323297730220033
1525323306286604288
1525323313769242627
1525323313886765056
1525323317242126336
1525323317640560641
1525323317510537218
1525323319968407552
1525323321331572737
1525323325710409729
1525323327115563011
1525323328960860160
1525323330722594818
1525323331548893184
1525323351589281797
1525323351874580480
1525323354001092610
1525323354323968000
1525323358518362112
1525323360200056833
1525323367406002176
1525323369230610432
1525323370644090880
1525323372422365184
1525323373550747650
1525323376272752640
1525323378529292289
1525323379011731457
1525323383675707392
1525323391363850242
1525323391795965952
1525323392626348032
1525323394622930944
1525323395469963264
1525323395948085249
1525323397563092992
1525323400134406144
1525323400108974080
1525323400608194561
1525323404789829633
1525323406056488960
1525323409999159296
1525323414147411971
1525323438407266305
1525323439447351297
1525323439812362240
1525323442953895942
1525323443415224323
1525323451698921472
1525323451711504385
1525323454542598144
1525323454509096966
1525323457558466560
1525323458997002240
1525323460775399424
1525323464646746114
1525323467637260288
1525323474998218752
1525323477879869440
1525323480882888704
1525323485307977734
1525323486155137026
1525323487421861888
1525323489196052481
1525323489619628032
1525323489908883457
1525323496431263744
1525323502403952640
1525323503477657600
1525323508422696961
1525323508590399488
1525323509311979520
1525323511962681344
1525323513770516481
1525323518237360128
1525323521769054208
1525323522519736327
1525323523040116736
1525323523631087616
1525323524453421056
1525323526017794048
1525323526785208321
1525323529620574209
1525323532703391744
1525323535132024833
1525323540861358081
1525323541050277888
1525323541901500416
1525323542354591745
1525323545223602178
1525323551095627778
1525323552588693505
1525323553696059392
1525323559530373120
1525323565213667329
1525323565989515264
1525323567310815235
1525323568640303104
1525323569437319169
1525323570510962688
1525323570846523392
1525323579600019456
1525323582204788741
1525323586873044993
1525323589096022016
1525323590312333314
1525323594871586816
1525323599241961473
1525323599585976320
1525323600282132480
1525323601078915077
1525323602010091520
1525323605202112515
1525323605508096000
1525323606649077762
1525323609379549184
1525323611183144963
1525323611652796417
1525323611992535040
1525323612894511105
1525323616434409475
1525323618858995713
1525323621907980289
1525323624781070342
1525323624944570369
1525323625112420352
1525323633094033413
1525323643647033345
1525323646826434561
1525323647753326592
1525323649204494336
1525323650911678466
1525323653675634689
1525323655269339136
1525323657270239233
1525323658645884934
1525323660713771009
1525323662252974082
1525323667353501696
1525323669995757573
1525323671182655490
1525323676396228608
1525323684872761344
1525323686466752512
1525323687125078018
1525323695279026177
1525323695471726593
1525323695492894720
1525323696197476352
1525323697267290112
1525323697279717376
1525323698173104130
1525323698588229632
1525323699842260992
1525323715168423936
1525323723057815553
1525323723745767424
1525323725771575301
1525323726329417728
1525323727004545024
1525323733271031808
1525323736223719425
1525323741282160640
1525323741403787267
1525323742104240129
1525323750807322625
1525323756582862853
1525323757803474954
1525323758822735873
1525323760793952256
1525323766011658240
1525323771808206849
1525323771892178947
1525323773427167232
1525323776904282113
1525323777864830977
1525323778326134791
1525323782730170371
1525323783934038016
1525323784089133056
1525323787050303489
1525323787721482241
1525323787721637888
1525323789738950662
1525323791097905152
1525323791597195264
1525323793123753984
1525323794730065920
1525323796076539906
1525323800686088193
1525323802804092928
1525323804540641281
1525323811708706821
1525323818151071744
1525323820164341760
1525323820793573377
1525323821171064834
1525323821548507142
1525323826078576641
1525323827189895168
1525323833019969536
1525323837772111872
1525323838447304704
1525323840041123845
1525323841144500224
1525323852795871232
1525323855975309312
1525323856092749824
1525323861490708480
1525323871221477376
1525323872035172358
1525323872169508864
1525323874057048064
1525323875717881861
1525323880969252864
1525323881636155392
1525323887659163648
1525323887650676738
1525323894378340352
1525323895296999425
1525323900317577216
1525323904499195904
1525323904973213697
1525323906680164353
1525323909624647680
1525323911990169601
1525323913038815233
1525323915513438208
1525323917031665664
1525323917442879489
1525323922736320513
1525323928540946435
1525323932332699648
1525323936891740160
1525323940624666625
1525323941132255234
1525323941220216832
1525323942734487553
1525323944953163777
1525323947885068288
1525323948740706304
1525323949915009024
1525323956194095106
1525323958458798080
1525323964368977920
1525323965387907073
1525323968349184002
1525323970333052929
1525323971876487168
1525323974296715267
1525323977941450753
1525323978717335552
1525323979048726528
1525323979254292480
1525323987898744832
1525323988083302402
1525323988431425537
1525323994932690944
1525323995813318656
1525323995721224193
1525323998917189633
1525324002087931904
1525324003681964032
1525324008874561537
1525324011789602817
1525324014314565636
1525324018181611520
1525324018555011075
1525324021499318275
1525324022690594818
1525324026125623297
1525324032354226178
1525324033310478338
1525324039702585348
1525324041116057601
1525324043234189312
1525324043892629504
1525324062049722368
1525324062800908288
1525324064327225348
1525324066340618241
1525324071579357184
1525324075631099904
1525324083285606400
1525324087173718017
1525324087597359104
1525324088452997121
1525324088570413056
1525324089149296641
1525324089304358912
1525324091951030272
1525324096115982337
1525324098863341569
1525324103380516864
1525324103577743361
1525324112947687424
1525324113304137728
1525324115279749125
1525324117838336000
1525324118761132032
1525324127443161098
1525324128688947200
1525324131583008768
1525324133705388032
1525324134338678785
1525324137069064193
1525324139266879488
1525324141582221312
1525324144140865536
1525324152219090945
1525324154916024323
1525324155499032576
1525324157831061504
1525324169952776192
1525324181369659392
1525324183256932352
1525324184645251072
1525324187350360065
1525324190383058945
1525324190991192064
1525324191708286976
1525324192203550720
1525324192970842112
1525324195902672899
1525324197177737219
1525324198029164544
1525324199845195777
1525324200076095488
1525324202923872257
1525324205360922624
1525324205692268545
1525324205692227589
1525324208233926656
1525324210410770432
1525324211270651905
1525324211849465856
1525324212537286657
1525324212977782790
1525324214512652289
1525324215846678529
1525324219990650881
1525324222578532352
1525324225267093504
1525324228685402112
1525324230056890369
1525324231197790209
1525324232854585345
1525324235492757506
1525324235123613696
1525324238638415872
1525324244229541889
1525324244342779904
1525324248436416513
1525324249350737921
1525324252135960576
1525324256598441985
1525324263325962241
1525324266417401857
1525324269462474752
1525324276320153607
1525324277544849409
1525324287439257602
1525324289645453313
1525324291490861058
1525324292858298368
1525324292912726017
1525324295907557377
1525324297488719877
1525324298432532483
1525324299527196673
1525324300269637632
1525324301263638528
1525324306850398209
1525324307332845570
1525324308234391552
1525324309899649025
1525324310436528128
1525324311598342145
1525324315163447297
1525324323552120834
1525324324013592576
1525324324861005824
1525324326031040513
1525324329130631170
1525324330900639744
1525324333651853312
1525324336218836992
1525324340945899520
1525324340979441664
1525324345337331713
1525324347740520449
1525324350622146561
1525324351163314177
1525324351419125760
1525324351230418944
1525324351473598466
1525324352299884544
1525324357077278721
1525324358960414720
1525324359824449537
1525324362332749824
1525324363817488384
1525324366141181953
1525324370289299458
1525324370952220672
1525324378325622784
1525324385103630337
1525324385355194369
1525324388719112193
1525324389859766273
1525324390392647681
1525324392678449153
1525324396436529152
1525324417412251648
1525324422936432640
1525324434965516288
1525324435296747521
1525324436173656064
1525324439470104576
1525324439763689472
1525324439814037504
1525324441571704832
1525324444390068225
1525324445975564293
1525324450081783809
1525324453634260997
1525324458940149762
1525324459745361920
1525324460181659649
1525324460517203968
1525324466951159808
1525324472085102592
1525324479446106113
1525324479894806528
1525324488954503168
1525324490766397445
1525324496634269696
1525324500841144320
1525324501592207360
1525324502661578755
1525324503806623745
1525324503877832706
1525324510723026944
1525324522785804289
1525324523163340800
1525324524333703168
1525324526137004032
1525324526745264133
1525324529551167489
1525324534823497729
1525324536199225345
1525324540112429056
1525324547620319233
1525324548803112960
1525324548295471105
1525324549356666887
1525324551348953088
1525324552284291072
1525324552259129349
1525324553798426625
1525324560580628480
1525324562035929088
1525324566486208513
1525324566771507200
1525324572614008832
1525324575340371971
1525324577441824768
1525324578867879937
1525324579031461890
1525324581266915328
1525324583644958721
1525324585578766336
1525324587302543360
1525324588095356931
1525324590834384896
1525324591773757445
1525324592096608256
1525324593803796485
1525324599466008576
1525324601013809154
1525324604029521921
1525324606021816321
1525324609347850240
1525324610194984960
1525324611520540673
1525324614053703680
1525324616960512000
1525324617296097280
1525324618193584128
1525324618973822976
1525324621687443456
1525324621565906946
1525324621830098946
1525324624560537600
1525324624636035072
1525324629417545728
1525324631996915713
1525324632588533761
1525324636094857216
1525324637629886475
1525324639232204802
1525324641522393088
1525324642436542464
1525324643330056194
1525324647939571712
1525324649147600902
1525324649751621632
1525324650439331841
1525324650628231169
1525324655963394048
1525324657326444544
1525324659041918978
1525324660514164736
1525324665761284097
1525324668017819651
1525324669238247425
1525324680843841537
1525324684497235969
1525324687881801728
1525324695121313792
1525324699860930560
1525324703334023169
1525324703824773120
1525324703803523073
1525324711601016832
1525324729174970374
1525324731372773377
1525324733163659265
1525324736527482880
1525324736938516480
1525324741782929410
1525324745251635201
1525324749894832129
1525324751039758337
1525324754978316288
1525324759000547328
1525324759545925634
1525324773718376449
1525324772938219521
1525324773957455873
1525324774104260608
1525324775203250176
1525324775219818496
1525324776142675968
1525324776591482882
1525324780945260545
1525324781616128001
1525324784346832896
1525324793452560384
1525324802801532928
1525324805381271552
1525324808581394432
1525324810154295296
1525324814654791680
1525324817209122817
1525324823995588609
1525324826050711553
1525324827963183104
1525324830127562753
1525324830446338048
1525324831612293120
1525324835290750977
1525324844690296832
1525324846653374465
1525324848523886592
1525324850407034881
1525324850600022017
1525324851745013760
1525324858317488134
1525324859361869824
1525324864688644097
1525324870300622848
1525324875333652480
1525324877288329216
1525324878525890561
1525324889254674433
1525324891398066176
1525324894996684800
1525324897290969089
1525324908984680450
1525324909504774144
1525324910704328704
1525324911857831936
1525324913103540226
1525324914634407943
1525324919751561216
1525324921030774784
1525324921898926082
1525324922297454592
1525324924893659136
1525324928203079681
1525324928547008513
1525324932061835265
1525324932267266050
1525324933185867776
1525324935459401728
1525324944456003585
1525324944363634690
1525324945227661313
1525324950252531712
1525324950571298816
1525324951204638720
1525324951808380928
1525324952181919744
1525324958733324288
1525324965175754752
1525324968963190785
1525324972767334400
1525324973178507264
1525324973597855750
1525324974399148032
1525324974617243648
1525324976647192577
1525324977817280512
1525324979038035968
1525324979239280641
1525324979553849345
1525324982804369408
1525324983249010694
1525324984264138752
1525324985253994504
1525324985270681600
1525324986810093570
1525324989783756800
1525324992912949248
1525324996616146944
1525325003616620544
