1525294805324115968
1525294810306945025
1525294811170979840
1525294811980279809
1525294817298612224
1525294817319784449
1525294818330435584
1525294823023906818
1525294823347044352
1525294830133432320
1525294829629870080
1525294831496478727
1525294833279152128
1525294835070115840
1525294835158364160
1525294838245203970
1525294839004155904
1525294840249974784
1525294841311141889
1525294842020089857
1525294841839624193
1525294843974627335
1525294850882650118
1525294850882560000
1525294852396748800
1525294857023021056
1525294857144647680
1525294859707375616
1525294859728437248
1525294863658409986
1525294873519210497
1525294879634505728
1525294881723121670
1525294882650210304
1525294899251146752
1525294902816423936
1525294903873372166
1525294905026916353
1525294905366650883
1525294907195375619
1525294914027888640
1525294922093326337
1525294924937183232
1525294926887538688
1525294929936785408
1525294935825494016
1525294938686210049
1525294941173387267
1525294941563396097
1525294941777190912
1525294943643869184
1525294945703284736
1525294948429377536
1525294948932677632
1525294955115184128
1525294957447241734
1525294963071897602
1525294967836487681
1525294973209436160
1525294974878769152
1525294975730204672
1525294979014283264
1525294979027021824
1525294982558457856
1525294982575300608
1525294983456104449
1525294986064867330
1525294986564055040
1525294986639642624
1525294989315657730
1525294989416321026
1525294990510931968
1525294991945478146
1525294994113941504
1525294995330060289
1525294997423017985
1525295010035695623
1525295010404614146
1525295012078043136
1525295013579460608
1525295019959234560
1525295022530125824
1525295024086425601
1525295024757477378
1525295027236311042
1525295032982446082
1525295035561824258
1525295037038268423
1525295037051023360
1525295038879891457
1525295041618616322
1525295045875666945
1525295054381666304
1525295054675402754
1525295056382480386
1525295066373406727
1525295067728158727
1525295069137354753
1525295071695974403
1525295072367247360
1525295073025372160
1525295079669108737
1525295079677517825
1525295081724551168
1525295089165156352
1525295090960244737
1525295091002355712
1525295091782496257
1525295092055085060
1525295093523132416
1525295101639008260
1525295103086051329
1525295112552857600
1525295120123236352
1525295122656665605
1525295125714587648
1525295126523920385
1525295135461978113
1525295135881412608
1525295150653644805
1525295153568620545
1525295154957099008
1525295160090935298
1525295161492013056
1525295163471728641
1525295166818508800
1525295169402200064
1525295171465789441
1525295172350881792
1525295175148441601
1525295182433902593
1525295192181559302
1525295198519144448
1525295200737845251
1525295201333411841
1525295202155433985
1525295202574946306
1525295207268470784
1525295221684195329
1525295223173222401
1525295225983406080
1525295229506572289
1525295235550650368
1525295236544614400
1525295236733407232
1525295237496807427
1525295242815098880
1525295245780520962
1525295247009390592
1525295247843917824
1525295253158232064
1525295253787402240
1525295254001356801
1525295255909711872
1525295256626929667
1525295267288956928
1525295271919247362
1525295273068466176
1525295273228091392
1525295275966873602
1525295277506236416
1525295281822113793
1525295287589298178
1525295289250238464
1525295290047029249
1525295292278611968
1525295292668645377
1525295294145040386
1525295294761541632
1525295297773064192
1525295300469870592
1525295300667133953
1525295301241843714
1525295301363236864
1525295302768529409
1525295304907497472
1525295310167330821
1525295311828176897
1525295314059534336
1525295315284262913
1525295315737120769
1525295316462972929
1525295316660101125
1525295317087932416
1525295318241116161
1525295321756188673
1525295325074051072
1525295328219512832
1525295329683427328
1525295333894410240
1525295336725659648
1525295346041102337
1525295346443866113
1525295347743997954
1525295351665676288
1525295352781361157
1525295356585598980
1525295356992442371
1525295356749271040
1525295357458100226
1525295361329348608
1525295366635106305
1525295376797868032
1525295377766764545
1525295380082073600
1525295382682533891
1525295384079175680
1525295385769562113
1525295390249058304
1525295396578271233
1525295397354151936
1525295397933047808
1525295401317834752
1525295403167453185
1525295406917496832
1525295412202340352
1525295412470591490
1525295412537872384
1525295420280381440
1525295427943268353
1525295428098482181
1525295429134561280
1525295430925709312
1525295439397912577
1525295440555835392
1525295443118374913
1525295443361538049
1525295451657977860
1525295454182952960
1525295457940946944
1525295460491137026
1525295463003480064
1525295464760975361
1525295469949333504
1525295473489223680
1525295482939092992
1525295487099740162
1525295489222119425
1525295499137257472
1525295500802592768
1525295501272285184
1525295502937534466
1525295502975287296
1525295505806602241
1525295512718483456
1525295513351770112
1525295516308865025
1525295521094586370
1525295523606978560
1525295530733191168
1525295534415790083
1525295540807901185
1525295541453987840
1525295541395017728
1525295544893153280
1525295545509625857
1525295548273762304
1525295552581222402
1525295557497040896
1525295559124328448
1525295560638443520
1525295561804595201
1525295570411298816
1525295573024157696
1525295579328389122
1525295579235880960
1525295580028850176
1525295581354000385
1525295584667701248
1525295586957737984
1525295587817664512
1525295591005224960
1525295596684251137
1525295598047739904
1525295600685789186
1525295610500349952
1525295615181213702
1525295616196153344
1525295617488166912
1525295618557628416
1525295618964733952
1525295625595756545
1525295625947914241
1525295628326248450
1525295633258651649
1525295635615948803
1525295643660632064
1525295644080058368
1525295647573700608
1525295648928579584
1525295659129126914
1525295660626456576
1525295662937645058
1525295664921444354
1525295666066604033
1525295667886837762
1525295668927074306
1525295670642388992
1525295673096257538
1525295687361040384
1525295693815894016
1525295694558396417
1525295695112069121
1525295697653682176
1525295698908004353
1525295698966724608
1525295700392792065
1525295705652355073
1525295706453467137
1525295708953366529
1525295710698102786
1525295712094789632
1525295712073682945
1525295712078012416
1525295714502320128
1525295722265989122
1525295723226464257
1525295724019204100
1525295731489361923
1525295736555962368
1525295739999383552
1525295748090167296
1525295748262264833
1525295749235257344
1525295750665715712
1525295751861092355
1525295755182972928
1525295758290956289
1525295760689995778
1525295762158002176
1525295763504365568
1525295765895380993
1525295766117486593
1525295766604255232
1525295767195422720
1525295770198593536
1525295774380314625
1525295778645692416
1525295780017209345
1525295783964286978
1525295785247551489
1525295785373536257
1525295787022123009
1525295791874646017
1525295793569427456
1525295795012046848
1525295804310765569
1525295805631971328
1525295816386260993
1525295816193155072
1525295821335429121
1525295822841184256
1525295824103538688
1525295825194213376
1525295826863628288
1525295829669519360
1525295832655872001
1525295833683529728
1525295834052575235
1525295839819620352
1525295841719615488
1525295842550239232
1525295845998047237
1525295845712740353
1525295846404902913
1525295847768002567
1525295849647087616
1525295852293595142
1525295853912604672
1525295854931918848
1525295857486135297
1525295859893665793
1525295860824743936
1525295862372507650
1525295863416889344
1525295863827931136
1525295866877296641
1525295869062713344
1525295881154572288
1525295882232647680
1525295882308132866
1525295883084263424
1525295892751785984
1525295895478013952
1525295896124088323
1525295900834222080
1525295902969188352
1525295908430270464
1525295912704217089
1525295913484312577
1525295915619196928
1525295918156681216
1525295918928785409
1525295923114409986
1525295923533848576
1525295923517132800
1525295924246982657
1525295925605851137
1525295925710966784
1525295926906081281
1525295927023509504
1525295930727079938
1525295932656562177
1525295934573367297
1525295935303065602
1525295935609241603
1525295936175493120
1525295937643487234
1525295937505177601
1525295940852121602
1525295944501145600
1525295945096695808
1525295948947128320
1525295949639131137
1525295950192852998
1525295957004505088
1525295957365215232
1525295961303547905
1525295967280439297
1525295967607586817
1525295970870874112
1525295972376510464
1525295981041922049
1525295983965487105
1525295987014586368
1525295987312443394
1525295989611020289
1525295989824823297
1525295992060395521
1525295993805123589
1525295996225331201
1525295997328531456
1525296000281329664
1525296000771842049
1525296009500364801
1525296012583227392
1525296012738318337
1525296014143344641
1525296015980503041
1525296017976963072
1525296022255181824
1525296027615600642
1525296033009238016
1525296034162716672
1525296035370631168
1525296041620295682
1525296043113463808
1525296043826503681
1525296045214683136
1525296048977199105
1525296050713468929
1525296052605276160
1525296053678907392
1525296054287179776
1525296055113265153
1525296055729930240
1525296059622207488
1525296060184272897
1525296060880633856
1525296062511992833
1525296065142231040
1525296066505101313
1525296066773807104
1525296068791046144
1525296070137221120
1525296072473853952
1525296074490949633
1525296075501731841
1525296076982571008
1525296083231985667
1525296084335136769
1525296088122642433
1525296088814694400
1525296089963929602
1525296090114711552
1525296091897421824
1525296092082057217
1525296095701737472
1525296097555402752
1525296103020699648
1525296108955742208
1525296114240524288
1525296123094904833
1525296129709318144
1525296133525762048
1525296133735587841
1525296140454875138
1525296155059490816
1525296156577869830
1525296156808552448
1525296161254408192
1525296161904422914
1525296163645030400
1525296165255880704
1525296165876801538
1525296171522064385
1525296172772073473
1525296174751748097
1525296176882401282
1525296177779990530
1525296177884844032
1525296180418207747
1525296182234333185
1525296183517671424
1525296184256081920
1525296186642599936
1525296187284156416
1525296190341914624
1525296192275587072
1525296193835761665
1525296206687117312
1525296210034270208
1525296213066760194
1525296213708492800
1525296215075831810
1525296215604318208
1525296215943917568
1525296221098635264
1525296225528184832
1525296229948825600
1525296238354219009
1525296242670051329
1525296242867089408
1525296248584290304
1525296253948420096
1525296254871384064
1525296259761774592
1525296265394900994
1525296266594422784
1525296271208103936
1525296274668498944
1525296275092119556
1525296287821996032
1525296291160416256
1525296294738141188
1525296295346286592
1525296295409221632
1525296304380854272
1525296306775699456
1525296307077664769
1525296315080527873
1525296317299412993
1525296318620569600
1525296319824273408
1525296321954885633
1525296323406217217
1525296325830627328
1525296329571938304
1525296330347790340
1525296338270822400
1525296341827858432
1525296343337652224
1525296345564827648
1525296346105888768
1525296349876473857
1525296352749420544
1525296359611326464
1525296362228699140
1525296367207428097
1525296369476546560
1525296370101395457
1525296370227240962
1525296371187720197
1525296371502305286
1525296372362133506
1525296374438277120
1525296374568390658
1525296376036196352
1525296380784295936
1525296381065322497
1525296384248844288
1525296387814207488
1525296388514324480
1525296389239975936
1525296390230122496
1525296390645198849
1525296394440949761
1525296396731138048
1525296398064918528
1525296399289548801
1525296403420807169
1525296408248475648
1525296408231698432
1525296409896964096
1525296411855798272
1525296420055547904
1525296424661012482
1525296428704182273
1525296432856633344
1525296433066393601
1525296433309569024
1525296433879863296
1525296434383589377
1525296436547575813
1525296437428629505
1525296438602633217
1525296439399546880
1525296439923982336
1525296439902932993
1525296441412964354
1525296442457341952
1525296443489243138
1525296451752017920
1525296455816298496
1525296456516648961
1525296456982200321
1525296457355517952
1525296460979490816
1525296469108047872
1525296472639406080
1525296480361275392
1525296479497330691
1525296481149849602
1525296485046358016
1525296485415456769
1525296490175922176
1525296490301751296
1525296492428382209
1525296492881510400
1525296495808942082
1525296496282943494
1525296498015100928
1525296499227250690
1525296503023091715
1525296505132920836
1525296507922046976
1525296509348085760
1525296510849654785
1525296519108255745
1525296523587641344
1525296529619173376
1525296529757679617
1525296532135608321
1525296538955591681
1525296540159459329
1525296540553605120
1525296541459746816
1525296544601481216
1525296545461043200
1525296545997787137
1525296554294317058
1525296555074387968
1525296559298076672
1525296561693069312
1525296568395517952
1525296569527914496
1525296574938619905
1525296576679526401
1525296577849577473
1525296580735119360
1525296581557231616
1525296582501056513
1525296583436541952
1525296585361457152
1525296587643158529
1525296588134002690
1525296589690097664
1525296590444896257
1525296599483686913
1525296601991880705
1525296605024227334
1525296605036953600
1525296611471024128
1525296616575483904
1525296622208290816
1525296633054896130
1525296634615189504
1525296645788811264
1525296650171711489
1525296651061051397
1525296664822665216
1525296665632063491
1525296667246874625
1525296670753411077
1525296674134016003
1525296675409088513
1525296678663639040
1525296683457957888
1525296683814371328
1525296686452588544
1525296690923814914
1525296694094594048
1525296696984485890
1525296698486325249
1525296702479114240
1525296702692933632
1525296704719028224
1525296713870843904
1525296715011702784
1525296720233521153
1525296720829095936
1525296726839525376
1525296727800020992
1525296730958356481
1525296735458717698
1525296737132417024
1525296742455029763
1525296745827164160
1525296748578619392
1525296755587305478
1525296756375822337
1525296756925374466
1525296759613816832
1525296759727132672
1525296760943419393
1525296760498823168
1525296763673972737
1525296763841794048
1525296769202012160
1525296769491419136
1525296772163289089
1525296773111087104
1525296774729986048
1525296775686414336
1525296782737035265
1525296796129447936
1525296807206477824
1525296808016039937
1525296808678903808
1525296810964705281
1525296811795169280
1525296817918943234
1525296819487526913
1525296820263559169
1525296821827825667
1525296823254016000
1525296824076099585
1525296825703358464
1525296834918461441
1525296836780892160
1525296845873893376
1525296846590996480
1525296848734502912
1525296849858441216
1525296855961153537
1525296856330391554
1525296858570039298
1525296865582931969
1525296871002017792
1525296874479132673
1525296875200454657
1525296879105454081
1525296882058203136
1525296882343346176
1525296889142382593
1525296891537281031
1525296893361893377
1525296895358296065
1525296896927059968
1525296909191196674
1525296909430267904
1525296910210416646
1525296913313955840
1525296918091292672
1525296925494345730
1525296928191401985
1525296930083028995
1525296930728951808
1525296936999321601
1525296942615613440
1525296943559229443
1525296947376050176
1525296947669651456
1525296950387560450
1525296954296639488
1525296967596888064
1525296969077628928
1525296972382470147
1525296972822851584
1525296982016794625
1525296984051138561
1525296984738996224
1525296985242161153
1525296987045863424
1525296988497100800
1525296991210614785
1525296992607510529
1525296993278435329
1525296996466233344
1525296997552603137
1525296998198673408
1525297005093847041
1525297009388933120
1525297009477177345
1525297010970173440
1525297013524406277
1525297014577176576
1525297015265054720
1525297015873327105
1525297021652959232
1525297021996847104
1525297024442290176
1525297024723062784
1525297025998151680
1525297030163091456
1525297038765735936
1525297039407554560
1525297039625551874
1525297041701670912
1525297043979239425
1525297045233205248
1525297050925121537
1525297051474468864
1525297058726526977
1525297063029747718
1525297063604498436
1525297064128700418
1525297065017761792
1525297065881894914
1525297070264967170
1525297082579488773
1525297093434388481
1525297096588419072
1525297100946231296
1525297100921110530
1525297104184299521
1525297104411054081
1525297109792079872
1525297111448752128
1525297112543506432
1525297112954679296
1525297113332064257
1525297113172561920
1525297116272369665
1525297120340856833
1525297120386994177
1525297121297108994
1525297121443856384
1525297123935277056
1525297125013209089
1525297126326030336
1525297126695133184
1525297129240924160
1525297129404747777
1525297131204001794
1525297131627589632
1525297136526565378
1525297139487752193
1525297143870902272
1525297145313644545
1525297147406606337
1525297166474182656
1525297172215910405
1525297174979825664
1525297175021772801
1525297176699719685
1525297183234437120
1525297183632805894
1525297186396852225
1525297186761760769
1525297188816834561
1525297188808581122
1525297191769759744
1525297194450010112
1525297195414695942
1525297198128414720
1525297200158351360
1525297203740278787
1525297204834861056
1525297207204782080
1525297209079910400
1525297209293451264
1525297217967374340
1525297218420412418
1525297218722349056
1525297220941119490
1525297221339693056
1525297222375641091
1525297223839494144
1525297224388845568
1525297233029042177
1525297233012305921
1525297235897880576
1525297236481122305
1525297237915381760
1525297241329573895
1525297248044781568
1525297260174553088
1525297265354711041
1525297267405516802
1525297270702362624
1525297271654555650
1525297272719912960
1525297277090336770
1525297276997865472
1525297284497281025
1525297285995057152
1525297295855689728
1525297300482015233
1525297300641353728
1525297307394011136
1525297308962738177
1525297312163147777
1525297314746847232
1525297318962028546
1525297320232898560
1525297323949326336
1525297325932937216
1525297328671887365
1525297334896185348
1525297335059853312
1525297336116813826
1525297340306923520
1525297342429159424
1525297343540908033
1525297344756928512
1525297347600781312
1525297358262747137
1525297357356642305
1525297361664229377
1525297375048257536
1525297379171344385
1525297383600422915
1525297383956963334
1525297390458118149
1525297394736308225
1525297398272217089
1525297400734269441
1525297402705502209
1525297406337753093
1525297407067492352
1525297408728522752
1525297421642780672
1525297424096452609
1525297427598786560
1525297428261240833
1525297434720620544
1525297438025711617
1525297441444179968
1525297445034291200
1525297446166925315
1525297446250749952
1525297453573976065
1525297457466310656
1525297463711735809
1525297464076447745
1525297465704034312
1525297472284893184
1525297473509642246
1525297474633605126
1525297476781101059
1525297493843423232
1525297495651270656
1525297499254161408
1525297502924185600
1525297506078412801
1525297506103574531
1525297507651272704
1525297507743305733
1525297510138404865
1525297511035981824
1525297512533348354
1525297518241718273
1525297523396554752
1525297523878944768
1525297528736038912
1525297530904662016
1525297535862116352
1525297540475801601
1525297543369961472
1525297545555193857
1525297547182542848
1525297550139351040
1525297551989145600
1525297557626179584
1525297562965553153
1525297563850747904
1525297564907610112
1525297566056849408
1525297568128897024
1525297568795738112
1525297569651376129
1525297570989236225
1525297573690482689
1525297579147288578
1525297582691729409
1525297584402833408
1525297585636143104
1525297590375395329
1525297591684108288
1525297593332420609
1525297596553646081
1525297598759768064
1525297598621536261
1525297608931131393
1525297609195368448
1525297617374040064
1525297625909858304
1525297629055307778
1525297633417478149
1525297646746804224
1525297647581638656
1525297648278073344
1525297656267825152
1525297658654560256
1525297660952842240
1525297663683571713
1525297673787559936
1525297675813343233
1525297675834232832
1525297677532921857
1525297678795554816
1525297679026225159
1525297681341435904
1525297684260786177
1525297685276020737
1525297686395723777
1525297688677343232
1525297692322287618
1525297696160075776
1525297697934172162
1525297698294968322
1525297703843930117
1525297705773416453
1525297706427486208
1525297707249713154
1525297707048243200
1525297705635008512
1525297709996965894
1525297710588387328
1525297712022712320
1525297717106249728
1525297720642109440
1525297721179095040
1525297722223382530
1525297731756888064
1525297741093535744
1525297742645448706
1525297743660560384
1525297747934400512
1525297749712945152
1525297750165729280
1525297751285710848
1525297751512469505
1525297757346582528
1525297757782790144
1525297757824528385
1525297759854657539
1525297760320114689
1525297760819638273
1525297761784037379
1525297766867644416
1525297773549068288
1525297777000869893
1525297779894980609
1525297782852046848
1525297785653841920
1525297787734204416
1525297789520986113
1525297793493086210
1525297797234401280
1525297798484205568
1525297799360913410
1525297799046258689
1525297801831231488
1525297804104675328
1525297808986841088
1525297809611706370
1525297810245136386
1525297813357068288
1525297813239767041
1525297814686908416
1525297814812897280
1525297814883926018
1525297815471067136
1525297816624586752
1525297820470857730
1525297822869823488
1525297825466265602
1525297830100881408
1525297831908614144
1525297835373207552
1525297836639801346
1525297842285293568
1525297842935451648
1525297845753958400
1525297845997383680
1525297848702599172
1525297848602046464
1525297850090930177
1525297857942659072
1525297858966130690
1525297861625364480
1525297864477401090
1525297865802715137
1525297869623898113
1525297870391463938
1525297871595024384
1525297874296352768
1525297886245883904
1525297893464322049
1525297899474763776
1525297901597036544
1525297908156858369
1525297911927558144
1525297914045771776
1525297918713790465
1525297919137566721
1525297920051974146
1525297920383262721
1525297926825721856
1525297928398639105
1525297935080165376
1525297939622526981
1525297940172099584
1525297946438381568
1525297950024380416
1525297951404396545
1525297954306654208
1525297961827172353
1525297967867084802
1525297967946731521
1525297975748177920
1525297985663422464
1525297988356255744
1525297989035692033
1525297989643866112
1525297989967040512
1525297990638108672
1525297991543836675
1525297991887863808
1525297992248467457
1525297993112379392
1525297993775292416
1525298001144684546
1525298002839146496
1525298006043803648
1525298009839378432
1525298010078466054
1525298010988625921
1525298018659946497
1525298019305828353
1525298019985506307
1525298021474484224
1525298021566513152
1525298021793034240
1525298022988410880
1525298024808947712
1525298024574078976
1525298026058686464
1525298031301640192
1525298032060686336
1525298035907084288
1525298036607488001
1525298037752463365
1525298039719608323
1525298040105582597
1525298044089970688
1525298052424155139
1525298052914872320
1525298058321440775
1525298059726536705
1525298060330508290
1525298064067633155
1525298065162194944
1525298065216872448
1525298070602362882
1525298072426893313
1525298077489197056
1525298080291209216
1525298092890791936
1525298093650022402
1525298094086266882
1525298097038958593
1525298098062360576
1525298098326601730
1525298099568410624
1525298101082370051
1525298105608032256
1525298107315015681
1525298107545796608
1525298109034528768
1525298111454887941
1525298116395769856
1525298117226156033
1525298120191627264
1525298127414169606
1525298128177733632
1525298132656918528
1525298133005127680
1525298133336567808
1525298133768384518
1525298133911146496
1525298134209167360
1525298142572322817
1525298148167385089
1525298148792487936
1525298153758547969
1525298153834041346
1525298154056425473
1525298154425331719
1525298157940314112
1525298158686949377
1525298159542489089
1525298162575065088
1525298162851889160
1525298165909491713
1525298166597296128
1525298169256484866
1525298178114961408
1525298179498991617
1525298185131933696
1525298187258544129
1525298189301080064
1525298189594955776
1525298192547463169
1525298194195927042
1525298203876241408
1525298203998011392
1525298205344292864
1525298206342520832
1525298207445483520
1525298209853169666
1525298211853934595
1525298214135635968
1525298219449667584
1525298224373944320
1525298224751206400
1525298228396277760
1525298229189156864
1525298232879988736
1525298234847019008
1525298238445670400
1525298239301459968
1525298241918488576
1525298243235729410
1525298243390910464
1525298245786025986
1525298247119556614
1525298251947290626
1525298254593855490
1525298259702448130
1525298266275037184
1525298266862039040
1525298267893862401
1525298271924768768
1525298272213946369
1525298272369254400
1525298277222170626
1525298282120892418
1525298286013325313
1525298288307716098
1525298290002100225
1525298292476682241
1525298294343274497
1525298296423694338
1525298298579730432
1525298298709495810
1525298299263143936
1525298299745406976
1525298302505435139
1525298304468361217
1525298307630878722
1525298307966410753
1525298307924340738
1525298322956615680
1525298327511875590
1525298330770804736
1525298330888282112
1525298331320209408
1525298341449371648
1525298344058183680
1525298358641991680
1525298361985019904
1525298362425090048
1525298367961571328
1525298369685557248
1525298371967197184
1525298381945552896
1525298384747253761
1525298385019879425
1525298385858793472
1525298388270448640
1525298390086606853
1525298394289291273
1525298401595863040
1525298403235680256
1525298406712823808
1525298406901440512
1525298411515150337
1525298413125963776
1525298414346461184
1525298414476353536
1525298418255552513
1525298425700712448
1525298426891599877
1525298427004870656
1525298427332071424
1525298428049227776
1525298428502511616
1525298432151277568
1525298437184442371
1525298437834657792
1525298438996471808
1525298440263155714
1525298442729291776
1525298449226383360
1525298450480234497
1525298451898060802
1525298455358361602
1525298455723315205
1525298459447902210
1525298461113036800
1525298467609919491
1525298471095664640
1525298478322266113
1525298480582909953
1525298486618558465
1525298492402442240
1525298492377247745
1525298506075885568
1525298512795250688
1525298514342952960
1525298516813307905
1525298519615369216
1525298522303635459
1525298526552457218
1525298526967713792
1525298529203195904
1525298529492688896
1525298533674401792
1525298541870325760
1525298544713793541
1525298549440667648
1525298551256928256
1525298551907033088
1525298552246784002
1525298555728314368
1525298555799277569
1525298556277760000
1525298556734693377
1525298557032333313
1525298559955902464
1525298565807017985
1525298568038207489
1525298578796716032
1525298580621230083
1525298581527310336
1525298588829552641
1525298598220537856
1525298598576939008
1525298598782464000
1525298602679017472
1525298602901397504
1525298603073359877
1525298605787160581
1525298611994624000
1525298613110419456
1525298615694069760
1525298618021736454
1525298621817802752
1525298621972762626
1525298626108329984
1525298627618414593
1525298629967216640
1525298635549855745
1525298637714034690
1525298640499052544
1525298646941634560
1525298655397351425
1525298659344060416
1525298659859918850
1525298661684613121
1525298662217134080
1525298663454539776
1525298664729726978
1525298667057557505
1525298669469179905
1525298671566323718
1525298678289907713
1525298683025182720
1525298685080350721
1525298685327941633
1525298686557065216
1525298693792047104
1525298694915887105
1525298696476413957
1525298712464850944
1525298722417958913
1525298729212858368
1525298730659942400
1525298730471149570
1525298732115185664
1525298732606046208
1525298736137654275
1525298742022258694
1525298744312229888
1525298749555220481
1525298749739769856
1525298750385573888
1525298751652261889
1525298756647788544
1525298757344149507
1525298761580220416
1525298762398281728
1525298766986747904
1525298771248263168
1525298771210514432
1525298773047406593
1525298775924920322
1525298778177163264
1525298780697862146
1525298780848914432
1525298782262501377
1525298782593814530
1525298783009091584
1525298783713632258
1525298789296263169
1525298793775779840
1525298797655498752
1525298799937191936
1525298803217031360
1525298805645746176
1525298806941794304
1525298807189262336
1525298809164730370
1525298809709928448
1525298810100015104
1525298819231010816
1525298822263496706
1525298823870009345
1525298826822795264
1525298829003997186
1525298830312361985
1525298834989273088
1525298835089768450
1525298836205453314
1525298838780760066
1525298841016320000
1525298840990908416
1525298841935052800
1525298846410104832
1525298847328649216
1525298848104648705
1525298848486281216
1525298852651311105
1525298853838299139
1525298854387515392
1525298863573291014
1525298865809014784
1525298869009006593
1525298870317621249
1525298872679022593
1525298879352160256
1525298889695322117
1525298890165174273
1525298898582900736
1525298900793405441
1525298901032800256
1525298902089576449
1525298904916443137
1525298905335857153
1525298907487555584
1525298910427615234
1525298911719481345
1525298912462086145
1525298913028317184
1525298920892600321
1525298923941703681
1525298929784561666
1525298935333433346
1525298944938745856
1525298945316069376
1525298945370599427
1525298948264574976
1525298948478586880
1525298951800467456
1525298956464447489
1525298960755306498
1525298966010613760
1525298966220484608
1525298967709462530
1525298973493297154
1525298976471371777
1525298980929818629
1525298982607536129
1525298984943644672
1525298986113957889
1525298994276073473
1525298996574658562
1525298997224693760
1525298997472251905
1525298998013267970
1525299002127810560
1525299006913581058
1525299016732401664
1525299019194503172
1525299025506885632
1525299030120710146
1525299032272297985
1525299039842861057
1525299040354803712
1525299041160302592
1525299041826811904
1525299047753465859
1525299053143130115
1525299058516152323
1525299060768247809
1525299069857325056
1525299079722713088
1525299081328873473
1525299087561883650
1525299089742516226
1525299089855741952
1525299095312777216
1525299097632129024
1525299097846128642
1525299097992843265
1525299101000208384
1525299103072235521
1525299103730749442
1525299118859599873
1525299120658780160
1525299125860073472
1525299126631813120
1525299133854228482
1525299134978203649
1525299135418552321
1525299136580292608
1525299136614088705
1525299137813651461
1525299140380438529
1525299142817243138
1525299155198873600
1525299157388255233
1525299157543825409
1525299158508261376
1525299159619846145
1525299162652319744
1525299164694847490
1525299166418767882
1525299166720696320
1525299168343777280
1525299168717283328
1525299168939499523
1525299172756410369
1525299175491047426
1525299177072185344
1525299178053713924
1525299182738849792
1525299183380471809
1525299189625782272
1525299193614680064
1525299194361176064
1525299194768117763
1525299201441247232
1525299204922429440
1525299214154141697
1525299215076687873
1525299215622021120
1525299218021228544
1525299231501824000
1525299231820480513
1525299241588908034
1525299242813689857
1525299244415868928
1525299249436450824
1525299250585903104
1525299253081518080
1525299252959891458
1525299256084598784
1525299257820860417
1525299257854464003
1525299259578490880
1525299261017137154
1525299263655202822
1525299263722426368
1525299267107278848
1525299267228905472
1525299268399013889
1525299270433533952
1525299270651363328
1525299271528062976
1525299275655049217
1525299276733104129
1525299281552449536
1525299281342742528
1525299283402031107
1525299286380007430
1525299288586088448
1525299290389852162
1525299290809290753
1525299298577133569
1525299304243527721
1525299304608321537
1525299306005114880
1525299308102230016
1525299310430232582
1525299310824390658
1525299311839350789
1525299313735262208
1525299314091778048
1525299315018805249
1525299316474126336
1525299330671837185
1525299330927796224
1525299333163323392
1525299333544878080
1525299334467682305
1525299338959679488
1525299340788604928
1525299344961703936
1525299345532149761
1525299350112333824
1525299352981237761
1525299354315018240
1525299356282212352
1525299356441710595
1525299357666447361
1525299358010572800
1525299364486184960
1525299367304896512
1525299371469832194
1525299371721498624
1525299375609618434
1525299376414932993
1525299378658758656
1525299380856791041
1525299380986822656
1525299388750254080
1525299393657700353
1525299398552322048
1525299408811741184
1525299414566420481
1525299414616580096
1525299418144161792
1525299423168843777
1525299424120930306
1525299424821321728
1525299427665117184
1525299433931513863
1525299434154000384
1525299442697609216
1525299443465355264
1525299444664700929
1525299449257463808
1525299452822466561
1525299457247825920
1525299465921277953
1525299468177772544
1525299474041536513
1525299478940508162
1525299487547457536
1525299490650894336
1525299495113830401
1525299495067480064
1525299497814876160
1525299499467423745
1525299500272656385
1525299508615127040
1525299509240205312
1525299511173648384
1525299514151555073
1525299514453774337
1525299518220259329
1525299522540290048
1525299526336061441
1525299529108660226
1525299529435725824
1525299540479381505
1525299545906860034
1525299549803524096
1525299553842262018
1525299559995408384
1525299559823556608
1525299560591118339
1525299563652714496
1525299565720702976
1525299565254963200
1525299569004797952
1525299575136952320
1525299575942168577
1525299577435598848
1525299579591176192
1525299580262301698
1525299580811857920
1525299582644563968
1525299584280444929
1525299584964108290
1525299587682025475
1525299589171093507
1525299589569384448
1525299591180079107
1525299594573230085
1525299620015919104
1525299626592505856
1525299627884302336
1525299627922182145
1525299628555571201
1525299630384328706
1525299633572003841
1525299636138823680
1525299637619306496
1525299638760259585
1525299641146818562
1525299642329604097
1525299643940233220
1525299649439211520
1525299651162869760
1525299652110610433
1525299655382384640
1525299661925281793
1525299663804329985
1525299664580268033
1525299666757230594
1525299670066544640
1525299671714906112
1525299676467060739
1525299676366491648
1525299677192675329
1525299677599506433
1525299684729753600
1525299684905984001
1525299685707001856
1525299690832547841
1525299692615131137
1525299695110836225
1525299694863208448
1525299695744172032
1525299699238031361
1525299705751674883
1525299712210911233
1525299712437506049
1525299717277728768
1525299717848145920
1525299722893901824
1525299724764360704
1525299724735193090
1525299731425021953
1525299736106106880
1525299738794332160
1525299740279185408
1525299748923756546
1525299754346991617
1525299757496803329
1525299758612549633
1525299759367434240
1525299759363371008
1525299759950577667
1525299765847674880
1525299765986185218
1525299767177269248
1525299768657854465
1525299771451138049
1525299776895565832
1525299780326416385
1525299783824457729
1525299783937806337
1525299785011544067
1525299791592407040
1525299792217112576
1525299794452721669
1525299797657370624
1525299815621468162
1525299823779405824
1525299826170241024
1525299829605183490
1525299835217272832
1525299839562665984
1525299847200382979
1525299852015452160
1525299852686643202
1525299857241436162
1525299859745435648
1525299860676964352
1525299860953366531
1525299861238779910
1525299862387957763
1525299863352754176
1525299876480827393
1525299876946378753
1525299879559454721
1525299883418058752
1525299887541190656
1525299890858782721
1525299897506873345
1525299901214728192
1525299910563844097
1525299916540477442
1525299921229848577
1525299921313746946
1525299925042487296
1525299925403066368
1525299933036695552
1525299933250732033
1525299934320373761
1525299935381430272
1525299945808572416
1525299950409682945
1525299958777270274
1525299963802095616
1525299968122179585
1525299973319016449
1525299977169272833
1525299983943192576
1525299986388471809
1525299994563072000
1525299997331165186
1525299997826117632
1525299998258233346
1525300003199234048
1525300010279219200
1525300012997132288
1525300030411878400
1525300030697099265
1525300033654034432
1525300036120330240
1525300037256892417
1525300039375015936
1525300052738064385
1525300056236371969
1525300056940859392
1525300065295863809
1525300068722610176
1525300068902965249
1525300069716705280
1525300070530154496
1525300072770068480
1525300074947178496
1525300075425144833
1525300076888829952
1525300081762652161
1525300083872481280
1525300084472262657
1525300104340639745
1525300104621707264
1525300105691246596
1525300112171442177
1525300112896950272
1525300114533027840
1525300123474927616
1525300124892659713
1525300129149878275
1525300130521423877
1525300137861566465
1525300148649095168
1525300167590699015
1525300174435794944
1525300179259252736
1525300181998178307
1525300182459498496
1525300186821578754
1525300191926140928
1525300192781774848
1525300201879179266
1525300207457603585
1525300210972475393
1525300217502908417
1525300219516178432
1525300220241842177
1525300226520760322
1525300231281291266
1525300249383817217
1525300253846409216
1525300258355306496
1525300258758344704
1525300266848776192
1525300267582951425
1525300268857974784
1525300274793000960
1525300277410009088
1525300277397671936
1525300278152466434
1525300281231429633
1525300290156744706
1525300291066896385
1525300291725406208
1525300291851124738
1525300292538904578
1525300292916494336
1525300302194298880
1525300304207564801
1525300305755312134
1525300307768524804
1525300309727367169
1525300310729793536
1525300313560961027
1525300315527970817
1525300316027207681
1525300320666017792
1525300321089642497
1525300325309202434
1525300326877765632
1525300328387821568
1525300339443912705
1525300339745890306
1525300340358250496
1525300346242727936
1525300349837496322
1525300352882356224
1525300357462732800
1525300363678597120
1525300367063384064
1525300375280136193
1525300376521560070
1525300378291478528
1525300382414606338
1525300386432704516
1525300386239721472
1525300388282437634
1525300389897469953
1525300391587348480
1525300392157925376
1525300396796915712
1525300397551734784
1525300400059998212
1525300403247624193
1525300411376222208
1525300413511217157
1525300413917962241
1525300421362757632
1525300425863401475
1525300425808699392
1525300427700379649
1525300428061253632
1525300434075848710
1525300434172162049
1525300445450731520
1525300450949480449
1525300452144947200
1525300453378084865
1525300456712417280
1525300459044540416
1525300462567641088
1525300467143782400
1525300472826896389
1525300480045350913
1525300490958946305
1525300494209531905
1525300495165837313
1525300496575102976
1525300505274208259
1525300514929446916
1525300527403180032
1525300528397176832
1525300530410668034
1525300532038049792
1525300533174599682
1525300533677936640
1525300537796595712
1525300538098819072
1525300540778815488
1525300546738995200
1525300548529954816
1525300553969983488
1525300558365478914
1525300565823324160
1525300569937698816
1525300572852670466
1525300573695795200
1525300575344046080
1525300577088978946
1525300580385800194
1525300581832830978
1525300585158811654
1525300586572566528
1525300587117559809
1525300588510171137
1525300593123905536
1525300595401293824
1525300596240179200
1525300598152867841
1525300599390085121
1525300601390874624
1525300612740616195
1525300613424238592
1525300614221144065
1525300615739367424
1525300616880394245
1525300617664778242
1525300622035193857
1525300623230509057
1525300628049776641
1525300631598157824
1525300635079524353
1525300636077678592
1525300637147222018
1525300642524213248
1525300652737449984
1525300655409479680
1525300656147398656
1525300658542452736
1525300661222625281
1525300664200482816
1525300665525878787
1525300670063992832
1525300671599321089
1525300671653810176
1525300680436719616
1525300684769447936
1525300686975651840
1525300692918886400
1525300698140790784
1525300701894787073
1525300704499224578
1525300705338109952
1525300705585668096
1525300709750493190
1525300711634141184
1525300713076801537
1525300713462562816
1525300714087784448
1525300716348350469
1525300716746711040
1525300719242321925
1525300721951748099
1525300722824228864
1525300732202782721
1525300732508811264
1525300733381423104
1525300739635138563
1525300740188778497
1525300745419259904
1525300749260861440
1525300751592919040
1525300757800505344
1525300758614261761
1525300760636014592
1525300762162896896
1525300765119631366
1525300773923565569
1525300775546765312
1525300778843488257
1525300778759401473
1525300785701171201
1525300787668197382
1525300788481990658
1525300791145181185
1525300791732477954
1525300792546234370
1525300793133260800
1525300796182736897
1525300797537402881
1525300799391383552
1525300802599981059
1525300803833057281
1525300805993172997
1525300807419166722
1525300809927368705
1525300811877728256
1525300813039603713
1525300815925215232
1525300816692887552
1525300819532324865
1525300820576612352
1525300826566037504
1525300827375665154
1525300828822806528
1525300831553130501
1525300840784965632
1525300842403725312
1525300842844266497
1525300846778630145
1525300850872172544
1525300854043119618
1525300856446406656
1525300862545010688
1525300865174740993
1525300866642845696
1525300869436264448
1525300871298527232
1525300876121882629
1525300878122438656
1525300880362307584
1525300887362707462
1525300888775979009
1525300888973152256
1525300890097401857
1525300890680569856
1525300893364719621
1525300901472354304
1525300901778444288
1525300901862420484
1525300902185381888
1525300902604820482
1525300918987722752
1525300920418021376
1525300923504918529
1525300928139513857
1525300932019355648
1525300934192123907
1525300938675826688
1525300940613373952
1525300944497434624
1525300948356452352
1525300949828481025
1525300959517212673
1525300959349555200
1525300961891143683
1525300962113605634
1525300963476635649
1525300966236377089
1525300972725190656
1525300973459374081
1525300974604242946
1525300980048199680
1525300980711141377
1525300985819762690
1525300986746703873
1525300991607947264
1525300996066488320
1525300998075744256
1525301003129606146
1525301004874424321
1525301006308741120
1525301009437835265
1525301010566111232
1525301017042116609
1525301017981616129
1525301020414418945
1525301020921937920
1525301021882335233
1525301025028063235
1525301025367678977
1525301025506312193
1525301026256871424
1525301027666288644
1525301035836792832
1525301037187227648
1525301038177206274
1525301041729875968
1525301044921638914
1525301046079377409
1525301047777972224
1525301048944078849
1525301050734915584
1525301059186749440
1525301061568929793
1525301066816172032
1525301068137123842
1525301068946604033
1525301072201383937
1525301078975209472
1525301081290457088
1525301086625615872
1525301087225278464
1525301094842347521
1525301097371402247
1525301099800178690
1525301100093575169
1525301105839771650
1525301119584456704
1525301121929162757
1525301127205384193
1525301131907317761
1525301132683358209
1525301136432975873
1525301141579390978
1525301144305606656
1525301145673015296
1525301147921154049
1525301149909278720
1525301152669212672
1525301159484743680
1525301160319541249
1525301162056257536
1525301163033346048
1525301166162198534
1525301173410045956
1525301174873767938
1525301179613204480
1525301185921572864
1525301186295136256
1525301189650198529
1525301191269355520
1525301192540229632
1525301194150887424
1525301201419571202
1525301204393369600
1525301206041640962
1525301225792544769
1525301230364413952
1525301231413080065
1525301245409386496
1525301246671953921
1525301247024238594
1525301248416616448
1525301253172932608
1525301254993240065
1525301256658485249
1525301262681612289
1525301265613324288
1525301265701679104
1525301268683452416
1525301274849206272
1525301275830648833
1525301279689515008
1525301285347639298
1525301285624418304
1525301286714892289
1525301288770084864
1525301294407135232
1525301298106576896
1525301299276926977
1525301303819354112
1525301305002147847
1525301306189045760
1525301308252643329
1525301309066321922
1525301310072963073
1525301311775854593
1525301317257658368
1525301317862051840
1525301323134124033
1525301325910753280
1525301326816616448
1525301329765203968
1525301332139200512
1525301334513156097
1525301334702018560
1525301336446840833
1525301342079795200
1525301346487783425
1525301350858379270
1525301350833217536
1525301352141832194
1525301352997462018
1525301354012475394
1525301354557853696
1525301354427584512
1525301356642324480
1525301357082726402
1525301359293173761
1525301363080671232
1525301371142131718
1525301375571267585
1525301376703729670
1525301380621254656
1525301380952489985
1525301385218211845
1525301386526826496
1525301389110435840
1525301392889499648
1525301398929395712
1525301412552376322
1525301413315850240
1525301414444015622
1525301428234985472
1525301432735375360
1525301437428908039
1525301437437190144
1525301438875836418
1525301440490749952
1525301442785030144
1525301448828809217
1525301452092088320
1525301460950712320
1525301467283968000
1525301471549566976
1525301472224854020
1525301480755892226
1525301481934569472
1525301483700473861
1525301494492413954
1525301496111591424
1525301496295964672
1525301497357029376
1525301499257098241
1525301501534449665
1525301502100787202
1525301511286312961
1525301514742509568
1525301515203772417
1525301515241541632
1525301518391549953
1525301521570725893
1525301526989721602
1525301529363750914
1525301536766951424
1525301540050948096
1525301540327763973
1525301541464330240
1525301553430675456
1525301559533391872
1525301560607121409
1525301562234523648
1525301564419760129
1525301565044801536
1525301566084812800
1525301568924315655
1525301567402004480
1525301570627416064
1525301575085875202
1525301576776224773
1525301578164449280
1525301579909369856
1525301582451154946
1525301582568595456
1525301582585376769
1525301585445896192
1525301586095898625
1525301586402103304
1525301596254527489
1525301596422172674
1525301597466775553
1525301603628158976
1525301606803197952
1525301608917131264
1525301609797926913
1525301610632695808
1525301615644794880
1525301616005500928
1525301619805433856
1525301620531048448
1525301622275907584
1525301622737457154
1525301623962091520
1525301632749162496
1525301635681071104
1525301636725362689
1525301637132197888
1525301638277345282
1525301638667304961
1525301644115775492
1525301644296167424
1525301644488896512
1525301644614897668
1525301655599710209
1525301658791854080
1525301659965853697
1525301675585585152
1525301677204869120
1525301678093631488
1525301689061892096
1525301689988829186
1525301690785742849
1525301691012227072
1525301694426497029
1525301695164690433
1525301701112209409
1525301710553550849
1525301713854406656
1525301721634721792
1525301732485607424
1525301740102651904
1525301744967852032
1525301745496125440
1525301749388435457
1525301752894988290
1525301754656477186
1525301754996441088
1525301762378317825
1525301766891397125
1525301774533419009
1525301783957893121
1525301784335757312
1525301785874808833
1525301786382323712
1525301790866276352
1525301803792965632
1525301804858327041
1525301808910028800
1525301815352479744
1525301817533415427
1525301819760693249
1525301819857051648
1525301823480901632
1525301826605678592
1525301830770647042
1525301832624574464
1525301835271221248
1525301836563070976
1525301837758402561
1525301838970494977
1525301842754011136
1525301842787328002
1525301849665982466
1525301853923287040
1525301854636331008
1525301863289131008
1525301866728407040
1525301868469096448
1525301869848866816
1525301872810237952
1525301874777260033
1525301876140408834
1525301879009427457
1525301883807612928
1525301884096892928
1525301884214358016
1525301884805861376
1525301887737675778
1525301900433825794
1525301900899684358
1525301901834612736
1525301902526889985
1525301907924963335
1525301910781034497
1525301914753191937
1525301922298830848
1525301924211621888
1525301925033525249
1525301927071911936
1525301928099471361
1525301933669507073
1525301933652824065
1525301941613608962
1525301942473265152
1525301954544549891
1525301954280411140
1525301955442409472
1525301976568832000
1525301977508372481
1525301983313289217
1525301986769489925
1525301989730549762
1525301992335237121
1525302004092137473
1525302005798948865
1525302012593811456
1525302015450140672
1525302017136111616
1525302017710858241
1525302017891225601
1525302025474408448
1525302026116161538
1525302028104253440
1525302030440472579
1525302031791136769
1525302033569533954
1525302035138109441
1525302036518080515
1525302037382037504
1525302037604233217
1525302038699331584
1525302039579959296
1525302040326721536
1525302042478227457
1525302049314701312
1525302050103382016
1525302062539579398
1525302071649619968
1525302072823844865
1525302077970423810
1525302083162890240
1525302087176687616
1525302090947473408
1525302093111709696
1525302095435423748
1525302097343918080
1525302097628917760
1525302097805135872
1525302103199072256
1525302103995981826
1525302104633577472
1525302104662884352
1525302106751647746
1525302113114398720
1525302114200739841
1525302115622703104
1525302116671180800
1525302132966313984
1525302137701470208
1525302141291745281
1525302141430247425
1525302144940785664
1525302148694933504
1525302159012773889
1525302160254173184
1525302163710390272
1525302166029844481
1525302168550400000
1525302169611685893
1525302175328518147
1525302176645627904
1525302182106451968
1525302182320701440
1525302183025057792
1525302184790851584
1525302195217833985
1525302195457081344
1525302199282196483
1525302203904184320
1525302206165286912
1525302208769695744
1525302210585821185
1525302211806478341
1525302214528577539
1525302218664161281
1525302219410550785
1525302224062119938
1525302234397184000
1525302241346953216
1525302242588229633
1525302244144709634
1525302249844527105
1525302253237719043
1525302256857452547
1525302270010830848
1525302274758672385
1525302275098279936
1525302282111201280
1525302282761474049
1525302283881353216
1525302295931535362
1525302296640380928
1525302302269136896
1525302304005554178
1525302304726994945
1525302304437460992
1525302308061454343
1525302310091427840
1525302312100585477
1525302315728642053
1525302320262615041
1525302321294344192
1525302324125904897
1525302326310731776
1525302327804153856
1525302328005361665
1525302334259023872
1525302338952794112
1525302344904228864
1525302345017348096
1525302347068473345
1525302350944010240
1525302352823066624
1525302354874183681
1525302357835358209
1525302362436472833
1525302375967342592
1525302376604770306
1525302378232049666
1525302378487902208
1525302382925520897
1525302383231717376
1525302384825712641
1525302395571404800
1525302395571523585
1525302400348741632
1525302403074912256
1525302409123201024
1525302418048696321
1525302418627436544
1525302419676094466
1525302420024139776
1525302422914015232
1525302424000294912
1525302441125748736
1525302445454262272
1525302447266320389
1525302448629374976
1525302450818883585
1525302451951218688
1525302452395778048
1525302456393125888
1525302457013657600
1525302466950094850
1525302467692568577
1525302467730165760
1525302468409794560
1525302471912046596
1525302472625242112
1525302472973029376
1525302480942387200
1525302483865612288
1525302486726107137
1525302492501770245
1525302493009297408
1525302495186132993
1525302498164080641
1525302499082739712
1525302501150543874
1525302501624381441
1525302505424490497
1525302507307732993
1525302514425466883
1525302515121770498
1525302517554454528
1525302519085166594
1525302519471153152
1525302522864406528
1525302523590062082
1525302525859069952
1525302528367202304
1525302528568709120
1525302530032472065
1525302536382451713
1525302536831475712
1525302539016626176
1525302542564855808
1525302543705833473
1525302546390298624
1525302550534266881
1525302554405511168
1525302554330013700
1525302557106655234
1525302558981496832
1525302564824223745
1525302570872360962
1525302571505799168
1525302572264738816
1525302572881428480
1525302576232660993
1525302589037887488
1525302593815072769
1525302594138214400
1525302594691801089
1525302594805063681
1525302595064954880
1525302595476135939
1525302595522285574
1525302596969299968
1525302607295791104
1525302611226017797
1525302623682695169
1525302625633284098
1525302626002386952
1525302626975350785
1525302630162911232
1525302630649585666
1525302637515661315
1525302638568517633
1525302645728108544
1525302646072086533
1525302650677379075
1525302650740285441
1525302652510298113
1525302658541752320
1525302660114554887
1525302663952359425
1525302667655913473
1525302674857525248
1525302677756051456
1525302677801824256
1525302680561897472
1525302682415779842
1525302689877442561
1525302692767309824
1525302693325115394
1525302693815795714
1525302697376681989
1525302698668703744
1525302701193449472
1525302704297324544
1525302708248358913
1525302709980520450
1525302710844674051
1525302713252184065
1525302712857858048
1525302714661584899
1525302716859355137
1525302719430508546
1525302723226238976
1525302724698558464
1525302726581579776
1525302731187146754
1525302732197924864
1525302733930217472
1525302734248984576
1525302738992570370
1525302745493819392
1525302747783913473
1525302763629924353
1525302766549274624
1525302771695484928
1525302778037514242
1525302778423386112
1525302782688886784
1525302783305449472
1525302791304097792
1525302794705567745
1525302798979432454
1525302801664032773
1525302802968367105
1525302811428274179
1525302815140110336
1525302818713743360
1525302828478210049
1525302828570398721
1525302830470414336
1525302832324280320
1525302834085994497
1525302838762545153
1525302854734315520
1525302856181497856
1525302861063720961
1525302861206278144
1525302863592824834
1525302871322935297
1525302876934897672
1525302878897950722
1525302883138273286
1525302885189160960
1525302885239689216
1525302888620339201
1525302892177117184
1525302905896673281
1525302910443200512
1525302911919706113
1525302918164926469
1525302920408879104
1525302922942287872
1525302925878349824
1525302931276406784
1525302933071486977
1525302933826437121
1525302937362173952
1525302938125668352
1525302948422909952
1525302948816990209
1525302951438299137
1525302956584755200
1525302959231336452
1525302965174603776
1525302970329534464
1525302973571555328
1525302973680783361
1525302977208414208
1525302978105774080
1525302980228132864
1525302981964570624
1525302989388398593
1525302993645707265
1525303010376785920
1525303018547122176
1525303021311143936
1525303027489439744
1525303028198391808
1525303030945665024
1525303034225598465
1525303036989538304
1525303038650351616
1525303038914596864
1525303042077245440
1525303042823823361
1525303043285258240
1525303051560550402
1525303053833805824
1525303053963886592
1525303056212049920
1525303059936468992
1525303062360776704
1525303064646897668
1525303066567839744
1525303069172441088
1525303069839446021
1525303072540528641
1525303072854986757
1525303074851520515
1525303075233218561
1525303075526922240
1525303087228932096
1525303093914505216
1525303098897473536
1525303106321498114
1525303108234100742
1525303109542629377
1525303110624636931
1525303110536667138
1525303114194108416
1525303116236832769
1525303127578136576
1525303133043318784
1525303133781561344
1525303135576670208
1525303136763666432
1525303143159853061
1525303145404018688
1525303145949192192
1525303151414452224
1525303153171869697
1525303159731671050
1525303160382046209
1525303162890076167
1525303164760621056
1525303164190064640
1525303165670801409
1525303177658216448
1525303179704795136
1525303183039676416
1525303185719500800
1525303186633940999
1525303188563415041
1525303191700643841
1525303192342433792
1525303198294081538
1525303204233216001
1525303208909889538
1525303209803259906
1525303215171981312
1525303215193051136
1525303216241627138
1525303219282485248
1525303224181440512
1525303225565564928
1525303227582922756
1525303234130329600
1525303237867347969
1525303246121730048
1525303246599753730
1525303248265019392
1525303249523208192
1525303253105115136
1525303254451724290
1525303255101853697
1525303258104877058
1525303265436618759
1525303268984995841
1525303271770013697
1525303277507727360
1525303278858166272
1525303280150138880
1525303280225685504
1525303280452218880
1525303280695492609
1525303282331275265
1525303282654232577
1525303283488854016
1525303285543972864
1525303287578341376
1525303288702328832
1525303290073780224
1525303299356135424
1525303299481784321
1525303299855073280
1525303300458938368
1525303300677156868
1525303307601862656
1525303307765526530
1525303309556502528
1525303313239097346
1525303320058929154
1525303321913102336
1525303325566160897
1525303326279016448
1525303326560161798
1525303329919602693
1525303332864241666
1525303339461709826
1525303340170727426
1525303341177257984
1525303343958073348
1525303346499768320
1525303352279633923
1525303352724185091
1525303355790213121
1525303359313428481
1525303368331165699
1525303376161951744
1525303378254999552
1525303382503833600
1525303385334984704
1525303390703697922
1525303391529967617
1525303394428231680
1525303399000023040
1525303402393178113
1525303403098046464
1525303403110449153
1525303409746006016
1525303421875765248
1525303422848843776
1525303429870063616
1525303430809632768
1525303438078160898
1525303438287978497
1525303438820663296
1525303439038750720
1525303443509784576
1525303446257033216
1525303446898823168
1525303449985986560
1525303449998458881
1525303464624013315
1525303466817486848
1525303467098705921
1525303468474437632
1525303468813996034
1525303478536527872
1525303480402968576
1525303481564688385
1525303482906906624
1525303483351670785
1525303490800517120
1525303497645867008
1525303504662695936
1525303507439452160
1525303526578061313
1525303528104894465
1525303533393920001
1525303535876853760
1525303539131629569
1525303540339589120
1525303544378757120
1525303544651427841
1525303552301834240
1525303555728482309
1525303565136297984
1525303575680798720
1525303579141193728
1525303583184408576
1525303589530378240
1525303590293843969
1525303602599714816
1525303608094380032
1525303608870313984
1525303611495956481
1525303619343507457
1525303620073234432
1525303628189159425
1525303629741060096
1525303636636618755
1525303641409835009
1525303644005990400
1525303646547808256
1525303648212885504
1525303649488056321
1525303653258743811
1525303655435423746
1525303657440460800
1525303658006683648
1525303660254793729
1525303671944368130
1525303672401547264
1525303682509598720
1525303683726004224
1525303684279816192
1525303685764587520
1525303693607845890
1525303697013710848
1525303697869352960
1525303697907007490
1525303699740020736
1525303699979239425
1525303714164121600
1525303718815576064
1525303720061595650
1525303726684385283
1525303728013594624
1525303728814731264
1525303739912970240
1525303742362488833
1525303742618271744
1525303746246414338
1525303749241077760
1525303751485046784
1525303760750247936
1525303761324888065
1525303766966476801
1525303766995636226
1525303767545126913
1525303771840008198
1525303772121124865
1525303775937843200
1525303778483781632
1525303793738563584
1525303795420483586
1525303799568547842
1525303805146980352
1525303815741788161
1525303819235733505
1525303825023782913
1525303830895796225
1525303835257884673
1525303836310654978
1525303837350846464
1525303842010804225
1525303850638393344
1525303854556127233
1525303860146872325
1525303873371529216
1525303873426030592
1525303878274600960
1525303880866623489
1525303893789392896
1525303896951898113
1525303897589698560
1525303898143133696
1525303898512269314
1525303900403912710
1525303903268610049
1525303903952244736
1525303912579973122
1525303914328952832
1525303919089524737
1525303926601535488
1525303930883911686
1525303933421473792
1525303937301196801
1525303939368988673
1525303942191665153
1525303943458430976
1525303944808906752
1525303946302078976
1525303948357226497
1525303951008186368
1525303957668651008
1525303961200230401
1525303963184254976
1525303967542132741
1525303974659870721
1525303979839827971
1525303980150120448
1525303980141813761
1525303980720590848
1525303996713402368
1525304001469640704
1525304005911511040
1525304009392680960
1525304013658497024
1525304015646515200
1525304018989461504
1525304020574822401
1525304022793478144
1525304022709719040
1525304024500785154
1525304027143077890
1525304031123480576
1525304033715568640
1525304038836903936
1525304041231765506
1525304045262589952
1525304052724031488
1525304053218955264
1525304056318676996
1525304057774088197
1525304070680023040
1525304070818254848
1525304072827551745
1525304073041371136
1525304073351725057
1525304076212260865
1525304085343256576
1525304085414653952
1525304085762781184
1525304087725899776
1525304093182513155
1525304097636864000
1525304098878148610
1525304101323653120
1525304106331652099
1525304111658319872
1525304111897403393
1525304112199483394
1525304114682404865
1525304118226608128
1525304120206409731
1525304122706391040
1525304124148965377
1525304125797281793
1525304135238795264
1525304139747581952
1525304139843919872
1525304142079598593
1525304142969061376
1525304142855544834
1525304150439129090
1525304155325308928
1525304159460810752
1525304162367463424
1525304163328053248
1525304164196265984
1525304168369381378
1525304169116143616
1525304173293469697
1525304179379552256
1525304188560936960
1525304189512843265
1525304192906280961
1525304195414384644
1525304196555280384
1525304198140526597
1525304198660870144
1525304204084056068
1525304208194420737
1525304209373003777
1525304212556599302
1525304224384716800
1525304226964025344
1525304228104880129
1525304228956323841
1525304230826876928
1525304231175016448
1525304232538214400
1525304234161229825
1525304235734204416
1525304235956764673
1525304240612204544
1525304242369884160
1525304251592937472
1525304251441942530
1525304259025244160
1525304261533437954
1525304263743791107
1525304280718184450
1525304282119032832
1525304282798608389
1525304284081946625
1525304284321140737
1525304284413317120
1525304285621272582
1525304288104390656
1525304295469481984
1525304296018960385
1525304295964299264
1525304297801408512
1525304319238610950
1525304322380206088
1525304323579822086
1525304324435451905
1525304332052099073
1525304333302120448
1525304333977505793
1525304349878104064
1525304355947270149
1525304358417858560
1525304359336423424
1525304363140399105
1525304367456440320
1525304371612745728
1525304371797450755
1525304373231894534
1525304377468067840
1525304388587233281
1525304389631717378
1525304398607433734
1525304399299588103
1525304406274883585
1525304408224935936
1525304412838588416
1525304421839667205
1525304423773261825
1525304427757854720
1525304428441399297
1525304429108310016
1525304438088409089
1525304438545453056
1525304443331350529
1525304446313549825
1525304446674157568
1525304448104423424
1525304456685961216
1525304458078470146
1525304460221612033
1525304460695572480
1525304467406876672
1525304471248637952
1525304494875082752
1525304496527659009
1525304497446129665
1525304502345117696
1525304505759416320
1525304507420360704
1525304509919920128
1525304511102799872
1525304513568993281
1525304514051461121
1525304514651340803
1525304514835881985
1525304519000612864
1525304520984641536
1525304524935675905
1525304526793842688
1525304529343873026
1525304536679649280
1525304536956542977
1525304550826991616
1525304552324481024
1525304555562491904
1525304559144419328
1525304579717464065
1525304580384382978
1525304585920946177
1525304596134076421
1525304596813385728
1525304600504328192
1525304601666277376
1525304609228701696
1525304617025822720
1525304629067751424
1525304629071953920
1525304630267334662
1525304633354334209
1525304634033811456
1525304637754073088
1525304641193639936
1525304641856094208
1525304643575848960
1525304650890887168
1525304654632038400
1525304655193964546
1525304656267816961
1525304656255234048
1525304657106583553
1525304667072352256
1525304676505239552
1525304679441305601
1525304679860781057
1525304680116633601
1525304681567817730
1525304681773563904
1525304682062692352
1525304682847019008
1525304684759613441
1525304685619466243
1525304687137722369
1525304690719838214
1525304693391601665
1525304698521141248
1525304707043975168
1525304708621025281
1525304709048946688
1525304710265282565
1525304712014221314
1525304714526707713
1525304715268980737
1525304720394534912
1525304724676812800
1525304726287433728
1525304727025631233
1525304727596040192
1525304729034805250
1525304732230770693
1525304734474969088
1525304736378929152
1525304739302449153
1525304749666476032
1525304753776992257
1525304759879667712
1525304762371022849
1525304762312409090
1525304764258459648
1525304764526886912
1525304765772664832
1525304770063257600
1525304771783139328
1525304773607571457
1525304776422002688
1525304777185579008
1525304779878158336
1525304781505429505
1525304784500162561
1525304787016855552
1525304795426267136
1525304801323585539
1525304805270470656
1525304806587383810
1525304812987883521
1525304813084344320
1525304816213405697
1525304822358245376
1525304823108755456
1525304826246070272
1525304827609501702
1525304832009158661
1525304833124847617
1525304839168741376
1525304846848770048
1525304850870837249
1525304853521649664
1525304853597245441
1525304853731606538
1525304855543291905
1525304864334655489
1525304873516150784
1525304879358550017
1525304879857733632
1525304880109391872
1525304881917091840
1525304882755944449
1525304886161813506
1525304887633883136
1525304889529835526
1525304889584545792
1525304893400969216
1525304894009200642
1525304895422795776
1525304898094505992
1525304898878849026
1525304898748833792
1525304900871389184
1525304905237467136
1525304910794850306
1525304912086806528
1525304912992784385
1525304913298788352
1525304917073678338
1525304917044383745
1525304923012968450
1525304929040187393
1525304930503901184
1525304931594412033
1525304936011030528
1525304938502529024
1525304938837905408
1525304941895639042
1525304942692646912
1525304950141722624
1525304952545071105
1525304956861001730
1525304960090513408
1525304960564576256
1525304967635931136
1525304967749304321
1525304967833309185
1525304968135294976
1525304969951420418
1525304973831053314
1525304976762888193
1525304985193439232
1525304987945177088
1525304995633147904
1525304997075820545
1525304997839249410
1525304998279622656
1525305002079797249
1525305005703630851
1525305008471740416
1525305008836722689
1525305016717918214
1525305027190853633
1525305033901985792
1525305035231571970
1525305041854291969
1525305042160521216
1525305042525425666
1525305043599204352
1525305046048595969
1525305047160172544
1525305048288329731
1525305054508482560
1525305058417684484
1525305060887998464
1525305063731863553
1525305072254599168
1525305073206583297
1525305081079287813
1525305085257039872
1525305096711639040
1525305099630804992
1525305103011524612
1525305108577370112
1525305108783067136
1525305114969489415
1525305118282891264
1525305119587311617
1525305121457971200
1525305124004200448
1525305124867956736
1525305125996220416
1525305141670203392
1525305144149102593
1525305146179305473
1525305148460892161
1525305156623032320
1525305157814132738
1525305163472375808
1525305164940312577
1525305166500618240
1525305167830126592
1525305170447388672
1525305170745237505
1525305170816557057
1525305172678918144
1525305174520127489
1525305175375757312
1525305176592363521
1525305179330985984
1525305182128680960
1525305191783968769
1525305193356722176
1525305200281628674
1525305210494767104
1525305213602742280
1525305221525606400
1525305238080528384
1525305239439646722
1525305240320299008
1525305244670136320
1525305248591630337
1525305250256756741
1525305252018274305
1525305252148387840
1525305252357894144
1525305259043737600
1525305260570460160
1525305263548514306
1525305273367375873
1525305276768956417
1525305277419073536
1525305279478382592
1525305283739676672
1525305293248286722
1525305293592223750
1525305293634211840
1525305293600604162
1525305293751693313
1525305294552588288
1525305296410796032
1525305297446875136
1525305303142649857
1525305306443657216
1525305314119131136
1525305317319401474
1525305317734621184
1525305323145371655
1525305327373234177
1525305328291782658
1525305330237857792
1525305336579620865
1525305343135232000
1525305349863051266
1525305355651235840
1525305356410400768
1525305357815250944
1525305360944340992
1525305365969129473
1525305370155024385
1525305385397125121
1525305389704781827
1525305392255086592
1525305398122762243
1525305400786096130
1525305403071942656
1525305405240377344
1525305405743804416
1525305417483567104
1525305418414702595
1525305418473361408
1525305422147727361
1525305428019666944
1525305433770057730
1525305434554642432
1525305436169289730
1525305450060992512
1525305454389350401
1525305455337168896
1525305456662659072
1525305459262906368
1525305479911571458
1525305480217735168
1525305484764336128
1525305484961513474
1525305491647172608
1525305491672313856
1525305499352195074
1525305502015442944
1525305502917619712
1525305512199221248
1525305512170078209
1525305514615349249
1525305516548816898
1525305517249286146
1525305518897741825
1525305524203421697
1525305524702543873
1525305525558206471
1525305529563684864
1525305539336413185
1525305539575554050
1525305542725365760
1525305545090953216
1525305546764525600
1525305547364376576
1525305549004349441
1525305551793623043
1525305552644997121
1525305552942862336
1525305555635556352
1525305559880282112
1525305565408382976
1525305567522201603
1525305567404752902
1525305569116053504
1525305571196358659
1525305572148531201
1525305573541089280
1525305574082084864
1525305574287675392
1525305575009050624
1525305579454885888
1525305580356784134
1525305584173862912
1525305587113906177
1525305587914915842
1525305589768892419
1525305590112833536
1525305591916285953
1525305593170378757
1525305595926134787
1525305596223795207
1525305596815155200
1525305599646375936
1525305604662861824
1525305604742455296
1525305613311528961
1525305616633188353
1525305617539293185
1525305618336206849
1525305620143947778
1525305620819234818
1525305621020565504
1525305624111763456
1525305626536161281
1525305628482187264
1525305639458816002
1525305640029143040
1525305646618398720
1525305650250940416
1525305652251447297
1525305652016390144
1525305653023150080
1525305665161465859
1525305667745198083
1525305668038758401
1525305669150285824
1525305670874144768
1525305675735261184
1525305676305772551
1525305680306941953
1525305685214232576
1525305688813101056
1525305692671954950
1525305695775903744
1525305699294511104
1525305699135373313
1525305700435599360
1525305708496945152
1525305713781792775
1525305714411032578
1525305721830653957
1525305722879320064
1525305723072049152
1525305725005844480
1525305729275641857
1525305729330053120
1525305730152157191
1525305733272723456
1525305732815433728
1525305734413557762
1525305740071735296
1525305740294033408
1525305741250281474
1525305743347523584
1525305744710574081
1525305746124324864
1525305746207956992
1525305751262085120
1525305758639865856
1525305759189303296
1525305759738773505
1525305760262918146
1525305770736222208
1525305775324733440
1525305779892367360
1525305780856950784
1525305783709220864
1525305784149614593
1525305785760235520
1525305795063300097
1525305798221365253
1525305804227629057
1525305811878219782
1525305811890741248
1525305823936753664
1525305827657396224
1525305829540380672
1525305832006529025
1525305838667194368
1525305845029953536
1525305855536771072
1525305857956712450
1525305862214111232
1525305866156707841
1525305867050004480
1525305867901538305
1525305883353403392
1525305885408501762
1525305887618891776
1525305894426263553
1525305897332899842
1525305899262279680
1525305903729319938
1525305905008484354
1525305920913391616
1525305924298362880
1525305926428766216
1525305926563115010
1525305927532150784
1525305928127549441
1525305928970551299
1525305930015186945
1525305930333700096
1525305935874367488
1525305940265914370
1525305940324515842
1525305940152565762
1525305942153211904
1525305946892906497
1525305948532785152
1525305948499222528
1525305948432220160
1525305952332922880
1525305953788338176
1525305957303074816
1525305958787731456
1525305958892814336
1525305967692460043
1525305973044391936
1525305980459925504
1525305985094586368
1525305985534943233
1525305990807048192
1525305991818006532
1525305993499918337
1525305996255559681
1525305996373024769
1525305998034014209
1525306004702830597
1525306013171306496
1525306013913686017
1525306015302004736
1525306020708470784
1525306030070046722
1525306032892821504
1525306032808927232
1525306036164468739
1525306036739096576
1525306042237833219
1525306042736734210
1525306045043773440
1525306050232057856
1525306053059039240
1525306063754612736
1525306064123609088
1525306064245170176
1525306077692186624
1525306087183892483
1525306091176796160
1525306094251540481
1525306101964623872
1525306108671320065
1525306112198823937
1525306125167472640
1525306128820838400
1525306129978359808
1525306132742475776
1525306137330995200
1525306138840944640
1525306138950090758
1525306145220460544
1525306149871968257
1525306152984227842
1525306153500024835
1525306161527939073
1525306161934630912
1525306167672676352
1525306168989696002
1525306171762040832
1525306173154533376
1525306174274412544
1525306175314591744
1525306182625374215
1525306184810516480
1525306187591335936
1525306189713551361
1525306193174044675
1525306194616799233
1525306199998025729
1525306206193078273
1525306209246531584
1525306211230535681
1525306220738920450
1525306225386467328
1525306237042171906
1525306237470003201
1525306237746921472
1525306238216830976
1525306238501797888
1525306240104013824
1525306245321826305
1525306251223126018
1525306251931856897
1525306254385631233
1525306256138854402
1525306261360631811
1525306261109342208
1525306268830904326
1525306271351848960
1525306273310572544
1525306274421809153
1525306278544912384
1525306282579832838
1525306286161674241
1525306289894604800
1525306305833013248
1525306306097184773
1525306311302324225
1525306322656296960
1525306326422900736
1525306326489915392
1525306330101297152
1525306337441288192
1525306342042476546
1525306342080135170
1525306352981094400
1525306353681457153
1525306354218504192
1525306357741658112
1525306358257573888
1525306364171808768
1525306377043955713
1525306377991766017
1525306384174043137
1525306389962362880
1525306390687916032
1525306391828652032
1525306392277573632
1525306397965131776
1525306402981523458
1525306404319416321
1525306405942611968
1525306409688223744
1525306413228204034
1525306413156904961
1525306414608044032
1525306415794954245
1525306425202860032
1525306429380386818
1525306429459922944
1525306432945590272
1525306439694262273
1525306445784354816
1525306449051754496
1525306449806729216
1525306452570566661
1525306454688661504
1525306459910701056
1525306465409454082
1525306467510788096
1525306476864077826
1525306490357161986
1525306494761062400
1525306501170139137
1525306502575460352
1525306504047476737
1525306509546209287
1525306511622164481
1525306514080116736
1525306518937157632
1525306519671255041
1525306524070842368
1525306525316947969
1525306526549671936
1525306527434809346
1525306529498517505
1525306530274414594
1525306531734073346
1525306532010807296
1525306533625593857
1525306536473640961
1525306536842899458
1525306540214734848
1525306542106595328
1525306546778955776
1525306549668675584
1525306551128535040
1525306553959587841
1525306557138980871
1525306560121118720
1525306569847611394
1525306570648829954
1525306584468963329
1525306584787722243
1525306586515775488
1525306586515881984
1525306588055097344
1525306593050607617
1525306596091387904
1525306599966924800
1525306603557249024
1525306604874125312
1525306606451232768
1525306608074506242
1525306609336999936
1525306610045829124
1525306616639373312
1525306621869580289
1525306623509639169
1525306626512650240
1525306626718187520
1525306626802171906
1525306629461143553
1525306630350548992
1525306634700038151
1525306635304026112
1525306640915996677
1525306643746938885
1525306644116258816
1525306644774719490
1525306644883709957
1525306646901100544
1525306650403475456
1525306655377850368
1525306659366658048
1525306660717219843
1525306661748953089
1525306667331633154
1525306669588176897
1525306670418567168
1525306670397722625
1525306683265675265
1525306683265888256
1525306684503166979
1525306697019011073
1525306698273013760
1525306699384496129
1525306703817986049
1525306707823435778
1525306707878068225
1525306711682080768
1525306715394170883
1525306716073906177
1525306717864611840
1525306719026413568
1525306729667481601
1525306733689819137
1525306735103188998
1525306735858135041
1525306744901144582
1525306746947764224
1525306745307865089
1525306749091303424
1525306753335934978
1525306756250861568
1525306759333699584
1525306762055888896
1525306762945089536
1525306763196739584
1525306770394009602
1525306777205559296
1525306777448943618
1525306778308825088
1525306787573923840
1525306788198989824
1525306795245330432
1525306797153828866
1525306801989853185
1525306806779658245
1525306813960400896
1525306815709253632
1525306818246782976
1525306820826365953
1525306824345407489
1525306824722812928
1525306827310878720
1525306827788931073
1525306830406270976
1525306834789318658
1525306841546338307
1525306842175488000
1525306843504975872
1525306844352106497
1525306845702807554
1525306848139694080
1525306851813953537
1525306856142413826
1525306857619091457
1525306862735745024
1525306862693888001
1525306864757616640
1525306865185239040
1525306884256698368
1525306885620092928
1525306887171985409
1525306891445862400
1525306892699856896
1525306898605539333
1525306903634804736
1525306904582537216
1525306905526251522
1525306905727488001
1525306907359072256
1525306907820441601
1525306910412529666
1525306911037571075
1525306911842881537
1525306919963004928
1525306926829035521
1525306928426983424
1525306929513484290
1525306935716859905
1525306938916950017
1525306940712226816
1525306942431891457
1525306945904726016
1525306947343372290
1525306949922918401
1525306950552100866
1525306961524363264
1525306970592317447
1525306971389415426
1525306972370780161
1525306974899998721
1525306977332736003
1525306979287470081
1525306983066308608
1525306983435452421
1525306984332861440
1525306988103512064
1525306989365952512
1525306990418964480
1525306993803546624
1525306996030902273
1525307001127026688
1525307003626659840
1525307004708720640
1525307005157527552
1525307007708065792
1525307008454361089
1525307010224365568
1525307010329321475
1525307022496997382
1525307022731890688
1525307024115908608
1525307032554938371
1525307036451409922
1525307038150144001
1525307043346796544
1525307044202684416
1525307046974963713
1525307049210531840
1525307053002362880
1525307056537976832
1525307057045381123
1525307074489499648
1525307075013685249
1525307077949853696
1525307082802708481
1525307087689072641
1525307089261932546
1525307089916141572
1525307090012897281
1525307096715038720
1525307099579879424
1525307100406108161
1525307102260076547
1525307104168394752
1525307105699315713
1525307109508026368
1525307111105875968
1525307112376573953
1525307116495552512
1525307118408110080
1525307118760361984
1525307121855877120
1525307123533586432
1525307128436731909
1525307131037208576
1525307137303248897
1525307137437605888
1525307144962203649
1525307149135519747
1525307156622462981
1525307172623732744
1525307178743173122
1525307178843787264
1525307188633288705
1525307190369832961
1525307196539654144
1525307200658616320
1525307205112983553
1525307206857629696
1525307207029604353
1525307208409423872
1525307210703814656
1525307216202543104
1525307218823770112
1525307222699515906
1525307223026573314
1525307223919968257
1525307224595259393
1525307225836748800
1525307239896125440
1525307244673482752
1525307245571067904
1525307246233759745
1525307248603500544
1525307249496928256
1525307250058924035
1525307252806148096
1525307254915772416
1525307259206742016
1525307263510007810
1525307265171042306
1525307267712794626
1525307269369454592
1525307271256887297
1525307272020348928
1525307272372670465
1525307275820212224
1525307284024446977
1525307284305465345
1525307285227966466
1525307290127159296
1525307292052168705
1525307293675446274
1525307299086098432
1525307299627163648
1525307305491066880
1525307309471191040
1525307311895486465
1525307314315706368
1525307319134961665
1525307319994978304
1525307327041228800
1525307331965116416
1525307334117199874
1525307338546110465
1525307343164125184
1525307347563958274
1525307358716604417
1525307360679534592
1525307360876630016
1525307365532180481
1525307366761193478
1525307375443292160
1525307379839033344
1525307381252489216
1525307384058417152
1525307391310499847
1525307392799428608
1525307395559329793
1525307398319226880
1525307398394724357
1525307401590669313
1525307403897544707
1525307407114674177
1525307407928377344
1525307408939089920
1525307409719341057
1525307410767826945
1525307410751291392
1525307417420079104
1525307422553821184
1525307425846603776
1525307426177785856
1525307430518853633
1525307431743475712
1525307439104438272
1525307442585817089
1525307445098057729
1525307449804214274
1525307450274062337
1525307456154484736
1525307457198768128
1525307462596820997
1525307466996760576
1525307470066876421
1525307474093428737
1525307474693148672
1525307476454825984
1525307480229965825
1525307493496373250
1525307495610077184
1525307497195704321
1525307511338852352
1525307514308395008
1525307518834167808
1525307519014694912
1525307520482430977
1525307524085587968
1525307529835601920
1525307529869242368
1525307532696330241
1525307534092800000
1525307536580157441
1525307549393817601
1525307555089723392
1525307561246961664
1525307565155840000
1525307567899086848
1525307568792293376
1525307569949925376
1525307576820318213
1525307578498031622
1525307579844333569
1525307592729415682
1525307592955727872
1525307595942158336
1525307597422747649
1525307598802673666
1525307600170110976
1525307601352724480
1525307601298239489
1525307605140221954
1525307607556276225
1525307620063686658
1525307620478922753
1525307622122979328
1525307624006246400
1525307626782969856
1525307627969736704
1525307651168641025
1525307651718103040
1525307660723228672
1525307661012566016
1525307663336210432
1525307663386652672
1525307665810968576
1525307669061505026
1525307669401174017
1525307673574612992
1525307676892209152
1525307684521750528
1525307685310148609
1525307691891138561
1525307692251631617
1525307692835045376
1525307693480792064
1525307696731213824
1525307698715181057
1525307702381096967
1525307713713995776
1525307720286588929
1525307723201527810
1525307729753309185
1525307732533952514
1525307733242589187
1525307739798392832
1525307740343640068
1525307744357597186
1525307746970746882
1525307747624951808
1525307753941565446
1525307758844977152
1525307765735956480
1525307770194513923
1525307774887936000
1525307776100012032
1525307781808500736
1525307785222684673
1525307785315078145
1525307785679880195
1525307793036791809
1525307796824027136
1525307802595561472
1525307802780065792
1525307803212070913
1525307804436811776
1525307807460990977
1525307808987901952
1525307814758916115
1525307827526455297
1525307829413888000
1525307831930564608
1525307836862976000
1525307843632672768
1525307843921989633
1525307844383449088
1525307846463725570
1525307848342880256
1525307849462538241
1525307853598347266
1525307862314110978
1525307863408812034
1525307868378845184
1525307869486358528
1525307871319142400
1525307874410434561
1525307874620096513
1525307879758123015
1525307884485197826
1525307887094059011
1525307893293142016
1525307894635196416
1525307895637692417
1525307895713345536
1525307896904433664
1525307902466134016
1525307910867324930
1525307911173455873
1525307914973585409
1525307918257635328
1525307918626828288
1525307921273323526
1525307921558556672
1525307921873227776
1525307923685154816
1525307923915849728
1525307925429997569
1525307926210129920
1525307928038649856
1525307929842311168
1525307930815471617
1525307938545537025
1525307942723010561
1525307943868055553
1525307947575914496
1525307949526175745
1525307955050168325
1525307958489501697
1525307965275787264
1525307968236961792
1525307970699108353
1525307976847958017
1525307977330266112
1525307979402137600
1525307981377720320
1525307984460627968
1525307988482965506
1525307995885740032
1525307997886500864
1525307998083637248
1525308000176570369
1525308001661464578
1525308008737087489
1525308011270512641
1525308014625837056
1525308015884353538
1525308018744754178
1525308025095049216
1525308025879384064
1525308026491928576
1525308028865548288
1525308036465713154
1525308058112512000
1525308060541009923
1525308066572472322
1525308066605965313
1525308069994827776
1525308073434398720
1525308074013114369
1525308084243005440
1525308098243661824
1525308103348080645
1525308104946089984
1525308106934198274
1525308107164893186
1525308109991792640
1525308114152697857
1525308118938288129
1525308122000154629
1525308133458923521
1525308133849145345
1525308135195410432
1525308136143331328
1525308138420944896
1525308143990972419
1525308144003317760
1525308147690352640
1525308148550017025
1525308153696591873
1525308162408054784
1525308163355987968
1525308168171139073
1525308170247217153
1525308170901520387
1525308170821943297
1525308171622965248
1525308173250445312
1525308176949817345
1525308183107063808
1525308183136423936
1525308183279026176
1525308187959775233
1525308193848672259
1525308194817511424
1525308199007551491
1525308202463768576
1525308203264876546
1525308203256397829
1525308203524935683
1525308206595158021
1525308209107546112
1525308209178763266
1525308213318631424
1525308220293668864
1525308223003185154
1525308224446013448
1525308227268878336
1525308227843391488
1525308229156319232
1525308229521133568
1525308229827317761
1525308229802029056
1525308232339955712
1525308233803476994
1525308235632283649
1525308238710857728
1525308238723485696
1525308240405331970
1525308241684701184
1525308244842774528
1525308245308493824
1525308247711916032
1525308252925440001
1525308253873266688
1525308255265751043
1525308258357067776
1525308259996868611
1525308261511090177
1525308262337458176
1525308264195530753
1525308270172196864
1525308272663724034
1525308274211684354
1525308279580237824
1525308280867762177
1525308289344753664
1525308294419587072
1525308298181939200
1525308298257436677
1525308300941721605
1525308305622683649
1525308309200306176
1525308310517317632
1525308310467096576
1525308312933261312
1525308313604435968
1525308314636017664
1525308317416955905
1525308320713539584
1525308323662290947
1525308326141108224
1525308328737488896
1525308331962818560
1525308331950235648
1525308338648776705
1525308342947565568
1525308343711109120
1525308346592636931
1525308348593328130
1525308349364985857
1525308351218782208
1525308353660211200
1525308357501804544
1525308360312213505
1525308365064519680
1525308365286453249
1525308368470085633
1525308374736375808
1525308377282359296
1525308381778661376
1525308385696047104
1525308395972136960
1525308397222080512
1525308398815825921
1525308398966738944
1525308415723114497
1525308417685995521
1525308417954525184
1525308418872987650
1525308419984564228
1525308422249451522
1525308422966616064
1525308423482523648
1525308435419496448
1525308436963024896
1525308440243056641
1525308441341796353
1525308441778077698
1525308446345764873
1525308450846171142
1525308455137038337
1525308457162768385
1525308460283355136
1525308460128260096
1525308461789204480
1525308463861088257
1525308464347729920
1525308467833020416
1525308468554567681
1525308469548556288
1525308471012249600
1525308471188590592
1525308476402151424
1525308480013336576
1525308483796705281
1525308484169891840
1525308485608652802
1525308487558897664
1525308489161138178
1525308494110408710
1525308495138066440
1525308496178204675
1525308500523601920
1525308502511599623
1525308505581883393
1525308511571218433
1525308513391722499
1525308513798479873
1525308517531492352
1525308519259394048
1525308523038380032
1525308524041224194
1525308527878733824
1525308528566513664
1525308529535483904
1525308534593830914
1525308534967214081
1525308536535777283
1525308538444206084
1525308541615095811
1525308544500768770
1525308545033506816
1525308544920260608
1525308553015218176
1525308553904459777
1525308554516766731
1525308557272440834
1525308563286941697
1525308571226976257
1525308571524616192
1525308580320133121
1525308582920704000
1525308586125139968
1525308587324612608
1525308590507978754
1525308590952546312
1525308595528773632
1525308602520436736
1525308604433084416
1525308604038844416
1525308605683089410
1525308607037902848
1525308609420218368
1525308609927778304
1525308614919000064
1525308617896902656
1525308617934577664
1525308621176840193
1525308624012300288
1525308628718305282
1525308632467898369
1525308632635785217
1525308653418561536
1525308656761315328
1525308657013071872
1525308660284547073
1525308662289506304
1525308663220641795
1525308670816419840
1525308671244537861
1525308676592095233
1525308683042840576
1525308688235384832
1525308689938366464
1525308692228411394
1525308692719190017
1525308693784547328
1525308694883446784
1525308695382347776
1525308698150805512
1525308698779955200
1525308700692316160
1525308702735015936
1525308703028789248
1525308703120973826
1525308715167096834
1525308717566148610
1525308720569364480
1525308723362770951
1525308723434070017
1525308723043790849
1525308724952322050
1525308725237522434
1525308726441218049
1525308727884140545
1525308729968807937
1525308731470266368
1525308744103493634
1525308744816463872
1525308745605124096
1525308745735102464
1525308746364112896
1525308749447036928
1525308759119126529
1525308766996123649
1525308769135218690
1525308770909245442
1525308774592000000
1525308776164872192
1525308779339960322
1525308779323174915
1525308778236628992
1525308789053865985
1525308791952183296
1525308795873787908
1525308797056651266
1525308800114249728
1525308800990863360
1525308800240074753
1525308806200279040
1525308813892517890
1525308815083724802
1525308817646444544
1525308822037876737
1525308824424484864
1525308824789438465
1525308824839671810
1525308825279950849
1525308829524705287
1525308829981876225
1525308839934951429
1525308840090165250
1525308842866839552
1525308843110150145
1525308845697925121
1525308846092062720
1525308848797634561
1525308850945024000
1525308857781821440
1525308858771689472
1525308860738707459
1525308861158248448
1525308861921607680
1525308861959348226
1525308867311292416
1525308868519157760
1525308872767832064
1525308873292369920
1525308877213945857
1525308879218823169
1525308883497017346
1525308884109475840
1525308885346570240
1525308887532027909
1525308891898454016
1525308892510560256
1525308893462773760
1525308897027837953
1525308902404931584
1525308902979645441
1525308909199757312
1525308911930294272
1525308912022470656
1525308916787097600
1525308916879572992
1525308918133624832
1525308919400349699
1525308918842290176
1525308921518383105
1525308927935758336
1525308928803971072
1525308930448056320
1525308937628794882
1525308938018856960
1525308939272953856
1525308939516223490
1525308942615707649
1525308944696193025
1525308946751246337
1525308947367972865
1525308949897134080
1525308951763505153
1525308952820342784
1525308954821152768
1525308957925023749
1525308961746206720
1525308964002377729
1525308971925618688
1525308972567257088
1525308972529500160
1525308973171105794
1525308976404893696
1525308982193139712
1525308985615732738
1525309004049797126
1525309004615979008
1525309005014388737
1525309016146120705
1525309017878405120
1525309020671725568
1525309021770682369
1525309023611854850
1525309024908062721
1525309028838039554
1525309033896460288
1525309039118323712
1525309040670162945
1525309041127350272
1525309042637381637
1525309045472641025
1525309051457904645
1525309052456038401
1525309054020485121
1525309055518007296
1525309055840923649
1525309059783700480
1525309059901038598
1525309062203703297
1525309071980736512
1525309073566191616
1525309075457818624
1525309085683437568
1525309086585147392
1525309087549882370
1525309088938315778
1525309089869627392
1525309091765112832
1525309095498096640
1525309096349429760
1525309096588615681
1525309098933338115
1525309101525581824
1525309110358622209
1525309113659424769
1525309116368953344
1525309120433344513
1525309121930706945
1525309132101885953
1525309137508216832
1525309138305163264
1525309140481998849
1525309156705677312
1525309157796196352
1525309159310499840
1525309160711127042
1525309161608650752
1525309162179149824
1525309165035560960
1525309168768409600
1525309171222052865
1525309181934415872
1525309184312430598
1525309184605949952
1525309184857759746
1525309190926999553
1525309194152329216
1525309195595259904
1525309195570102273
1525309199030403072
1525309200565346305
1525309203681841152
1525309205510602752
1525309206458507268
1525309208563961856
1525309218881908736
1525309222157750273
1525309224632344576
1525309227576840192
1525309234954371072
1525309242399399937
1525309243850690560
1525309246249762816
1525309247944241152
1525309248057806848
1525309262163066880
1525309268362149888
1525309268345470977
1525309269326839808
1525309274796216320
1525309279678472194
1525309283151269894
1525309283637809153
1525309285013639170
1525309284749393920
1525309289308512256
1525309292462583808
1525309294123655169
1525309294098407424
1525309296094769152
1525309303006953474
1525309310053535744
1525309310808498179
1525309317271920640
1525309325366935553
1525309326562316289
1525309329087266821
1525309338218377218
1525309338348290048
1525309346149765122
1525309349291118592
1525309349362540544
1525309359932203009
1525309360695562241
1525309363035963392
1525309366794354688
1525309369981837312
1525309370233495552
1525309379909718022
1525309390496141312
1525309393130110979
1525309394803515392
1525309405062762496
1525309407650717697
1525309408380653568
1525309409072652288
1525309411635474432
1525309411677376513
1525309411597615105
1525309414403710977
1525309414772600833
1525309415406112769
1525309416576360448
1525309416446238720
1525309419168358402
1525309423173783552
1525309430144851969
1525309432653127681
1525309442291638276
1525309444606898177
1525309448557891584
1525309451468677126
1525309451741315073
1525309455650398213
1525309456845783040
1525309460734001153
1525309463548375040
1525309466102595597
1525309470829694976
1525309472683356161
1525309473400709122
1525309479050686465
1525309480568864769
1525309491104858114
1525309492035993601
1525309492946255872
1525309494993252352
1525309502412804098
1525309507156467712
1525309507533869056
1525309507911417857
1525309514106519553
1525309515616374784
1525309520020389890
1525309523455488001
1525309526743957505
1525309530581700608
1525309531412213760
1525309541054828545
1525309541428117508
1525309544640946177
1525309546859593728
1525309546956087297
1525309551045758977
1525309554631725056
1525309555227467778
1525309557475508224
1525309558595403781
1525309559190876160
1525309560742850560
1525309562814730240
1525309564975034369
1525309565142810625
1525309567768449024
1525309580066037760
1525309581907337216
1525309582012125184
1525309583077654528
1525309583484497920
1525309589192724480
1525309589687881729
1525309597241720833
1525309600437764100
1525309604976009216
1525309605072588801
1525309605701730304
1525309606175526912
1525309606766985218
1525309613209440256
1525309614169939968
1525309620667011072
1525309621094821888
1525309624282451968
1525309626660421634
1525309628342468609
1525309631484108800
1525309634336399360
1525309635552477184
1525309636013858816
1525309637808881664
1525309641357266946
1525309641298673664
1525309643089641473
1525309643416915969
1525309643479736321
1525309645199273984
1525309658617073664
1525309668859453440
1525309670432325637
1525309674806992896
1525309674794500098
1525309677579403264
1525309677617168388
1525309680289038336
1525309682105081856
1525309683304521728
1525309688589561859
1525309691596775426
1525309695166414848
1525309696000794625
1525309700090249216
1525309703647023104
1525309709045178368
1525309718737981440
1525309720512413704
1525309724106928128
1525309725302218752
1525309727420338176
1525309732029874177
1525309732663087104
1525309733686722560
1525309735972618240
1525309740015837187
1525309741601366016
1525309741886496770
1525309743815868416
1525309747611717632
1525309752670052353
1525309763076214784
1525309763160096769
1525309765328457729
1525309769971486721
1525309770118402049
1525309780474085377
1525309781791191040
1525309782957121536
1525309786211995648
1525309788824907776
1525309791341518848
1525309793484816384
1525309796177563649
1525309797662441473
1525309803110797312
1525309812145258497
1525309816515743744
1525309819254718464
1525309819539922946
1525309820911460352
1525309825587945472
1525309827295154176
1525309827609636864
1525309833200558080
1525309838497984512
1525309843833507841
1525309843841622017
1525309845154447360
1525309849252155392
1525309850585948161
1525309856823095296
1525309858232287232
1525309863085101058
1525309864590954496
1525309866218295296
1525309866989977605
1525309867656990722
1525309868210634753
1525309870513262593
1525309872362905604
1525309880952885249
1525309888435343361
1525309890360745984
