1522395704081227777
1522395707143077889
1522395708757843970
1522395713648402432
1522395713862348800
1522395715070308354
1522395726029803521
1522395728210972672
1522395735605579779
1522395736889081856
1522395738395021312
1522395739510484993
1522395742236815360
1522395744371683328
1522395749551587330
1522395754668699648
1522395756421959680
1522395757436801025
1522395761102753793
1522395764160630791
1522395768757399554
1522395769650794498
1522395769810083840
1522395770787405825
1522395780988149760
1522395782371954689
1522395786096660490
1522395792299986944
1522395792522293250
1522395795697422344
1522395804127924225
1522395805763739648
1522395809366650880
1522395811950350342
1522395818140921857
1522395823245516801
1522395824055107586
1522395835270680577
1522395838269784065
1522395851657822208
1522395854967037954
1522395861279559682
1522395864257413122
1522395867034132480
1522395872231051266
1522395873346560005
1522395873904406529
1522395878253895680
1522395881856593920
1522395890740305920
1522395891986014209
1522395893827194880
1522395894343077888
1522395901200842752
1522395907966513153
1522395910055071749
1522395910298378241
1522395913557266432
1522395917395148801
1522395918552686592
1522395921308602369
1522395927620857856
1522395929164328960
1522395929847996418
1522395932708515841
1522395938836426754
1522395944687394816
1522395955517333505
1522395959686307846
1522395959879258115
1522395968875991041
1522395971245813760
1522395979848335361
1522395987154636802
1522395988488769538
1522395993005858816
1522396002094788608
1522396003889995776
1522396006494748673
1522396006947729411
1522396015638327298
1522396017274109958
1522396018720972800
1522396020382044163
1522396025712914434
1522396036391702528
1522396035838099456
1522396037201149957
1522396037524172801
1522396038816047104
1522396040359518209
1522396044218220547
1522396044604149763
1522396046600687619
1522396064531324929
1522396071074275331
1522396071078637571
1522396075155509248
1522396076128587777
1522396076246028289
1522396085980786688
1522396092465303552
1522396103550898180
1522396105631465472
1522396117622738944
1522396124425994241
1522396134949359616
1522396141606031360
1522396162225053699
1522396168877228034
1522396171460919296
1522396172903759875
1522396175998939136
1522396179123814401
1522396182303096832
1522396183574065160
1522396188267454466
1522396188955262976
1522396191211855878
1522396193833336837
1522396205984145409
1522396211046756352
1522396212950798336
1522396216004431877
1522396216776081409
1522396218005020678
1522396221498806273
1522396230227165184
1522396233482096641
1522396237999362049
1522396238762713091
1522396241904250890
1522396242935828480
1522396243745411073
1522396250821128193
1522396260669562881
1522396262288535553
1522396262263398402
1522396266197565441
1522396270249324544
1522396271570468867
1522396279137046528
1522396279120318464
1522396284153327617
1522396288083542016
1522396292504113153
1522396297654845440
1522396302193135616
1522396306538655745
1522396316269223937
1522396317795893250
1522396320782176257
1522396328550182913
1522396342982692864
1522396343314317312
1522396344715038720
1522396344857546755
1522396351832723456
1522396353195819031
1522396356048044045
1522396360921677824
1522396361928454146
1522396362595516416
1522396364826628098
1522396365409689601
1522396380307750912
1522396381134131200
1522396381431975939
1522396386557267968
1522396395658903553
1522396403108134913
1522396413837160448
1522396417863598080
1522396422066237441
1522396425178558464
1522396434435346432
1522396438143062018
1522396438440906753
1522396441179832322
1522396441423101953
1522396442358390784
1522396443994038272
1522396447710363651
1522396447693549570
1522396448255463424
1522396451200020481
1522396453607510016
1522396453808840709
1522396456031711232
1522396460943294466
1522396462591660032
1522396463845842944
1522396465548738594
1522396469852098563
1522396475594055683
1522396476814540801
1522396480912379904
1522396481180864512
1522396485626777600
1522396488621608961
1522396488902615040
1522396490056048642
1522396498964758533
1522396502068445187
1522396503800791042
1522396508200574981
1522396513527386117
1522396519369895938
1522396527414685704
1522396534050013184
1522396537372164096
1522396537451683841
1522396539359965185
1522396546070945792
1522396550357561346
1522396556296695810
1522396558095966212
1522396558595174411
1522396562869084161
1522396563036950528
1522396575439409153
1522396588169216001
1522396588332695557
1522396589834354689
1522396590161412096
1522396596285018114
1522396605097390080
1522396605487460354
1522396605940473857
1522396607857131520
1522396608478031872
1522396608809295883
1522396614710947840
1522396616224817152
1522396620398252032
1522396623111954434
1522396628149223425
1522396633601818630
1522396633929252864
1522396634285551617
1522396635485011970
1522396637611573249
1522396644062507009
1522396644230275077
1522396644645294081
1522396649347325954
1522396653701013505
1522396655387123714
1522396655987085314
1522396662332862464
1522396662538326019
1522396669630984195
1522396674273992710
1522396679886024705
1522396688719220736
1522396689096753153
1522396697778966528
1522396698793848832
1522396700014485505
1522396716904992768
1522396723976761344
1522396724869873668
1522396737264295936
1522396740111982594
1522396741953331200
1522396742314037248
1522396753961512960
1522396758692843520
1522396765873668096
1522396766284529665
1522396765995118594
1522396766921965569
1522396768084070402
1522396772072579073
1522396772630421512
1522396773125402624
1522396778225676289
1522396779400114176
1522396781849595905
1522396781811843072
1522396783036538883
1522396789038620673
1522396789327937536
1522396791253131266
1522396793752981504
1522396793677520896
1522396801399238661
1522396806075887616
1522396806264537101
1522396808928018433
1522396809003298816
1522396809238302721
1522396818113384448
1522396822723076096
1522396827483582464
1522396832772599809
1522396843992301568
1522396845489725440
1522396847737778176
1522396850472599553
1522396853744115715
1522396854725525504
1522396858974638082
1522396860811522048
1522396863248404480
1522396863776935941
1522396873910276096
1522396879593558017
1522396887562731521
1522396895729094657
1522396898677641218
1522396900804427777
1522396901567606797
1522396901995393025
1522396907825508352
1522396911122239489
1522396911709401090
1522396924967788545
1522396927022845953
1522396927123464193
1522396932794195971
1522396934924812289
1522396937198088192
1522396939488317440
1522396940520103938
1522396949219061762
1522396954461880320
1522396954772520960
1522396958903705601
1522396959264456709
1522396962187796480
1522396965685899265
1522396967464185858
1522396968433164288
1522396978012958722
1522396990767833089
1522396996841066499
1522396998560792585
1522397001945690112
1522397002285436932
1522397003262705665
1522397003178782722
1522397005837918208
1522397014905999362
1522397016453795842
1522397019884572672
1522397019909861377
1522397022325772288
1522397023344943104
1522397025396047873
1522397034875322368
1522397035827437568
1522397042382970880
1522397043205025792
1522397048137568269
1522397049488093204
1522397050570162176
1522397057394388993
1522397058254065664
1522397058459738112
1522397060267655168
1522397060892352513
1522397066261053440
1522397077984223232
1522397080936923136
1522397080991457281
1522397085705850882
1522397086397997056
1522397094820073472
1522397100197261314
1522397101744742401
1522397108908826624
1522397120438939648
1522397122104119297
1522397127065939968
1522397128819191810
1522397131344076809
1522397132396941312
1522397132950548480
1522397133764235274
1522397143637577733
1522397146934358016
1522397149308329985
1522397153171107840
1522397153137725440
1522397159735410690
1522397161098551298
1522397163061493762
1522397165414346752
1522397167117287425
1522397167851384832
1522397169013174279
1522397169382313986
1522397170187612161
1522397174746734593
1522397177179480065
1522397179062587392
1522397182313349120
1522397183961665536
1522397184079147008
1522397184687316992
1522397190378987520
1522397191666548737
1522397192618921984
1522397193721815042
1522397197840621569
1522397199228936194
1522397199375781888
1522397199652556805
1522397204387872770
1522397204824170497
1522397205298126858
1522397213858562051
1522397220024332288
1522397221211283456
1522397223190994944
1522397224700981248
1522397227615866880
1522397228589006849
1522397232770781184
1522397233051807744
1522397238647230464
1522397238621880320
1522397243759857664
1522397248134516825
1522397251431444483
1522397254132375552
1522397254849642496
1522397257248649217
1522397259731718144
1522397262336380931
1522397263053557760
1522397263494098945
1522397264374812673
1522397266706898951
1522397271869984768
1522397273849622528
1522397276479668225
1522397279973519366
1522397282766778368
1522397287720251392
1522397287917527041
1522397306192113676
1522397308897353730
1522397315532742656
1522397316589797378
1522397319454412800
1522397319894761472
1522397321996120064
1522397331932463106
1522397332343607301
1522397335417856003
1522397338081374208
1522397340518260746
1522397343135457281
1522397353323294721
1522397356490067968
1522397361674362881
1522397362152513536
1522397366212603904
1522397368003575809
1522397368863399937
1522397369890914310
1522397369995771904
1522397372172615685
1522397372386619392
1522397372373942272
1522397373250613257
1522397374961922053
1522397375058300929
1522397393727197185
1522397395249676288
1522397398907117568
1522397400157106178
1522397402463932416
1522397408491339776
1522397409627807746
1522397414296113153
1522397418519769094
1522397421120151553
1522397422487547904
1522397422525243393
1522397427453542400
1522397430985150464
1522397432130293760
1522397434797772800
1522397435519279104
1522397435896770560
1522397436249100298
1522397437108891649
1522397439684222976
1522397444763435012
1522397451444961280
1522397452711641089
1522397453735149568
1522397456180383745
1522397459456090117
1522397461150670850
1522397461381320711
1522397462681591808
1522397467790258180
1522397470067769344
1522397473880555520
1522397476778561536
1522397491609894912
1522397492880498694
1522397493375418368
1522397496282161152
1522397496475066369
1522397502519099393
1522397505547345920
1522397510353960960
1522397512237301764
1522397516922343424
1522397521380667392
1522397526283931649
1522397527684923394
1522397528062369794
1522397529077387265
1522397534764908544
1522397536476012545
1522397543791046658
1522397547050020865
1522397548375384067
1522397560148684801
1522397563483213824
1522397568818372609
1522397571582468097
1522397573977415685
1522397578305880064
1522397581615058944
1522397581925617664
1522397581841735682
1522397582919618567
1522397583087390726
1522397586618994689
1522397587910938624
1522397588598804480
1522397588728827904
1522397587239620611
1522397590209372161
1522397599403233281
1522397599705272322
1522397601181622278
1522397603329097728
1522397607456292864
1522397611432591360
1522397614850908162
1522397615899373568
1522397617677864969
1522397629132550144
1522397629766062081
1522397630629924865
1522397635117731841
1522397637902667779
1522397641061060610
1522397641908408320
1522397644290723842
1522397657645338626
1522397664821891073
1522397670056288256
1522397671511711744
1522397674494111744
1522397679845883905
1522397680466604033
1522397681838178305
1522397681859108864
1522397682446254081
1522397683952275457
1522397684019040256
1522397683687858177
1522397685222936579
1522397690600042496
1522397699621875712
1522397700746006529
1522397702570532864
1522397708656336896
1522397711840038914
1522397715782586370
1522397718202695680
1522397720996376576
1522397723735085056
1522397723789611008
1522397730739752960
1522397740029861888
1522397741606969349
1522397745457373184
1522397746493329410
1522397749324521473
1522397752679972864
1522397753455919106
1522397753577545729
1522397758417776640
1522397758816239616
1522397759730507777
1522397762180071427
1522397768995717121
1522397770153291776
1522397771164233732
1522397774607790081
1522397789908471808
1522397795872825344
1522397797697400832
1522397805775622144
1522397806006345728
1522397806450905090
1522397813342097412
1522397820699160576
1522397823282688000
1522397823580442624
1522397825488801792
1522397826042449920
1522397826612928512
1522397827804110848
1522397839044841472
1522397840965877762
1522397844304506880
1522397847903252481
1522397851854254082
1522397853297041409
1522397872343461921
1522397872930668546
1522397873358442497
1522397879771480065
1522397879968702464
1522397892945850369
1522397893193314304
1522397898952040455
1522397899493052417
1522397899874832386
1522397901191843841
1522397904446668800
1522397910104776709
1522397913799749633
1522397914923999232
1522397914911416320
1522397916828037120
1522397919076356098
1522397919948726272
1522397925720174593
1522397936331669504
1522397940681252865
1522397946783973376
1522397961023627265
1522397961124261888
1522397962130886656
1522397963711959041
1522397964127330307
1522397976248913942
1522397981835730945
1522397985904238593
1522397994536030210
1522397996637466627
1522397999640416256
1522398000508723201
1522398002299686912
1522398004141035521
1522398005231505410
1522398005449609222
1522398010361196544
1522398010541494273
1522398011166363648
1522398013708292097
1522398014496600064
1522398016107388930
1522398016484913153
1522398019638988801
1522398024260931584
1522398036936249344
1522398039838756866
1522398042716278784
1522398044007940096
1522398044431556608
1522398045219958789
1522398048336461824
1522398058738241536
1522398069375094785
1522398070293606401
1522398071761559552
1522398075905617921
1522398077398798336
1522398077700739073
1522398079252844545
1522398081727311872
1522398084260585473
1522398093341298688
1522398101042089984
1522398105324318720
1522398108658851841
1522398108746981381
1522398118045978624
1522398123124936705
1522398126434185217
1522398127399092224
1522398128539897856
1522398132721664000
1522398137658212352
1522398145715519488
1522398145749078016
1522398145820303362
1522398155953917953
1522398159691198464
1522398164199915520
1522398182537576455
1522398186572337152
1522398186576429057
1522398192452894721
1522398195287998475
1522398195871059969
1522398196869255169
1522398206839119873
1522398208026103808
1522398209208987649
1522398213424222208
1522398221938696204
1522398229555519488
1522398231644315649
1522398232004943872
1522398235398127616
1522398236585119744
1522398237973520384
1522398241492373506
1522398244575318017
1522398249960755202
1522398251940470785
1522398252435337216
1522398271590838272
1522398271183937536
1522398275172716544
1522398278163345409
1522398281816494080
1522398289835999233
1522398291345948674
1522398292168040470
1522398295703920640
1522398299126480896
1522398306307084289
1522398308190326786
1522398313576034305
1522398315060543488
1522398315941408768
1522398318747398163
1522398319590400006
1522398326985048068
1522398338817171456
1522398339848888321
1522398341308424192
1522398341623169024
1522398348308848646
1522398354105372673
1522398357708316674
1522398359327150080
1522398360849854465
1522398364108742656
1522398365350203392
1522398372296073216
1522398373763903488
1522398384828698625
1522398385369759751
1522398388347621378
1522398390163812352
1522398390184783872
1522398393079054336
1522398395159166976
1522398397738663938
1522398399466774531
1522398403082301441
1522398409453355008
1522398411563188224
1522398412423024640
1522398413253455872
1522398414310453248
1522398416369852417
1522398418785742851
1522398420488572928
1522398425563774977
1522398430747840513
1522398434715611136
1522398435260907523
1522398437236477952
1522398445289492485
1522398447021690880
1522398452612751360
1522398454613479425
1522398456194940930
1522398458887520257
1522398460485414912
1522398465669611521
1522398467569721348
1522398468932870152
1522398471441027073
1522398473420648449
1522398480173576192
1522398481880649729
1522398484913168384
1522398490046779392
1522398490931908608
1522398496799744003
1522398499760795648
1522398501384204289
1522398503309295617
1522398503569346564
1522398505549152257
1522398515036569601
1522398517150371840
1522398517242724352
1522398519528673282
1522398519834955778
1522398524058578945
1522398524398350336
1522398524708691968
1522398525094449152
1522398527036481538
1522398532174585858
1522398532677763072
1522398533558616067
1522398538067496963
1522398548385361920
1522398550336090112
1522398553645195266
1522398553934635008
1522398555608125440
1522398557877280769
1522398559831744512
1522398565682798595
1522398569524867078
1522398581306675207
1522398583005327361
1522398584192311297
1522398585043705856
1522398586310479874
1522398592626937856
1522398595990753280
1522398597962256386
1522398598821912576
1522398602093637642
1522398605595877377
1522398609999908864
1522398613963423746
1522398618845597697
1522398618891730946
1522398629520187392
1522398633106231301
1522398633194409985
1522398635975184389
1522398644703539201
1522398644946849793
1522398646129545216
1522398646339346432
1522398648650416135
1522398653897396231
1522398665553465345
1522398666157445121
1522398669840044033
1522398670460755974
1522398683052052480
1522398692786987008
1522398693566992384
1522398693902757892
1522398695362342914
1522398698256445446
1522398706863116288
1522398711338483715
1522398713687293952
1522398720033058817
1522398720561659905
1522398721882873857
1522398721820045313
1522398722688229376
1522398725469048832
1522398728270716930
1522398728455344131
1522398736764211200
1522398740039970818
1522398740153348096
1522398740212064257
1522398746985779202
1522398757085532160
1522398757744439297
1522398762060107777
1522398764174094341
1522398764983631876
1522398772420042752
1522398775318224897
1522398775301529600
1522398776450707456
1522398780024565761
1522398780573765635
1522398782943600645
1522398785275629568
1522398785569181696
1522398787565768704
1522398787293040641
1522398798575767553
1522398800261877767
1522398801390186499
1522398803361513472
1522398803625713665
1522398806851129344
1522398809137061888
1522398813666873349
1522398817278169088
1522398817848541187
1522398822743355392
1522398826698625029
1522398828703453185
1522398829194088448
1522398834479009793
1522398838392344576
1522398840699109377
1522398841043042305
1522398848957792264
1522398849989591041
1522398854427123714
1522398858281631750
1522398858931847172
1522398869790855168
1522398871900639233
1522398875964755968
1522398882977751040
1522398883493650433
1522398897909415936
1522398901051052037
1522398901818560513
1522398905169846274
1522398907715801088
1522398910802767872
1522398923851243520
1522398929580486657
1522398931107422208
1522398935628730368
1522398938535501830
1522398941043912704
1522398954524188672
1522398960173920257
1522398961675374592
1522398962501750784
1522398965450555394
1522398973268480001
1522398975814471680
1522398977764872194
1522398987172470784
1522398990171582465
1522398992268775425
1522398994034532357
1522398994265415681
1522399001810972672
1522399003941523459
1522399006043021312
1522399011025551360
1522399016897724417
1522399019665870849
1522399021595250688
1522399028289458177
1522399034132025346
1522399035037954048
1522399041199513602
1522399049231568898
1522399053426081792
1522399057569849351
1522399058496831489
1522399062070280192
1522399067279544321
1522399071725625344
1522399081666170888
1522399083092185089
1522399086711906305
1522399091573116931
1522399092709679106
1522399094479667200
1522399097067433985
1522399098397409280
1522399099995238400
1522399104239906824
1522399105359630338
1522399106190221319
1522399108241104896
1522399110602633216
1522399111449915396
1522399111940657157
1522399118223716352
1522399118651498511
1522399122271076352
1522399129422475267
1522399136510791683
1522399140705099778
1522399146489040898
1522399150561808384
1522399164713234433
1522399164642082816
1522399168400183297
1522399175350046720
1522399177518424065
1522399183847759873
1522399185642962944
1522399190235725824
1522399193247064065
1522399199039418369
1522399201715490817
1522399203321864192
1522399205653946368
1522399214025646081
1522399217624432641
1522399223731396610
1522399225455288331
1522399230362484738
1522399233592205314
1522399236326932484
1522399239082553346
1522399242056257543
1522399248045658117
1522399255197007873
1522399259156533248
1522399262239342592
1522399274771824640
1522399282766229504
1522399285257682944
1522399287056945152
1522399289003106309
1522399294753497089
1522399297710534656
1522399300935983105
1522399301720285188
1522399313875374080
1522399315200995328
1522399321328607232
1522399325304889344
1522399329855680520
1522399333081047041
1522399345282363394
1522399346108637184
1522399347308212227
1522399351565389829
1522399351963799552
1522399358053871616
1522399359538802689
1522399365951803393
1522399369017933825
1522399373421916160
1522399389859385345
1522399395718877185
1522399398164144128
1522399407227949056
1522399419546669056
1522399422646267904
1522399433228382209
1522399433748619264
1522399436026044416
1522399436915286018
1522399443039002624
1522399446021160962
1522399446314668033
1522399446100848641
1522399451544961024
1522399452736024577
1522399454434889729
1522399455345004546
1522399455542235136
1522399459912843271
1522399461045153793
1522399465465864195
1522399468817104897
1522399474257117185
1522399476660510721
1522399479688798208
1522399480049459200
1522399480275947520
1522399488513658880
1522399490216726528
1522399491567104001
1522399492796030977
1522399493173428224
1522399502883246083
1522399505282473984
1522399505374662658
1522399512060383232
1522399516661628934
1522399518989369354
1522399525545123840
1522399528195747840
1522399529504497665
1522399531345879041
1522399535250694145
1522399536135786496
1522399539054981120
1522399542007717889
1522399544742490113
1522399552921292801
1522399555706359808
1522399556348035074
1522399556817887245
1522399558944247808
1522399563591700480
1522399583371988999
1522399583996977152
1522399584277905413
1522399585855016960
1522399591303610368
1522399593073414144
1522399594105249798
1522399598236557312
1522399599733923841
1522399599650086912
1522399608915247106
1522399622949654528
1522399627722506242
1522399628993384449
1522399631321313281
1522399633582039040
1522399639965683712
1522399647850975233
1522399651093229570
1522399651651256320
1522399655706849280
1522399658500583424
1522399663730663426
1522399674677796864
1522399675285970945
1522399685797101575
1522399688904876032
1522399689961885696
1522399690867814400
1522399691371073544
1522399694726610944
1522399697616490500
1522399698044211201
1522399698094542850
1522399700380680198
1522399707951157248
1522399725873508353
1522399726662037506
1522399740561928198
1522399745800552452
1522399746526228482
1522399753333616640
1522399766503694339
1522399768139415554
1522399769288617987
1522399769410383874
1522399769653567489
1522399773268987905
1522399773667610624
1522399780382691332
1522399780973989888
1522399782844649475
1522399784568504320
1522399786263105537
1522399789488484352
1522399791828901888
1522399791992426496
1522399793187897345
1522399796396544000
1522399799504429056
1522399807561682944
1522399820073533440
1522399835235753993
1522399835911032833
1522399838612115456
1522399848712056839
1522399855984799746
1522399858648395776
1522399860166737920
1522399865732489216
1522399866978287625
1522399868253261824
1522399870417620993
1522399871445123072
1522399876788764673
1522399878332223488
1522399878474870784
1522399882946002944
1522399891594563584
1522399892479614976
1522399902042451968
1522399904248877056
1522399905234534400
1522399905834225664
1522399906119438336
1522399923962003461
1522399925627064320
1522399930396123136
1522399933969616896
1522399934791790601
1522399935748091904
1522399960695808003
1522399961220059137
1522399961178071040
1522399962964844544
1522399963581399041
1522399964550529024
1522399966735618048
1522399967633149952
1522399970548236295
1522399975606476800
1522399977443581953
1522399979628863488
1522399979893051392
1522399981348560897
1522399983773040640
1522399990160707585
1522399992471859200
1522399993155534848
1522399995172954115
1522400000566829056
1522400003997716481
1522400008066277376
1522400015955546112
1522400016396173313
1522400021118951426
1522400022737924096
1522400032577757187
1522400032359518209
1522400033055940609
1522400042476355585
1522400045420716033
1522400051762507786
1522400054375555072
1522400056061698048
1522400064588718088
1522400064706166785
1522400082733244416
1522400087330197506
1522400089003552768
1522400094129205250
1522400097224515591
1522400098495475715
1522400101024649218
1522400103025102848
1522400114849034241
1522400120083525632
1522400120565813250
1522400123728314370
1522400126580441088
1522400137846345729
1522400139738062848
1522400145802936321
1522400147874930690
1522400151175901185
1522400155223404544
1522400155324063749
1522400166023680000
1522400172713590784
1522400176278757381
1522400177146916870
1522400186676527104
1522400190971449345
1522400194083622914
1522400197128695811
1522400198026219520
1522400199326552071
1522400203931893760
1522400205030711296
1522400206221979650
1522400209950715904
1522400215025737729
1522400217823330307
1522400220432289792
1522400222462328832
1522400225448669187
1522400232364904448
1522400235238346752
1522400235464626178
1522400240380297216
1522400250342035457
1522400261935071232
1522400263390248960
1522400263709069315
1522400281455038464
1522400283254562824
1522400284466565121
1522400289671860224
1522400297569730562
1522400309548621825
1522400310282625024
1522400317350027265
1522400320999022594
1522400325302378496
1522400325608652801
1522400330306101248
1522400333246640128
1522400344696926208
1522400345586077701
1522400348303986688
1522400349319012353
1522400349994500097
1522400358924005376
1522400360593252360
1522400360480100352
1522400371494338561
1522400375092826112
1522400376015790080
1522400376854622208
1522400388393189377
1522400391811457025
1522400392948105219
1522400400879542275
1522400404331536385
1522400405925543936
1522400408311898116
1522400410316992522
1522400412845940737
1522400417040285696
1522400419938549765
1522400421171630080
1522400424283758593
1522400425428799489
1522400426624045056
1522400434123841537
1522400437005172738
1522400439815266311
1522400441061060611
1522400441748770816
1522400444018040837
1522400444940750848
1522400446060851200
1522400446236835841
1522400452029173761
1522400461462065152
1522400463982940163
1522400477077553154
1522400489110966274
1522400489006116869
1522400494752350214
1522400494743801856
1522400499487723521
1522400509050724352
1522400513668624386
1522400518005563395
1522400521964953600
1522400523563024386
1522400536171008001
1522400539383930881
1522400549798359040
1522400559973736448
1522400562297421826
1522400569096298498
1522400569763274755
1522400571357282304
1522400571394768896
1522400576507682817
1522400580509052928
1522400582459404293
1522400589661052928
1522400593658236928
1522400597156130817
1522400600465592321
1522400606442434561
1522400609516896258
1522400614109515778
1522400614994567174
1522400632820350976
1522400638377684992
1522400646451933184
1522400652650893313
1522400654152638465
1522400656727982080
1522400656103022593
1522400658443452416
1522400668585271296
1522400669822509056
1522400678005678080
1522400679003889673
1522400680052510720
1522400681424039936
1522400686029389824
1522400689955115008
1522400690651287552
1522400693792956419
1522400695420391424
1522400696145829889
1522400697970397184
1522400699841187846
1522400702739406848
1522400710402445316
1522400719332167680
1522400719780909056
1522400720435228673
1522400728886788096
1522400732800077826
1522400733664063488
1522400739624165376
1522400742644006914
1522400746108428289
1522400746364411904
1522400747333242880
1522400754509754381
1522400754320900097
1522400755881328641
1522400756611096577
1522400758016225284
1522400766589566976
1522400769286234116
1522400773937803286
1522400774835290112
1522400778941513729
1522400780787015683
1522400787950886915
1522400788353785856
1522400791650308097
1522400797895577602
1522400798650646528
1522400798600273920
1522400799602757633
1522400800064126976
1522400801804763137
1522400805315305475
1522400828530872320
1522400836445523969
1522400837091352576
1522400839771504643
1522400840086085632
1522400843391197186
1522400846788628483
1522400849821061122
1522400850437713920
1522400851318476800
1522400854095155202
1522400853872857088
1522400859220414464
1522400870100520960
1522400881345544192
1522400882750627840
1522400882851209216
1522400883941728256
1522400884629590017
1522400889037803520
1522400891948748800
1522400893731282950
1522400894809251841
1522400902073749505
1522400903055118337
1522400916091064320
1522400918934851585
1522400921241616384
1522400925066874886
1522400923867557888
1522400929768742912
1522400944704602112
1522400948643147776
1522400968406622208
1522400972089315328
1522400974400282628
1522400979643162627
1522400987876630535
1522400989747232769
1522400994352640001
1522401002799960064
1522401003106091009
1522401007023575040
1522401007636037642
1522401008734908416
1522401015122874373
1522401027613466625
1522401029253443587
1522401029861613568
1522401034366238726
1522401040565428224
1522401043526688768
1522401045938380801
1522401050061332481
1522401050283679744
1522401050879266823
1522401054922584065
1522401055207739392
1522401056302505986
1522401058512728064
1522401059888640001
1522401068768014337
1522401068793184259
1522401069262938113
1522401077143998464
1522401086275223553
1522401086136623104
1522401086656626692
1522401092843282432
1522401092927205377
1522401093338243072
1522401093954596864
1522401098937651201
1522401102607659008
1522401105128345601
1522401107900780544
1522401109603663872
1522401114838208540
1522401118537621522
1522401118747246594
1522401125118316544
1522401126234087430
1522401127018475521
1522401127752417281
1522401131321778177
1522401131678375944
1522401136313044992
1522401149030121477
1522401151223844864
1522401151370551301
1522401152725307392
1522401156219260928
1522401159151034368
1522401163949359106
1522401163987107843
1522401164263927808
1522401166906339329
1522401171192926209
1522401172774137856
1522401180495798274
1522401186183548930
1522401187437457442
1522401189010227200
1522401189270327301
1522401199655460865
1522401216885579776
1522401220408889345
1522401220903665667
1522401222900260864
1522401225089638405
1522401231523573761
1522401237328613378
1522401241283936256
1522401247059333120
1522401248124755971
1522401251044085761
1522401258304376832
1522401260292481030
1522401261106221056
1522401262448222208
1522401263194984448
1522401267615682566
1522401267653681153
1522401269062811649
1522401274272137216
1522401274817400832
1522401283612807170
1522401284271263745
1522401289249898496
1522401290793459713
1522401291108065280
1522401293666762752
1522401299018493966
1522401308485074944
1522401308531367937
1522401311005810691
1522401312570290177
1522401313816039424
1522401319570526209
1522401326394707974
1522401334456205312
1522401337580871680
1522401341062225920
1522401342202986496
1522401344220499970
1522401344103014400
1522401345705332738
1522401348649639939
1522401349832523776
1522401351233323008
1522401353028485120
1522401355637436416
1522401356010737666
1522401356652630016
1522401361517854722
1522401363069595649
1522401363183140864
1522401370309025794
1522401380551770112
1522401380735938561
1522401386096304128
1522401391997820931
1522401395009363968
1522401398863847424
1522401400092770311
1522401401279856640
1522401404022894592
1522401408800243726
1522401411450953734
1522401411635585024
1522401413258752002
1522401418644451330
1522401419084673024
1522401424088477696
1522401430367354881
1522401434523910149
1522401437896085505
1522401438491627521
1522401443306741761
1522401450818777089
1522401453389844485
1522401457747775489
1522401461069651968
1522401478060568576
1522401481793720320
1522401483429396480
1522401484356431873
1522401485476225055
1522401489515425792
1522401489607696384
1522401490580738048
1522401496805093377
1522401508087767045
1522401516287635459
1522401516400824327
1522401520544882689
1522401522923065349
1522401524986507264
1522401525506707456
1522401526056169472
1522401527209480193
1522401527943634945
1522401528186814465
1522401528283557889
1522401528581079040
1522401530191691777
1522401531089223680
1522401533454921728
1522401535841517568
1522401542678228997
1522401543848407041
1522401544381026311
1522401549187702797
1522401549884006408
1522401550240468994
1522401551964377089
1522401553361125377
1522401557731491843
1522401559879073792
1522401560654794752
1522401560902443009
1522401564681515009
1522401570771582976
1522401573594447872
1522401593378881537
1522401598282022912
1522401600433803265
1522401603919265794
1522401605701685248
1522401609308942339
1522401611556958208
1522401612844707840
1522401613335379968
1522401615407427585
1522401619647909895
1522401621447254021
1522401623896694784
1522401624643231749
1522401625033388034
1522401626849689602
1522401627449270274
1522401637607698433
1522401638773891073
1522401639319093250
1522401643828072449
1522401645354635264
1522401648496234496
1522401652967411712
1522401654301237250
1522401656578527233
1522401658357039104
1522401659011358720
1522401659728527360
1522401660613672963
1522401661905428482
1522401662039642112
1522401665881673733
1522401670113681408
1522401671233552389
1522401674366791683
1522401674865823751
1522401676254191618
1522401683074134017
1522401689730527235
1522401693467557889
1522401694239309827
1522401697179619328
1522401703844274177
1522401706839056385
1522401713159909382
1522401715336757248
1522401715563212800
1522401720143421445
1522401726594117633
1522401728754331649
1522401734466977792
1522401735439962113
1522401737923076096
1522401749096615937
1522401749772177409
1522401750052966401
1522401752968056832
1522401759368470529
1522401774769999885
1522401787726213125
1522401788158164992
1522401788577603599
1522401788728680449
1522401793153638400
1522401793095143433
1522401797717078016
1522401798023258120
1522401801017995264
1522401803391979520
1522401811189149703
1522401813487566849
1522401814959824897
1522401817593745408
1522401820894707715
1522401821322620934
1522401827030982658
1522401827320434689
1522401828826189825
1522401829035798529
1522401831774613505
1522401832953278465
1522401834907967489
1522401845209088000
1522401849445609472
1522401850833711105
1522401855548137472
1522401860916809731
1522401862976159751
1522401864482181120
1522401871171923968
1522401872782503938
1522401877152911361
1522401878562295810
1522401883503136768
1522401890092429315
1522401892051128320
1522401895632887808
1522401901794365440
1522401904554295296
1522401909596102657
1522401912418562049
1522401917816786946
1522401922195628034
1522401927807516672
1522401932400205825
1522401936619851779
1522401939065131008
1522401939740319747
1522401960950906888
1522401961483587586
1522401965375770625
1522401970992123904
1522401972648914944
1522401982622928897
1522401982870396928
1522401999068803075
1522402002029920258
1522402003409936384
1522402007281278978
1522402011563663361
1522402012347969536
1522402027120250880
1522402027413721088
1522402032166092806
1522402035001344001
1522402035836010496
1522402036171657223
1522402039203987458
1522402045101322240
1522402046921646082
1522402046963503106
1522402048716726272
1522402049660530693
1522402054592946176
1522402058833256453
1522402059722575872
1522402064625774594
1522402064915181569
1522402065997344769
1522402069520465922
1522402076374048770
1522402077338927105
1522402089405616128
1522402092945526784
1522402099866255361
1522402100101140481
1522402102773006336
1522402104694145025
1522402108452057088
1522402111270670337
1522402114177159168
1522402117230673920
1522402123387973634
1522402132800028673
1522402134909755392
1522402137724104704
1522402142937624577
1522402146028765184
1522402147266174976
1522402162759933953
1522402163024187392
1522402166803210245
1522402167675572224
1522402171651731457
1522402174977728512
1522402175175258112
1522402182557016064
1522402183647580160
1522402183928553478
1522402184939327488
1522402186701033473
1522402192245800962
1522402197065019392
1522402200408014848
1522402202379333632
1522402211854045185
1522402218514784256
1522402228958416896
1522402232397963266
1522402232658022400
1522402256452300803
1522402267894358016
1522402269295042560
1522402272726368257
1522402277117489152
1522402278526885889
1522402278799519744
1522402290392567809
1522402293496238080
1522402303491379201
1522402309245849601
1522402313318637574
1522402316837695488
1522402319853363205
1522402323871375360
1522402328225189896
1522402332041900033
1522402332440469504
1522402333207973889
1522402336404127744
1522402344910000128
1522402353013575680
1522402356381556736
1522402356909981698
1522402357291716608
1522402359539818496
1522402360747773952
1522402361066598401
1522402364254208000
1522402366984761344
1522402385854963712
1522402389466173443
1522402392339329035
1522402398693732352
1522402401814302725
1522402402867249152
1522402404611854336
1522402405840785409
1522402408437096451
1522402412060884998
1522402414179110913
1522402425642094594
1522402428133552128
1522402429953884161
1522402434894684161
1522402435284754434
1522402439319760897
1522402451961393152
1522402457623535617
1522402458768609281
1522402470814756865
1522402470961598467
1522402476372148227
1522402479232716801
1522402481942188037
1522402486866305024
1522402487352889348
1522402489823375362
1522402494000861185
1522402494063783939
1522402498526560257
1522402498736267289
1522402501965889537
1522402510488670211
1522402511235485696
1522402511151411200
1522402514422927361
1522402515396014082
1522402532928151552
1522402533477687301
1522402535658643457
1522402538066173953
1522402544240242689
1522402549688590338
1522402550372192257
1522402550720483328
1522402553711022087
1522402555992715267
1522402558001795075
1522402569020186624
1522402577811443713
1522402578163978240
1522402584614604801
1522402587953217537
1522402597633671169
1522402599529496586
1522402607922298880
1522402612955463682
1522402622896062466
1522402630810718209
1522402634312912899
1522402636615589889
1522402637479620609
1522402640503652352
1522402645201195008
1522402657629097984
1522402657666691073
1522402660577648641
1522402672200060938
1522402678701461504
1522402681834381313
1522402683159732230
1522402692903354369
1522402696665485312
1522402699471462400
1522402720203816970
1522402721961291793
1522402725044137985
1522402726314979329
1522402733235576838
1522402735093534720
1522402743805222913
1522402744795021313
1522402747328344064
1522402749211623424
1522402757151498241
1522402757818335233
1522402760225955842
1522402761920425985
1522402765422534657
1522402770321494017
1522402776248115201
1522402778072723458
1522402778756390914
1522402791880335360
1522402793163825153
1522402795550388224
1522402797735530497
1522402799845355522
1522402800931594240
1522402815255187463
1522402818904276994
1522402820749611008
1522402825174663168
1522402828756856832
1522402828924432384
1522402836163747840
1522402838214758400
1522402845550682126
1522402846272020480
1522402851753967616
1522402859341463555
1522402859387691011
1522402864118874114
1522402872427753478
1522402873174228992
1522402874126442507
1522402877569908736
1522402886168104960
1522402892384198657
1522402893852286976
1522402894091272194
1522402898990313472
1522402918808571904
1522402922507784200
1522402929847721984
1522402934490898437
1522402935145222144
1522402939372978176
1522402941394735104
1522402941528952833
1522402949275684864
1522402956246765568
1522402959895805955
1522402961762230272
1522402961934229505
1522402961930006533
1522402965449027589
1522402967676235776
1522402967911030787
1522402970540904448
1522402980204466176
1522402998613389312
1522402999372599298
1522403003092852738
1522403003780763648
1522403004103733250
1522403004539969536
1522403004833484801
1522403005500379136
1522403007752818688
1522403009514323968
1522403011452014594
1522403011938893824
1522403013301882880
1522403015235457026
1522403018267934720
1522403024777400323
1522403035011588097
1522403036148158464
1522403040560652288
1522403043563606018
1522403045065248776
1522403047229603841
1522403053420302344
1522403055769161735
1522403058881384448
1522403080456790018
1522403080326852610
1522403084097540096
1522403100765556736
1522403104007856136
1522403108751613953
1522403109997191168
1522403113977659394
1522403130469756928
1522403132730449926
1522403137969172480
1522403143115497472
1522403144017367040
1522403148480057344
1522403151185432577
1522403152376610816
1522403158114246656
1522403161922801665
1522403164670025729
1522403164586397696
1522403164779122693
1522403171599065088
1522403172932886529
1522403172882472961
1522403174178566156
1522403175675797504
1522403176195969024
1522403180012879873
1522403181329883136
1522403190154661888
1522403192222363648
1522403195301113859
1522403196127244288
1522403201525465089
1522403204864286720
1522403207107940352
1522403208273956864
1522403209578483712
1522403209758846976
1522403210543124486
1522403211583361027
1522403216251666432
1522403220626317312
1522403221880324096
1522403223549661185
1522403224761810944
1522403226041176065
1522403227349700622
1522403230424182784
1522403230608723968
1522403230432608257
1522403231418261504
1522403231485202433
1522403237168570372
1522403239202672641
1522403239777521670
1522403241467822093
1522403249495724033
1522403251219578884
1522403254134394880
1522403258311974912
1522403259297660929
1522403268869111808
1522403275022254080
1522403278058893312
1522403281095561217
1522403282106339329
1522403283024986114
1522403288007778304
1522403297256263683
1522403298422235136
1522403312867360773
1522403312984748032
1522403315748945921
1522403316969480195
1522403323076390912
1522403323470807041
1522403334187102208
1522403337131466756
1522403338897219587
1522403352771969024
1522403354483302401
1522403356463054848
1522403358224621569
1522403360283840514
1522403363215884290
1522403367259152389
1522403368500613120
1522403371398799361
1522403372850155520
1522403378889908224
1522403387639218182
1522403389270859779
1522403390663401475
1522403394345971714
1522403394916433922
1522403399605440512
1522403402730385413
1522403403095228416
1522403406958272513
1522403409558654992
1522403410137563145
1522403410565373954
1522403411806797825
1522403416785534976
1522403419243352065
1522403423274123265
1522403424645660672
1522403427023826944
1522403426755260416
1522403430614147073
1522403435282325504
1522403441242517504
1522403442332999680
1522403443297632258
1522403443536809984
1522403443851341830
1522403452118257667
1522403456203563009
1522403456887230464
1522403458845974529
1522403460494372864
1522403461282811905
1522403462981603328
1522403464881483776
1522403467133870083
1522403474633338883
1522403474826309633
1522403474859769856
1522403475291881472
1522403476440948736
1522403478584193026
1522403479452594179
1522403485219803137
1522403492316467201
1522403494476587011
1522403499845177344
1522403502294810625
1522403517075529729
1522403518120103936
1522403521395662848
1522403527028527107
1522403527330566149
1522403532741259264
1522403534238797824
1522403535274524672
1522403540437803010
1522403544623890432
1522403560465453057
1522403561312866307
1522403562076004352
1522403562827005952
1522403570510798849
1522403572163428353
1522403573614923776
1522403583450251264
1522403586004639744
1522403592103202817
1522403594170904577
1522403606183432193
1522403607206928385
1522403614878228482
1522403616107159553
1522403627800875008
1522403630770446337
1522403638311804939
1522403643596623874
1522403650466988032
1522403651523915778
1522403654569021440
1522403656888459265
1522403659358818305
1522403672092725248
1522403678984024064
1522403679046881280
1522403682557571074
1522403684839272449
1522403691306827776
1522403691810148352
1522403692401643523
1522403694855303168
1522403699368374272
1522403699468996610
1522403704191823873
1522403708327415821
1522403715067662338
1522403716220993537
1522403716783128578
1522403725955981314
1522403734218756098
1522403742167015426
1522403749330890752
1522403749905551361
1522403753915297793
1522403755253280772
1522403763859951616
1522403763704590336
1522403766347071489
1522403767970193408
1522403775830503424
1522403777566806016
1522403779231961088
1522403785389264896
1522403785754226690
1522403786630725633
1522403792150532096
1522403795870883842
1522403796386783232
1522403798072897542
1522403800698478592
1522403809997303808
1522403812434137089
1522403813604347909
1522403815265382400
1522403817907757056
1522403823054118912
1522403825495293958
1522403826950627328
1522403827219111936
1522403827638575104
1522403830637510656
1522403833778999298
1522403839109906433
1522403839885910016
1522403841299394577
1522403842570461184
1522403846118686722
1522403852464668673
1522403855929073665
1522403860240904204
1522403862560223232
1522403862530998274
1522403865404055556
1522403872534417411
1522403873230667776
1522403874350501900
1522403876372156417
1522403890800508943
1522403893002522625
1522403893858095104
1522403896630599683
1522403897909858304
1522403901424635905
1522403902267990016
1522403906348797956
1522403911646298115
1522403914284425218
1522403923612602369
1522403924770234370
1522403925466529793
1522403929706872832
1522403935205666817
1522403936241651714
1522403936753393665
1522403937625722882
1522403939681173504
1522403941778137088
1522403948493164550
1522403949894008833
1522403950502289413
1522403956122603523
1522403958635044866
1522403958937067520
1522403964918157312
1522403966067302400
1522403966776184834
1522403974401380353
1522403977245122561
1522403979438788608
1522403980357296130
1522403981175185412
1522403981477265409
1522403989362413570
1522403989475794946
1522403990599778305
1522403992873099269
1522403994487906306
1522403997616910337
1522404000431284224
1522404025492070400
1522404033046224897
1522404034535051265
1522404048036454400
1522404049081049090
1522404052914556928
1522404055280234496
1522404058128076800
1522404059306766336
1522404060309204993
1522404061013762050
1522404062767026176
1522404073122770944
1522404077451104256
1522404082304135169
1522404083491131398
1522404083742691328
1522404089992294401
1522404092420575232
1522404098020102144
1522404098049380353
1522404100092137473
1522404105301512192
1522404106366767105
1522404107251765250
1522404112167538692
1522404114231083008
1522404115900424193
1522404118240841730
1522404126268796928
1522404137073319946
1522404141577998342
1522404147483525126
1522404147579998215
1522404148540547075
1522404153854763011
1522404157172457472
1522404164281659392
1522404168291557379
1522404170757718017
1522404175468175362
1522404181021237248
1522404184733196289
1522404184875683840
1522404194610999296
1522404197064491010
1522404203334938626
1522404203813081100
1522404204425486337
1522404207072010249
1522404211673075713
1522404221559222272
1522404221622136842
1522404223295578112
1522404223471828993
1522404223517929474
1522404224872505344
1522404226818707456
1522404234393800705
1522404234737577984
1522404238659362817
1522404239414284293
1522404252089561094
1522404254706765824
1522404257370157056
1522404259932823558
1522404264395649024
1522404265800597504
1522404267134529537
1522404267470032899
1522404268405399554
1522404270410186755
1522404271601377280
1522404272691949568
1522404273664921600
1522404273732128769
1522404273883172867
1522404281382490112
1522404281743294464
1522404283844542465
1522404288542220288
1522404295127318540
1522404295903260673
1522404297165660161
1522404297329192965
1522404298457497600
1522404299682238472
1522404300919607298
1522404312411955200
1522404315947802641
1522404320528019456
1522404321576603649
1522404327779885056
1522404330879348738
1522404335749062660
1522404336285978630
1522404340518072324
1522404341872746497
1522404341931511808
1522404345962246145
1522404350424928256
1522404351360307200
1522404352668934144
1522404354174730242
1522404364266184704
1522404366036226048
1522404368246521858
1522404374248628225
1522404381295095808
1522404385183125504
1522404386768670720
1522404388907761664
1522404389914169344
1522404405517107200
1522404408784523269
1522404413154861056
1522404414622998528
1522404417257062400
1522404417357725698
1522404419027017735
1522404421216264192
1522404422684348416
1522404425263943682
1522404432234704896
1522404432247668736
1522404439360954372
1522404440254390272
1522404442083049472
1522404443895087106
1522404444922646528
1522404448211017731
1522404450517852161
1522404457853632512
1522404460747755527
1522404462257651713
1522404465697042432
1522404477877301249
1522404481031458820
1522404482268934144
1522404481195028480
1522404486198665217
1522404490783121409
1522404498441793536
1522404500610248705
1522404504653680642
1522404508596199424
1522404509837709312
1522404516033081344
1522404519837159425
1522404532172767232
1522404533057380352
1522404533216890880
1522404537281171456
1522404538468249601
1522404543354580993
1522404545552388096
1522404550350626822
1522404556315021312
1522404558625984514
1522404564854579202
1522404569447378945
1522404570978304003
1522404572106735616
1522404575797424129
1522404582067945473
1522404588221046785
1522404597947674625
1522404599960899584
1522404600640417793
1522404606541664256
1522404611339993088
1522404612879392770
1522404618977878016
1522404622165499904
1522404622715002880
1522404626850582530
1522404631028117505
1522404631334330369
1522404634400157696
1522404636367499264
1522404639479681030
1522404639593099265
1522404643535568896
1522404644160303105
1522404645427204104
1522404648094736385
1522404650229833728
1522404650195976192
1522404651987001345
1522404654172098563
1522404655526912001
1522404657947201536
1522404667979976710
1522404667325837312
1522404670433595393
1522404671775723523
1522404673059237888
1522404676716699648
1522404676901261315
1522404678352441351
1522404678402822146
1522404679044550657
1522404692604510209
1522404695079276544
1522404708245192712
1522404708610105344
1522404709566406656
1522404716772466688
1522404717455937536
1522404718135619584
1522404724682764288
1522404726557585409
1522404730340790278
1522404732161118208
1522404732723208198
1522404733159415810
1522404741191458820
1522404743124971520
1522404746023383040
1522404757922537475
1522404758094503945
1522404760736964610
1522404767657566208
1522404768139780102
1522404772225208321
1522404773751885827
1522404774129377280
1522404774318120960
1522404783835029506
1522404787895033858
1522404792156495872
1522404806643621893
1522404807578898433
1522404813090304001
1522404815061635072
1522404816282075136
1522404816294711298
1522404817737498637
1522404818526031872
1522404819998228483
1522404821273354241
1522404821864574976
1522404826834952192
1522404826969169921
1522404838960676864
1522404839715741696
1522404849631047683
1522404849819734017
1522404853271642113
1522404860213223426
1522404863824515072
1522404867448483840
1522404867939225601
1522404877347037240
1522404877586030592
1522404881990098946
1522404883713900545
1522404886322819073
1522404892006039554
1522404897718607875
1522404898268196871
1522404918761459713
1522404920141434896
1522404923480195072
1522404926311190528
1522404929729708032
1522404932867211264
1522404937736626178
1522404940014006272
1522404941368803330
1522404941763022848
1522404944153821189
1522404944766193665
1522404946301362181
1522404956552187904
1522404957193875456
1522404958758445056
1522404960742391808
1522404963539951618
1522404963690946562
1522404964252983297
1522404965473558529
1522404966152953856
1522404969021902848
1522404979276931072
1522404985086087168
1522404992808026112
1522404993839419395
1522404995265613825
1522404995731275779
1522404997736108033
1522404999791357954
1522405001481814016
1522405004396703744
1522405006841950208
1522405020276252673
1522405045047894016
1522405046725615616
1522405049498021888
1522405054367637506
1522405056917737492
1522405057962348544
1522405059056881672
1522405060470312966
1522405065738551296
1522405067407699968
1522405071081910274
1522405074684850176
1522405076492554304
1522405085191745536
1522405085195776000
1522405091499814914
1522405103306739720
1522405103260557312
1522405106402033665
1522405113058533376
1522405114702610433
1522405119081553920
1522405122688573440
1522405123598790656
1522405124546695169
1522405124810891264
1522405126975234048
1522405131492503552
1522405131974848517
1522405133656764417
1522405135145742337
1522405142045278211
1522405154485456896
1522405154825416705
1522405155785920512
1522405157140635648
1522405158059225088
1522405163658805248
1522405163746660352
1522405178036846592
1522405189113847808
1522405189898092545
1522405191072550915
1522405194658725889
1522405200551723009
1522405206910062593
1522405215600885760
1522405217601409024
1522405226053083136
1522405229257449472
1522405236970823681
1522405237180485632
1522405249939648512
1522405251005165569
1522405255412994048
1522405259603292160
1522405260333092864
1522405261989793792
1522405263566938113
1522405265173319683
1522405265580167169
1522405267157233664
1522405270370107393
1522405273280909312
1522405273335443457
1522405274102992896
1522405282521001984
1522405283968036864
1522405297238810625
1522405299315163137
1522405299914776577
1522405300053106688
1522405305614802944
1522405312497696773
1522405313298710529
1522405315169251334
1522405320034856960
1522405320705908738
1522405321813155841
1522405324640198656
1522405329476149251
1522405329518137344
1522405334236770305
1522405345179705349
1522405345225814016
1522405356948836353
1522405364997804032
1522405371205271553
1522405373914800129
1522405375076712449
1522405385075838977
1522405385688125440
1522405386585882629
1522405391170215936
1522405394269757441
1522405396241174531
1522405396681478144
1522405397021306881
1522405397516238848
1522405397797216256
1522405401974636545
1522405403983761410
1522405413718609920
1522405419146260480
1522405420081586177
1522405425441824768
1522405427195097089
1522405430173044736
1522405440058966021
1522405440742735877
1522405447986208769
1522405450100183043
1522405450410606592
1522405456110620672
1522405460074278912
1522405462884376576
1522405465933881344
1522405471403003906
1522405482312445952
1522405483558375424
1522405494069022722
1522405495923146754
1522405496468254720
1522405496681996288
1522405497374138373
1522405498473295872
1522405499525869568
1522405501061013505
1522405502650667010
1522405506643599360
1522405514193289216
1522405516353409024
1522405516374388736
1522405526402908161
1522405526587555843
1522405531805454336
1522405541116526593
1522405543842918401
1522405555066785793
1522405559378624512
1522405561068777473
1522405566576009217
1522405569746849792
1522405574306107394
1522405578563330048
1522405582967300096
1522405589430812675
1522405593021042688
1522405593021046784
1522405599169949696
1522405605826306050
1522405606396772353
1522405609697644544
1522405609962094592
1522405617771892736
1522405629356556288
1522405633483591680
1522405636851396608
1522405639510708224
1522405639795970049
1522405642551631872
1522405644271337472
1522405648780120065
1522405658796204032
1522405660792692743
1522405665096241152
1522405668933808129
1522405669000859656
1522405670544453634
1522405674788995072
1522405684427509760
1522405685404831747
1522405686608596992
1522405690496663553
1522405690735800320
1522405691125903360
1522405691385860099
1522405694531637248
1522405700131074051
1522405708553232387
1522405713225658379
1522405716832788480
1522405721689702401
1522405727335239680
1522405732443906053
1522405732926197760
1522405735426142208
1522405739540717569
1522405746884947973
1522405747216334848
1522405750462582784
1522405751364411403
1522405751498866689
1522405755269545984
1522405758398251008
1522405764882518016
1522405764899430401
1522405768066215936
1522405769739657223
1522405770788286464
1522405774328279042
1522405774760230912
1522405778350657542
1522405780695273478
1522405779541692416
1522405782779744258
1522405786948882433
1522405787129511936
1522405787179819008
1522405798781292544
1522405799934545927
1522405801385775104
1522405802115362817
1522405805080809473
1522405809337999360
1522405812286771202
1522405813822046208
1522405832054427648
1522405837880188930
1522405840053219328
1522405840774389778
1522405842716618752
1522405846025707520
1522405848911331328
1522405851117588481
1522405855211266049
1522405857027362818
1522405858403098625
1522405863574708226
1522405863717097472
1522405868444258304
1522405872319750144
1522405873737474048
1522405878326243329
1522405884311351296
1522405888505618432
1522405894608277506
1522405898546786304
1522405901675732992
1522405902703280128
1522405906281021440
1522405906931195904
1522405907581206529
1522405907736535041
1522405909149978624
1522405912379465729
1522405912593448960
1522405914820718594
1522405920139259904
1522405921862955008
1522405925461635073
1522405925877063682
1522405926245965824
1522405932432605185
1522405933976276994
1522405934340923392
1522405938619109377
1522405943757225984
1522405949243539456
1522405949323063296
1522405951101353984
1522405952946855937
1522405957913169921
1522405959129255937
1522405960362377216
1522405960886669313
1522405968843264001
1522405977085120516
1522405976913104897
1522405981543669760
1522405992293539840
1522405997154869255
1522406003983228928
1522406007431118848
1522406035088044032
1522406037067898881
1522406037080449024
1522406040230318081
1522406040645603329
1522406044340731905
1522406044949004290
1522406056390975488
1522406056537772034
1522406058655944707
1522406059666722816
1522406063290601472
1522406063575871488
1522406070542643200
1522406072719319041
1522406074447450112
1522406078574735360
1522406078968856577
1522406080977977348
1522406082378874880
1522406095305818112
1522406098187259904
1522406100074737672
1522406103073570816
1522406103409217536
1522406116612788225
1522406128440819714
1522406131481645056
1522406133029384197
1522406134598225920
1522406135344640004
1522406136481124354
1522406136665841664
1522406141124296704
1522406142474924038
1522406145167663105
1522406145343766529
1522406148502134785
1522406151752540160
1522406151111217152
1522406155162636291
1522406155271692288
1522406157259878401
1522406163563745281
1522406169247195137
1522406176692002816
1522406178915078146
1522406180974305281
1522406183239364610
1522406192005500928
1522406192756183047
1522406195360849946
1522406195872497665
1522406201711079424
1522406204085084160
1522406214881222656
1522406216101675009
1522406219218051073
1522406219335364608
1522406219369140227
1522406220791001091
1522406221936050179
1522406222930268160
1522406224163188737
1522406228021886976
1522406242081251329
1522406242165137408
1522406243779985409
1522406245193424896
1522406248741851136
1522406251736576001
1522406251304714242
1522406252332023814
1522406252361531393
1522406252759986176
1522406254798417921
1522406257424052228
1522406260020285440
1522406271181369345
1522406271923929088
1522406272267608064
1522406274201231363
1522406274335391749
1522406276269064192
1522406276713820160
1522406291490193409
1522406297655779329
1522406299346026498
1522406301283794946
1522406302109945857
1522406302676398080
1522406313761910784
1522406327338815497
1522406327603056642
1522406330669092865
1522406332615303168
1522406338021625857
1522406354144702464
1522406362818490368
1522406363150045184
1522406366694027266
1522406367570669568
1522406367927046145
1522406374613078017
1522406377381056513
1522406377502744576
1522406384326819840
1522406387799707648
1522406403314491392
1522406403482267648
1522406408712507400
1522406409941372928
1522406411338240000
1522406412273561605
1522406418703388675
1522406420485967872
1522406425632276480
1522406427763122181
1522406431923838976
1522406432389406720
1522406432280260610
1522406435153317891
1522406435745038337
1522406435782541312
1522406438953435141
1522406440455000064
1522406445089701888
1522406449736871937
1522406450441908229
1522406455579713536
1522406464362532865
1522406465625018368
1522406471673294848
1522406472004603905
1522406478300205064
1522406478879068165
1522406481827618816
1522406486760202240
1522406487401848833
1522406489121513473
1522406490887368704
1522406506276216832
1522406523376447489
1522406523678384130
1522406523959492617
1522406528463953921
1522406534969442305
1522406535221194752
1522406539054755840
1522406546919116800
1522406547904770050
1522406549704040449
1522406550308020225
1522406554489733120
1522406560068419584
1522406562144428039
1522406563276902402
1522406573188202496
1522406575830446080
1522406577675845633
1522406577910784001
1522406578296705024
1522406579169079298
1522406585456377856
1522406587704479746
1522406590682472448
1522406593123471361
1522406609024135170
1522406609187659778
1522406618687848454
1522406620889858048
1522406621145616387
1522406634345148416
1522406639768326144
1522406642922696704
1522406648597430272
1522406650203803649
1522406650786811907
1522406652539977729
1522406652854505473
1522406655698296834
1522406656956682242
1522406673121521664
1522406673456971784
1522406673293332480
1522406674971381761
1522406677592829952
1522406684655644674
1522406684848709632
1522406685201121280
1522406698085986317
1522406699658842112
1522406706659143680
1522406712413761541
1522406715358007302
1522406727140114432
1522406736035987456
1522406743241900033
1522406743334178816
1522406748916699136
1522406757624168449
1522406759041839104
1522406761017352195
1522406762674106368
1522406770144120833
1522406772761415680
1522406772769755137
1522406776293015557
1522406777660526592
1522406782450212864
1522406786493521927
1522406788255080453
1522406790847115264
1522406791665324033
1522406793867059200
1522406797029650432
1522406803581063168
1522406805728600064
1522406807175675907
1522406811571216384
1522406817736929286
1522406817715867648
1522406829644390400
1522406834128179200
1522406839320813568
1522406839610093568
1522406853463924737
1522406855863111681
1522406856823607296
1522406857314381824
1522406860191682561
1522406866470735873
1522406871331753984
1522406877778350080
1522406879670018048
1522406881800724481
1522406883088347138
1522406885038645248
1522406886473150464
1522406890336096256
1522406892147982336
1522406896472412161
1522406900100390912
1522406906119303168
1522406911538343939
1522406916919631874
1522406919704559617
1522406927157837831
1522406930106535936
1522406934984462336
1522406935341207552
1522406935290859521
1522406940038639617
1522406942051868673
1522406941976322048
1522406947617705985
1522406947755937793
1522406951757369346
1522406952889982980
1522406954869661698
1522406963056979969
1522406967771377665
1522406974427746304
1522406977242112000
1522406977896431617
1522406980274561024
1522406980756852743
1522406982120054784
1522406984267481088
1522406984070443009
1522406991913705475
1522406995319435269
1522406997798400001
1522407003942916096
1522407006434435072
1522407006497345536
1522407008653447168
1522407012998561792
1522407020632195089
1522407022578307078
1522407024658722825
1522407033869373441
1522407034078998528
1522407041377214465
1522407049451261955
1522407049967058949
1522407050369716224
1522407062155800580
1522407063623806976
1522407071991402498
1522407076936486913
1522407080556122112
1522407081260822529
1522407082527440896
1522407084825866240
1522407085341876225
1522407088864980992
1522407088965758976
1522407091478179840
1522407093726507014
1522407095479332864
1522407099354988544
1522407099522859008
1522407102534365184
1522407108477661184
1522407109534654464
1522407113036812288
1522407116404936705
1522407120989265922
1522407129507942400
1522407142300524544
1522407153650352129
1522407154434678784
1522407154522947584
1522407163548872705
1522407163708203008
1522407165713125376
1522407168703610904
1522407172209971200
1522407175787884544
1522407175972438016
1522407177641680896
1522407181022158848
1522407182024724482
1522407184927272961
1522407184931426305
1522407186755956736
1522407183782191106
1522407191428349953
1522407196721618945
1522407197048725504
1522407206435667971
1522407207849140224
1522407209870630913
1522407211254878212
1522407213784080384
1522407218246832129
1522407220931084289
1522407221853831170
1522407224634609664
1522407235586084864
1522407237779550208
1522407239012818944
1522407239382081536
1522407239675518976
1522407242342969344
1522407242796044288
1522407246801559553
1522407249926406146
1522407260508594181
1522407269912170497
1522407272177184768
1522407273976541185
1522407281987670018
1522407284038635520
1522407287180115968
1522407287427502080
1522407293983543296
1522407294788636674
1522407298739716099
1522407299922468864
1522407305748307975
1522407305660276738
1522407305848967168
1522407309787414529
1522407311142428672
1522407314434969600
1522407335465000960
1522407342205288448
1522407350501527552
1522407354599456769
1522407357610876928
1522407360073023494
1522407361280983040
1522407374899793920
1522407378662043648
1522407381308784641
1522407384135647232
1522407385146527768
1522407396768985088
1522407398689976321
1522407401101611009
1522407428960227329
1522407435478183942
1522407437944463360
1522407439945154560
1522407445301272578
1522407446899310593
1522407447121604608
1522407447671021570
1522407449000615937
1522407459838742530
1522407461185069065
1522407461956816896
1522407469430935552
1522407473746903041
1522407481321955329
1522407484526567429
1522407486090797056
1522407488787730433
1522407491421851651
1522407492759687168
1522407494668197890
1522407497885261827
1522407501534162944
1522407505669861382
1522407506286419969
1522407510380093440
1522407511759929351
1522407512317775875
1522407514289049600
1522407518860886016
1522407520266076162
1522407526075150338
1522407529992822785
1522407531087343617
1522407535793344513
1522407541405278208
1522407548598501383
1522407548749770752
1522407554080333824
1522407558450884608
1522407558824472581
1522407561181474818
1522407565157707777
1522407568324370435
1522407570379522048
1522407578126495744
1522407579799851008
1522407582857629696
1522407582320713728
1522407585609129986
1522407587169411073
1522407591623761928
1522407598749888514
1522407600763113472
1522407607645917184
1522407608585437185
1522407611374743554
1522407612679081990
1522407617619976193
1522407620396654592
1522407623429132288
1522407629221507073
1522407637333204997
1522407641162600448
1522407641347235840
1522407644354555904
1522407645977665536
1522407647600947201
1522407650234933250
1522407653254832128
1522407653875531776
1522407654928392197
1522407658984292352
1522407663522484227
1522407673269915649
1522407673941172226
1522407677736988672
1522407679058231296
1522407679330824193
1522407699648065536
1522407707684356104
1522407707961176065
1522407722993565697
1522407731948560384
1522407734137790465
1522407736125841416
1522407741930844177
1522407744946507776
1522407745156231172
1522407747450556418
1522407748264247300
1522407748708806662
1522407749203681280
1522407749065355266
1522407749660856321
1522407750156038144
1522407753775525888
1522407755247759368
1522407766773669891
1522407770422714368
1522407770674577408
1522407773014835200
1522407774461865985
1522407776735178815
1522407783425101825
1522407791763333120
1522407791813881857
1522407793629839362
1522407803251531777
1522407803394175008
1522407804128141312
1522407805348630529
1522407805554237440
1522407810637647872
1522407813108027392
1522407818376228866
1522407818476892162
1522407819600973827
1522407822188818432
1522407826492121088
1522407830854197249
1522407839381483520
1522407839943303170
1522407843802009612
1522407845114830848
1522407847883026432
1522407856980508688
1522407858217783296
1522407859761422337
1522407859941785601
1522407859962667009
1522407863951495171
1522407866530947080
1522407866979790848
1522407867726569472
1522407868087119872
1522407873933987842
1522407875540312067
1522407875859075073
1522407878098890753
1522407879336247299
1522407880888049678
1522407882439995393
1522407882666483718
1522407883958534144
1522407886680432641
1522407892657135616
1522407894590889985
1522407902983557120
1522407907316445185
1522407920935206912
1522407922738868224
1522407927704952836
1522407930129092608
1522407930032791553
1522407931588726784
1522407933895610368
1522407943853035530
1522407945669124096
1522407952753307649
1522407953252466695
1522407953516666882
1522407955815088129
1522407956725260291
1522407958000418816
1522407959564722176
1522407961154539520
1522407962790309892
1522407965030064128
1522407979298996224
1522407989373775877
1522407990346715137
1522407996780957696
1522408002355093513
1522408005089832962
1522408008910790657
1522408010634645504
1522408012107124737
1522408018746482729
1522408025440591872
1522408027952984066
1522408032159870979
1522408039323779074
1522408040468819968
1522408052762103808
1522408054024777730
1522408054024642560
1522408057808031744
1522408058240049152
1522408061817733120
1522408066779693056
1522408067685658627
1522408069031874561
1522408069082521600
1522408069916987397
1522408073486286849
1522408075592085504
1522408081384169472
1522408081455525888
1522408083590422528
1522408085473615872
1522408085360324610
1522408095187705858
1522408095229648897
1522408096303308801
1522408097662308352
1522408099566477313
1522408100078231554
1522408100967456768
1522408105455329280
1522408107384705026
1522408107636400130
1522408109955760133
1522408110459076619
1522408111247613954
1522408114716389377
1522408117824331777
1522408123385925632
1522408128142319617
1522408136811978752
1522408143182991360
1522408146479812614
1522408146744090625
1522408146836365313
1522408147171913729
1522408147738112002
1522408147993964545
1522408147922702336
1522408154381930496
1522408156051263499
1522408157313740800
1522408158672691202
1522408159243079681
1522408159838707712
1522408166511755264
1522408177052143618
1522408184266297344
1522408190268293122
1522408192638001152
1522408194085163008
1522408195649683457
1522408203019075585
1522408204243714048
1522408206319894528
1522408207007854594
1522408207439872000
1522408209327218689
1522408231854915584
1522408235080298497
1522408235575169027
1522408238578290688
1522408245524152322
1522408247587753984
1522408251488407552
1522408254596337664
1522408266206167040
1522408270929010688
1522408271067238400
1522408273445588992
1522408277832876033
1522408282312294402
1522408282467487744
1522408282349920256
1522408284514394112
1522408286431109121
1522408293251141635
1522408302642024449
1522408304575582208
1522408307884892160
1522408308035911680
1522408312939204609
1522408313215979521
1522408314574884866
1522408317498368001
1522408318672814080
1522408319675158528
1522408324003729409
1522408324691632133
1522408328260997120
1522408334703308801
1522408339451297797
1522408341691056133
1522408343779758080
1522408350016749572
1522408357705003009
1522408364139061258
1522408372741439488
1522408374591229956
1522408378848452621
1522408378944868355
1522408390319820800
1522408391817244675
1522408392194768901
1522408396477063169
1522408399362658307
1522408400528809984
1522408400801386496
1522408402789584898
1522408404119015424
1522408404261777408
1522408409999544323
1522408412335964161
1522408418606075904
1522408419533242371
1522408420569194514
1522408423454879745
1522408425778515969
1522408426856349696
1522408432011251713
1522408432459988993
1522408437581238273
1522408441020624897
1522408442908053506
1522408449316904963
1522408456166195204
1522408456401178626
1522408458930302977
1522408465008050177
1522408472167526401
1522408474956738560
1522408475153907713
1522408483676917760
1522408488810520578
1522408488974094337
1522408489942982660
1522408494762233861
1522408505336283136
1522408506606903297
1522408507324121088
1522408510046314496
1522408510134308864
1522408510281109504
1522408513099739138
1522408517474394114
1522408527582617601
1522408531202301954
1522408534872313863
1522408536889868288
1522408540060909569
1522408545852923905
1522408558461136896
1522408562118512642
1522408569118892037
1522408571614502912
1522408573938155520
1522408582427582464
1522408587536093184
1522408588819537920
1522408589062811650
1522408589155090432
1522408590413221888
1522408592636227585
1522408596453089280
1522408613813567488
1522408620838821890
1522408620901634050
1522408622382542848
1522408624198455297
1522408629177102336
1522408632377352193
1522408651956408328
1522408652535119872
1522408662383448069
1522408662643486720
1522408668834238464
1522408675377307663
1522408692716560388
1522408693819715584
1522408694864130050
1522408697435099142
1522408702669516800
1522408703915446273
1522408706138333184
1522408707954552833
1522408708881408002
1522408713247731712
1522408713696464896
1522408715651100672
1522408724022935553
1522408738195394567
1522408741278302208
1522408742393942016
1522408744075685888
1522408744721784838
1522408748181909505
1522408750178574337
1522408752116379648
1522408753039126528
1522408754771337216
1522408759682908162
1522408761830354945
1522408768801320961
1522408768964861953
1522408769166221314
1522408774580899840
1522408781073711104
1522408782587957248
1522408787902087170
1522408793035878400
1522408795326263296
1522408802234081281
1522408803165212684
1522408806994497536
1522408813659410433
1522408815903358977
1522408817790976003
1522408824589725697
1522408833129267200
1522408834937114645
1522408841979342849
1522408843787055109
1522408846836314117
1522408848581140481
1522408850720456704
1522408851126902784
1522408851630436356
1522408862325911552
1522408866083971072
1522408867346403330
1522408868210483200
1522408868906737666
1522408869720375296
1522408870198587394
1522408870722871298
1522408870798368768
1522408871360442368
1522408879232978945
1522408879488917505
1522408880063590401
1522408881229553669
1522408884509585408
1522408886715797511
1522408890347966468
1522408892797435905
1522408896526266377
1522408901576212481
1522408901697806336
1522408904663003136
1522408911575273472
1522408912871653376
1522408913789980674
1522408914184192000
1522408916616814592
1522408929359187971
1522408935713656836
1522408941266821120
1522408942927855616
1522408946593845248
1522408947377922053
1522408954969694208
1522408955946885120
1522408962347335682
1522408965480538112
1522408966545883136
1522408967309299712
1522408967389028352
1522408967544180736
1522408968483704839
1522408971755212800
1522408973374263300
1522408982803013633
1522408985139240965
1522408993964048406
1522408998993121280
1522409009076224002
1522409012335161346
1522409012578426882
1522409019360485376
1522409021701074944
1522409024230428674
1522409026314719232
1522409027216494592
1522409028453818370
1522409031842807808
1522409055347941376
1522409056270495751
1522409062142738432
1522409063971233794
1522409066705965058
1522409069839060995
1522409082115796994
1522409090483253249
1522409092589002754
1522409093704695812
1522409098603646976
1522409105155305473
1522409105813811200
1522409107646521344
1522409111039528961
1522409111664553984
1522409117620572162
1522409117712887813
1522409119570968576
1522409123060621313
1522409127728799751
1522409127917543424
1522409129347891200
1522409132443242497
1522409136222265346
1522409138055442433
1522409139757993984
1522409144631894023
1522409146389516288
1522409148838825984
1522409154102628352
1522409154895351808
1522409156757577728
1522409156854095873
1522409158699589633
1522409163540004866
1522409179440467974
1522409185727688704
1522409185899520000
1522409190911844353
1522409193407488000
1522409198587363329
1522409201154367489
1522409201749970955
1522409202563661829
1522409203465338884
1522409209844932610
1522409210826350593
1522409227406434304
1522409230078255106
1522409230766157824
1522409232020262912
1522409234373038080
1522409234834800640
1522409239813451776
1522409250839957504
1522409256544350208
1522409259983687687
1522409262026309642
1522409264974864384
1522409266027585536
1522409268632518656
1522409272029589505
1522409273665507328
1522409275162734592
1522409285208129536
1522409297954672640
1522409303885459459
1522409313024811009
1522409312878055425
1522409314513739784
1522409314446622720
1522409319219843072
1522409320792702977
1522409320947802112
1522409321782415362
1522409329101471744
1522409332482191361
1522409338396188673
1522409341424476160
1522409341608935424
1522409342615658496
1522409345341747201
1522409346663124992
1522409350219931648
1522409352174448641
1522409354908946432
1522409364337963010
1522409365206192135
1522409372986531840
1522409376048455680
1522409383619338240
1522409385837924353
1522409389763620864
1522409392028758018
1522409396177088512
1522409398609465344
1522409399574138880
1522409399951757315
1522409402275356673
1522409408038375429
1522409408256524288
1522409411490197504
1522409414614937601
1522409415177125891
1522409418281078785
1522409431723651072
1522409439571382273
1522409443706773504
1522409443597733889
1522409444742631424
1522409446168842240
1522409447863115776
1522409452757991427
1522409453886357504
1522409457292034049
1522409457405157376
1522409457900482560
1522409461733855232
1522409462530813952
1522409466800578560
1522409470671953921
1522409474576818178
1522409475335933952
1522409476225130498
1522409478263554049
1522409480734007303
1522409481895915520
1522409488791310341
1522409494810087434
1522409500115976193
1522409509452496897
1522409517211918336
1522409526254735361
1522409536052678657
1522409546970537985
1522409549025759240
1522409553085706241
1522409558194405377
1522409559658270721
1522409569149931520
1522409569464594432
1522409579384127488
1522409583104380929
1522409586816430081
1522409587789676544
1522409589475577857
1522409592357015553
1522409596140331008
1522409603178373123
1522409604361117696
1522409610212225025
1522409610661056514
1522409615476076547
1522409633046056961
1522409637555085312
1522409644827815936
1522409653610717184
1522409654898151424
1522409659000307712
1522409659071709184
1522409659596156928
1522409659587612674
1522409667766505474
1522409671511838720
1522409673000996864
1522409675202854912
1522409693423022081
1522409703065759744
1522409705985003520
1522409706127511552
1522409710300930048
1522409711638876161
1522409726037921793
1522409726566359040
1522409726797099009
1522409729179496448
1522409735550607360
1522409743981191169
1522409746992615425
1522409751308611584
1522409753133010944
1522409756782215170
1522409757696569346
1522409757826555904
1522409762947833856
1522409764491304964
1522409768954044416
1522409773051826176
1522409776507932674
1522409782853918722
1522409785827729408
1522409785760821249
1522409796380413953
1522409800415461382
1522409803414671360
1522409806170103809
1522409806786482176
1522409808875425792
1522409809554939904
1522409812629364736
1522409814181228550
1522409815657570315
1522409817880543233
1522409831310704641
1522409832225165312
1522409837476433920
1522409844539596800
1522409845248466945
1522409846976483338
1522409853473501184
1522409854090027011
1522409854446493697
1522409857839767552
1522409857894264835
1522409859215409154
1522409868845625353
1522409869323780097
1522409870925959168
1522409873555738624
1522409873853620224
1522409875573141505
1522409880988135425
1522409885740195841
1522409890857336834
1522409891675410432
1522409894506340355
1522409896804851720
1522409896075055104
1522409897270386688
1522409911518482432
1522409912432795648
1522409915012288513
1522409918032134167
1522409924436938757
1522409930266927105
1522409936898174979
1522409941960699904
1522409948348502017
1522409954363297792
1522409956452020226
1522409963922067456
1522409964085547008
1522409964421197825
1522409965490786311
1522409967659241474
1522409968569401349
1522409974059737101
1522409974122561537
1522409979076300800
1522409979239669760
1522409980938366976
1522409981248946176
1522409994469134342
1522409996797063178
1522410000848756740
1522410001016438798
1522410014203420672
1522410015742517248
1522410017756172288
1522410019442020354
1522410023497998340
1522410026408636416
1522410027671166976
1522410033144807424
1522410042728894465
1522410043332775938
1522410045073362944
1522410046168129539
1522410060151930883
1522410066346840065
1522410068981002241
1522410077235212288
1522410087024926723
1522410087469535233
1522410090560692240
1522410090782814208
1522410099477815306
1522410107102973953
1522410116309528579
1522410119639707648
1522410120134733842
1522410120856047619
1522410123032875008
1522410122923937792
1522410127378239488
1522410131236999169
1522410132906274818
1522410133233537024
1522410135829856257
1522410142838542337
1522410144855908352
1522410153785663490
1522410154121043969
1522410155161255936
1522410158953046017
1522410159955320833
1522410160567726082
1522410169577181186
1522410169983979520
1522410174148976640
1522410178011836417
1522410182789447680
1522410185838542848
1522410196328488960
1522410200233394178
1522410209330745346
1522410214141616132
1522410219904581632
1522410220487589890
1522410229987778561
1522410229790609413
1522410236480471047
1522410244831293440
1522410246433611778
1522410249399029761
1522410250279825409
1522410253312315392
1522410255702974464
1522410257468715008
1522410265316233216
1522410267396747265
1522410269196140544
1522410269619675137
1522410269783302145
1522410270643015680
1522410273495306251
1522410281753849861
1522410283268030475
1522410291618881537
1522410297113387011
1522410301760712704
1522410302096257024
1522410302238871553
1522410304725995520
1522410305602605057
1522410307095719936
1522410313689276416
1522410315270410241
1522410318286237697
1522410319968190465
1522410321901670401
1522410330780930054
1522410331846365188
1522410339152764929
1522410339601727488
1522410344680984576
1522410345171767296
1522410346551590913
1522410347348561922
1522410349022035968
1522410350422994944
1522410351211425793
1522410352327249924
1522410356240433152
1522410357188349953
1522410360866758657
1522410363224039424
1522410366445264898
1522410367862902786
1522410376142413838
1522410376725422080
1522410378831015936
1522410380424847368
1522410384380108803
1522410386779258880
1522410388674985984
1522410395897679873
1522410405187969024
1522410405510799361
1522410406584672256
1522410406802857985
1522410410628030468
1522410415250157571
1522410418471411716
1522410420061057025
1522410421247959040
1522410425014489088
1522410428516552704
1522410431536582671
1522410433231015936
1522410433524686848
1522410434782978053
1522410438486544385
1522410442911625218
1522410444346036224
1522410460171149313
1522410471260708864
1522410472641024001
1522410477682319362
1522410479213326336
1522410479326539777
1522410479414566912
1522410480023007232
1522410484309413888
1522410495214563328
1522410496086925312
1522410497043222533
1522410497156567045
1522410497236246529
1522410502252642304
1522410510431531008
1522410515787563010
1522410519570927616
1522410525048684547
1522410526860488704
1522410531121946627
1522410533693046784
1522410541926567936
1522410542639550464
1522410542492749829
1522410545277767680
1522410546376675329
1522410547429482497
1522410557579710464
1522410560813477888
1522410563934068736
1522410568912670721
1522410576122679298
1522410577058058240
1522410588659499011
1522410588676239362
1522410589020209152
1522410589632569345
1522410590047662081
1522410598096465922
1522410604656533504
1522410607324147714
1522410607328337920
1522410610050441217
1522410617239482369
1522410619621806080
1522410632896651264
1522410643961360384
1522410647618834433
1522410648147214336
1522410650764562433
1522410654623309824
1522410657043423233
1522410659497009152
1522410665104887810
1522410678522466309
1522410681831673861
1522410682456576000
1522410682477649921
1522410686453669889
1522410686747402241
1522410688093773824
1522410695316451328
1522410695869886464
1522410696826404864
1522410708423610369
1522410719349817354
1522410722847821824
1522410723535695874
1522410724735299586
1522410730066227200
1522410731118989313
1522410732285046784
1522410746898001920
1522410752396914688
1522410753520807949
1522410755332653056
1522410757169762306
1522410761565396993
1522410762215444481
1522410764551737344
1522410770004422659
1522410772898451457
1522410775242895360
1522410776828518401
1522410777856311296
1522410778049056770
1522410785334382592
1522410785900830720
1522410792313892864
1522410795417669634
1522410798257033216
