1524570034043072512
1524570036874080256
1524570040238026753
1524570041819156480
1524570043622862848
1524570045107650564
1524570047636721665
1524570051415736320
1524570051889831936
1524570052003086336
1524570053127008261
1524570056767811584
1524570058453831681
1524570059716313088
1524570060714655747
1524570061603676161
1524570070571266048
1524570070827081732
1524570070885670912
1524570071443591169
1524570079224020994
1524570090506625024
1524570091064643584
1524570092213841924
1524570095783231488
1524570096164818944
1524570099826499586
1524570103194345472
1524570104289284096
1524570107657302019
1524570109641175041
1524570112321327104
1524570112283615232
1524570115924242432
1524570121657884675
1524570127038963712
1524570134039437315
1524570135851323394
1524570138116304898
1524570140112670720
1524570141715222528
1524570142373416961
1524570144688816131
1524570150111903744
1524570154293764096
1524570159582695424
1524570162954919939
1524570164133384192
1524570175755890689
1524570177026899970
1524570179694436353
1524570182076747782
1524570186577231872
1524570192159903744
1524570192218628096
1524570195687362561
1524570199093043200
1524570200074559494
1524570208052125698
1524570210967109633
1524570215199219718
1524570215564124162
1524570221431951361
1524570222799331330
1524570223327731715
1524570231129190400
1524570231355682817
1524570233494716417
1524570241921024005
1524570243561050113
1524570244408176641
1524570253002297344
1524570258283057154
1524570259134504961
1524570259344158721
1524570260497702912
1524570265929330690
1524570268043292679
1524570269502910464
1524570270773743616
1524570270991794177
1524570273864900614
1524570274267639808
1524570278155755522
1524570287307591681
1524570287685124097
1524570288511459329
1524570289178296320
1524570291992768514
1524570295343984646
1524570302583291904
1524570304303054848
1524570310074273792
1524570310514667520
1524570311823400962
1524570312637038592
1524570312871866368
1524570313815728128
1524570313945665536
1524570324569927681
1524570329628262401
1524570346153644032
1524570352235552769
1524570354319908864
1524570358770151424
1524570362092179456
1524570362251513857
1524570365770362880
1524570374503284738
1524570380412891141
1524570391230160896
1524570396883890185
1524570402994933762
1524570404433448960
1524570406199304192
1524570407709253632
1524570409278099456
1524570412784697344
1524570419411316736
1524570422586626050
1524570423299649536
1524570425019224064
1524570425535180801
1524570435458899968
1524570436079607808
1524570440965971968
1524570441641308160
1524570444766003200
1524570452651175936
1524570453565747202
1524570464818970625
1524570467037679616
1524570472511422465
1524570474042347520
1524570474705039360
1524570476516941825
1524570479490654208
1524570480035827712
1524570480644182019
1524570484364349440
1524570486486745089
1524570487824781312
1524570491301867521
1524570491394031617
1524570493122224130
1524570497341603840
1524570499384193025
1524570504102920192
1524570505377984513
1524570510759063552
1524570511782469633
1524570521798594561
1524570535023185921
1524570535056879617
1524570566421880832
1524570566833098752
1524570566967140352
1524570568506413058
1524570570112782337
1524570578572779520
1524570578887364611
1524570582989348865
1524570584159604737
1524570586185449472
1524570591952609284
1524570591847661570
1524570592573366272
1524570598806102017
1524570599141433344
1524570601498808321
1524570601922441216
1524570606926184448
1524570608494944264
1524570611342880770
1524570614656348166
1524570615490953216
1524570616816226304
1524570623875465216
1524570628694630400
1524570642380730371
1524570643488022528
1524570645299974147
1524570662035234816
1524570667903254529
1524570669186523136
1524570672227303425
1524570674441990144
1524570683484753920
1524570688907972609
1524570698567630849
1524570699461017605
1524570701772079107
1524570710022266881
1524570714946383872
1524570715286032385
1524570719149035520
1524570720319295488
1524570724874268679
1524570727906971648
1524570728707895296
1524570730607882241
1524570732910493696
1524570740238000128
1524570740359516160
1524570742033383424
1524570745355001857
1524570745426395141
1524570745744945152
1524570745711386624
1524570746508427265
1524570753169035265
1524570756314718208
1524570756536889344
1524570763373776897
1524570766389485569
1524570768750915584
1524570772894666753
1524570775419817988
1524570783061848065
1524570787872608256
1524570792071249920
1524570794222919685
1524570808009383936
1524570813617389568
1524570816519675904
1524570819489255425
1524570819644604416
1524570819996880896
1524570821506781185
1524570823775903744
1524570824065253378
1524570827093516288
1524570828486098944
1524570829526343681
1524570834915917826
1524570836992086017
1524570841169682432
1524570842172207106
1524570843707281414
1524570846584483840
1524570847964454915
1524570850397204481
1524570854830616577
1524570866251710466
1524570866532732928
1524570867056918529
1524570874199822336
1524570877618176000
1524570880424091654
1524570882768883712
1524570904168067072
1524570904826683393
1524570910417580032
1524570914557419525
1524570919569661954
1524570920358227970
1524570929048739840
1524570938611834880
1524570954927591427
1524570956454404096
1524570957117075457
1524570960401244162
1524570963236503555
1524570963643355137
1524570971050549255
1524570973093208070
1524570974133362688
1524570981586456577
1524570983692050433
1524570987991375872
1524570995885056000
1524571006743941120
1524571010497974272
1524571012960071680
1524571020891353088
1524571022699249666
1524571023571660800
1524571023919783936
1524571031460929544
1524571035231789056
1524571040210243585
1524571042508849153
1524571045667160064
1524571047873462272
1524571050008358912
1524571051493052417
1524571053653123073
1524571053695160320
1524571060850548736
1524571069016948737
1524571075950043136
1524571076105146368
1524571077439021056
1524571077816561664
1524571088784658434
1524571089182986241
1524571098725167104
1524571098947342336
1524571103275929600
1524571103447982082
1524571108103622656
1524571113128300544
1524571114273443847
1524571118287400962
1524571130283139073
1524571131985887232
1524571134477275136
1524571137547583488
1524571137639956482
1524571146800275458
1524571149883039751
1524571151258824706
1524571151518912512
1524571158041006082
1524571159588655104
1524571163095097352
1524571163409715203
1524571168677806081
1524571177988943877
1524571186067345409
1524571187031986176
1524571189430996993
1524571194506334208
1524571195475169283
1524571200835313664
1524571207101734912
1524571210998333441
1524571213779111936
1524571221958004742
1524571222993817600
1524571226634547200
1524571226735366144
1524571240198930432
1524571241709023232
1524571244770775040
1524571245681029120
1524571246163382273
1524571246226456576
1524571247786565633
1524571258674888710
1524571260650508290
1524571261757652992
1524571264358273029
1524571265335324672
1524571270683127813
1524571279025709057
1524571280015568898
1524571284742434817
1524571285807841286
1524571288005664768
1524571291784822785
1524571292095197184
1524571292510392320
1524571293386956801
1524571294758363138
1524571301150552064
1524571306204794881
1524571312202657792
1524571313255460864
1524571314832482307
1524571317231656964
1524571321040093186
1524571322021462017
1524571323678310402
1524571326287167489
1524571327331454976
1524571328472399879
1524571329512452096
1524571333103058944
1524571338920263683
1524571339729776641
1524571341881454592
1524571346050637825
1524571347732549633
1524571349800341504
1524571350781767680
1524571353952702465
1524571354149752833
1524571356137852928
1524571362530148353
1524571363616436224
1524571365428236288
1524571366992842752
1524571370557947910
1524571371677782018
1524571377008848902
1524571378485284864
1524571385913303040
1524571392108290048
1524571394977280000
1524571396818542593
1524571396403343360
1524571401528614912
1524571402979975168
1524571403902672896
1524571406066982917
1524571409367932928
1524571412198952960
1524571414292049922
1524571415437103104
1524571416296833024
1524571430695940097
1524571434479243265
1524571436840411137
1524571438480609280
1524571439038447616
1524571446818729984
1524571453198323712
1524571456306302976
1524571456243392513
1524571460232269827
1524571460848828417
1524571464120561665
1524571467077369866
1524571467089801216
1524571468360818690
1524571476204081152
1524571478469103617
1524571482432675842
1524571492125712384
1524571492776034309
1524571502141710336
1524571510928822272
1524571512363266048
1524571516154920960
1524571516511346688
1524571525122338816
1524571525646635009
1524571527143837696
1524571529333207040
1524571531527045127
1524571538779144192
1524571540901097473
1524571546664128512
1524571550661234688
1524571558165032963
1524571559041581056
1524571559968583681
1524571565786120192
1524571571335184387
1524571574984077313
1524571576863100930
1524571582911365124
1524571590771589120
1524571592877121536
1524571594672070656
1524571598719619072
1524571599533449216
1524571599822852096
1524571599839678467
1524571602356097024
1524571603748667392
1524571603824263168
1524571606508523520
1524571611751452674
1524571615178203141
1524571617786884098
1524571623357042688
1524571623671705603
1524571629677912066
1524571630466265089
1524571634039808000
1524571652226437121
1524571653161766912
1524571653165920256
1524571655745511426
1524571658148847616
1524571658245140480
1524571660359061506
1524571669460918273
1524571671256047616
1524571672803790848
1524571682232541186
1524571684535246856
1524571687609585665
1524571690654707714
1524571692831748096
1524571694140067842
1524571695259869186
1524571696228814849
1524571699773157376
1524571705406074882
1524571706462978048
1524571707821854720
1524571712330735617
1524571712632860672
1524571713438113793
1524571722829209602
1524571728667578368
1524571730337058816
1524571734929772544
1524571736888467458
1524571739451142144
1524571739669336064
1524571746296164353
1524571747504340995
1524571749664399360
1524571761446109184
1524571761416806400
1524571773823590400
1524571782211981312
1524571785458425856
1524571787954167814
1524571794757324808
1524571802499883008
1524571804379013121
1524571804550975489
1524571806417526785
1524571809210937345
1524571809533804544
1524571810926317569
1524571814218846208
1524571826415882243
1524571826894127106
1524571828307566592
1524571830916292614
1524571831490985985
1524571832699043842
1524571833407733761
1524571836683632641
1524571841544687616
1524571844443090950
1524571847651741697
1524571859416760324
1524571864030494722
1524571865397686272
1524571867998306304
1524571873929052160
1524571874507857921
1524571874696613890
1524571875984261121
1524571875682181120
1524571876487581696
1524571878270119937
1524571878668525570
1524571883953344512
1524571885207527424
1524571887145267200
1524571889426857984
1524571893965021184
1524571894879555585
1524571897094348801
1524571902056054784
1524571902106386432
1524571910163501056
1524571910276665344
1524571911178665984
1524571912235593728
1524571912667807744
1524571915972665345
1524571922616532993
1524571924654829568
1524571925825171464
1524571927632924673
1524571936570974211
1524571938374438913
1524571944091275271
1524571942895996928
1524571946024906755
1524571951238459392
1524571952857370625
1524571955311124480
1524571956984524801
1524571961283784705
1524571982343417857
1524571984620769280
1524571991386206208
1524571995341533185
1524571996901842945
1524572002266193922
1524572003146948609
1524572003818164227
1524572005185605632
1524572005181366272
1524572006020050944
1524572007605678080
1524572009023254528
1524572011351220226
1524572011854544897
1524572014618431494
1524572015255973890
1524572018087272448
1524572018070650880
1524572019186098176
1524572031173500928
1524572031223832578
1524572035334168576
1524572037766918144
1524572038916100097
1524572042649128962
1524572052996321281
1524572053420060672
1524572061942882306
1524572068989263878
1524572071745175552
1524572072927805440
1524572074966200320
1524572077306499072
1524572077625331712
1524572082666758144
1524572083480666113
1524572085275832322
1524572088769691648
1524572092368400384
1524572094566223876
1524572097191845889
1524572098793857024
1524572103080620033
1524572107321061378
1524572107421753344
1524572109753757696
1524572110030467074
1524572114413572099
1524572115835445250
1524572116070371328
1524572117144059904
1524572117676675073
1524572119396491265
1524572128749797376
1524572129173327874
1524572134533742595
1524572135506776065
1524572135146020865
1524572139596267521
1524572140581888001
1524572143920496642
1524572145866653697
1524572146575495168
1524572146952978433
1524572151747162112
1524572154876022784
1524572157560471554
1524572157443022848
1524572159489716225
1524572164770480128
1524572166636908544
1524572169988186114
1524572175822462978
1524572176455770112
1524572176946323456
1524572181828677632
1524572182805942272
1524572186819837952
1524572188396994560
1524572190175338496
1524572193228607488
1524572195284189184
1524572198614167552
1524572204171726849
1524572206461857793
1524572207208443905
1524572210400276482
1524572210408693761
1524572217731956738
1524572220164648963
1524572227815026694
1524572233296797696
1524572241417359360
1524572242755174401
1524572248245473282
1524572253685387264
1524572255241482240
1524572268604579841
1524572273201582080
1524572280021467138
1524572284857462784
1524572301416620033
1524572303207677957
1524572305954902017
1524572309343846400
1524572313953337344
1524572314821660672
1524572316025319424
1524572318520983556
1524572324569042945
1524572324409884672
1524572327660371968
1524572327865892864
1524572331737337857
1524572337449971713
1524572346471772161
1524572347109359617
1524572348191551490
1524572349118439424
1524572351899308034
1524572354214793216
1524572355602882560
1524572363513229312
1524572366986113024
1524572367447601154
1524572370169733120
1524572374892306433
1524572382488408066
1524572384191139840
1524572391669526528
1524572391854120962
1524572395578839045
1524572398904881154
1524572401677352961
1524572403531091969
1524572410594267136
1524572413714911233
1524572418626498560
1524572420325076994
1524572423022022657
1524572434732621829
1524572436938715136
1524572443456593920
1524572451115606019
1524572454282309633
1524572455951552512
1524572459126583296
1524572459977953280
1524572461509001216
1524572461630730240
1524572463912345602
1524572464776245251
1524572470002569216
1524572475765501952
1524572478885875712
1524572492106326016
1524572499333242884
1524572499584946176
1524572507768078339
1524572507600265216
1524572509869330435
1524572516118847495
1524572521667784705
1524572528584318976
1524572530215993346
1524572536838791168
1524572547546710016
1524572549883076608
1524572559148204032
1524572560700157953
1524572566060417024
1524572566798704640
1524572571630505989
1524572575556325376
1524572579134160896
1524572583705853952
1524572591712882690
1524572593759694850
1524572603456921601
1524572604002148355
1524572604178350081
1524572606753492992
1524572609215614979
1524572613841932288
1524572613984497667
1524572614085259264
1524572617872609280
1524572619391053824
1524572621362319361
1524572623098703872
1524572625237905410
1524572628005965824
1524572630799593472
1524572633307631616
1524572636730253313
1524572639326392320
1524572642392612864
1524572646763118593
1524572649707520001
1524572651271991300
1524572653662740480
1524572659106729984
1524572666656608256
1524572668942499845
1524572671249469440
1524572674189578241
1524572677993811969
1524572680078430209
1524572680304746496
1524572690006294531
1524572695626670080
1524572701897154566
1524572701804818432
1524572704061329409
1524572710654791681
1524572721803194368
1524572723233574912
1524572724282101760
1524572724303220736
1524572739167604737
1524572742862786561
1524572750635012103
1524572751511670785
1524572753373839361
1524572754917289984
1524572755588489217
1524572760093372416
1524572765365448704
1524572770230800384
1524572779227410432
1524572785401466880
1524572789860347904
1524572795421798401
1524572797221040128
1524572798550609920
1524572799611904001
1524572800161226753
1524572802187149314
1524572805202804736
1524572808952655872
1524572809351020544
1524572809447497729
1524572810454216705
1524572811230068736
1524572815399301122
1524572818352005120
1524572822307151873
1524572823691218944
1524572824513523712
1524572827176914944
1524572828728795142
1524572830918221824
1524572840124719105
1524572841676472321
1524572856008462336
1524572857472233472
1524572858030215168
1524572864095354881
1524572868444631041
1524572869862121472
1524572871510667265
1524572879123140608
1524572882805870592
1524572885582589954
1524572889764270080
1524572892322799619
1524572899750907904
1524572908265349123
1524572912803782657
1524572913650835457
1524572914527490053
1524572916091801600
1524572916452667394
1524572916901371906
1524572922144333826
1524572932990636033
1524572933762560000
1524572948530663426
1524572949025464321
1524572952875970561
1524572956424237057
1524572960949944320
1524572966612127745
1524572967337869312
1524572978549518337
1524572982445850630
1524572984349917184
1524572992088457217
1524573001252888576
1524573011088662530
1524573013995368449
1524573016595775493
1524573017120157696
1524573018277748736
1524573021478002688
1524573037760327683
1524573042264924161
1524573046853574657
1524573047537164288
1524573048602509312
1524573049617534976
1524573050775216130
1524573054097055744
1524573056122822658
1524573056475222016
1524573071729999873
1524573073227362305
1524573079858466816
1524573082874171392
1524573086816874496
1524573090209951744
1524573090562334721
1524573090998624259
1524573091766018048
1524573093376577537
1524573095482200064
1524573104877547522
1524573105707884545
1524573115409477632
1524573116864679937
1524573124297076736
1524573128260833281
1524573133595848705
1524573136095690752
1524573139157532672
1524573139388276738
1524573141430935552
1524573144488456192
1524573145415442437
1524573152109596674
1524573153355251713
1524573156190859264
1524573157981622272
1524573162779779072
1524573165204258817
1524573167364317184
1524573167410311168
1524573168182214658
1524573168479969280
1524573173714284544
1524573177757720576
1524573178542145536
1524573190118424576
1524573195377922048
1524573198712557570
1524573207163940865
1524573216009863169
1524573219042340864
1524573222582194176
1524573223806984193
1524573224184336384
1524573227909009408
1524573229758746625
1524573236360626177
1524573238365495296
1524573250348535808
1524573260222017536
1524573269051027456
1524573272356098049
1524573276256747523
1524573286411079680
1524573287468122113
1524573291369107456
1524573291918331906
1524573294191681536
1524573297165406210
1524573298557919236
1524573300290048000
1524573301078601728
1524573304107020289
1524573305663070209
1524573312277377024
1524573316366938112
1524573316471832576
1524573318715785216
1524573319026073600
1524573319873409024
1524573320062115840
1524573325191745537
1524573329314631682
1524573333794213891
1524573338106052609
1524573347644084226
1524573355357220864
1524573356846387201
1524573358653849600
1524573360164073473
1524573361279586310
1524573369395400704
1524573373686325250
1524573374600683527
1524573375934656512
1524573377951846400
1524573383538716672
1524573392233398272
1524573393017839616
1524573393156255745
1524573396356706304
1524573403813793792
1524573405911126016
1524573408524181504
1524573412961701889
1524573422151696384
1524573424298856448
1524573428682002432
1524573433035739137
1524573434184937472
1524573445979185153
1524573456108429312
1524573458730004480
1524573473091301379
1524573473753939968
1524573474425085954
1524573485166886913
1524573487247077377
1524573501646012419
1524573503957184514
1524573512601534464
1524573516137435136
1524573521137049605
1524573524475932672
1524573527864717312
1524573533606658049
1524573540271407105
1524573544277024768
1524573547502325760
1524573553831866369
1524573557707190274
1524573558931968005
1524573565181382658
1524573568159281152
1524573568117444609
1524573584462598146
1524573588921237504
1524573589281730560
1524573589541900289
1524573594172411904
1524573596827660288
1524573604951867393
1524573604951863296
1524573613525028865
1524573619497619457
1524573624807702529
1524573631770202112
1524573636044148739
1524573638162145280
1524573648056721408
1524573648501284870
1524573655619244032
1524573658995433475
1524573660065021954
1524573666645848065
1524573667908333572
1524573673566388226
1524573680684220421
1524573681875406849
1524573683083317248
1524573691002212353
1524573693090881536
1524573693791330305
1524573696442048512
1524573696425353216
1524573698585509889
1524573714091679745
1524573716369313795
1524573717677891585
1524573719322152966
1524573720202858496
1524573721071026176
1524573734023139328
1524573735226859520
1524573736095080449
1524573736602464256
1524573740092190720
1524573741828689921
1524573746048094208
1524573757100208130
1524573757439889408
1524573757976817664
1524573760606535680
1524573765799084032
1524573767393071104
1524573780202426369
1524573787282358274
1524573789601869825
1524573791212376064
1524573799194271745
1524573802201587712
1524573813526118400
1524573815640145920
1524573820362895360
1524573824603533313
1524573824884391937
1524573826922729475
1524573831180046336
1524573838972964864
1524573840650637313
1524573845218369537
1524573847353180163
1524573851975303168
1524573853770473472
1524573856085659649
1524573857918631937
1524573859218874368
1524573863257907200
1524573871961251841
1524573881381658624
1524573891242438657
1524573891372490753
1524573895637954560
1524573898385367040
1524573900436344833
1524573905469333504
1524573909533790209
1524573913308663808
1524573917351923713
1524573920673730560
1524573921898553344
1524573930316517378
1524573932346646529
1524573940932349952
1524573946636472320
1524573947102179331
1524573953326526464
1524573953527885824
1524573955658551300
1524573956069412864
1524573958359724032
1524573959928356864
1524573961098604544
1524573968023363585
1524573972968394753
1524573976332230658
1524573982736932864
1524573983084974080
1524573987396857856
1524573988218884097
1524573992052563968
1524573995059740675
1524573997739954176
1524574000722100224
1524574003737804805
1524574005889576968
1524574006044725248
1524574007097405440
1524574023006445570
1524574028643639298
1524574029000105984
1524574028916310016
1524574032506589184
1524574032661827586
1524574034964398080
1524574036977537024
1524574045189984256
1524574047392215040
1524574050990706689
1524574053985443840
1524574057915908098
1524574059824001024
1524574060772040704
1524574064748077057
1524574065373155328
1524574071945629696
1524574078455144448
1524574079046590464
1524574079222788099
1524574086013370369
1524574086365683714
1524574086705340418
1524574092044685312
1524574092652818433
1524574092975755266
1524574095098228736
1524574101125353472
1524574101871996931
1524574114001809409
1524574117088968704
1524574118246588421
1524574118531665921
1524574121425838080
1524574127855656961
1524574129659260929
1524574132649746433
1524574133816016897
1524574137318096897
1524574142288343040
1524574144460955651
1524574152312688640
1524574157178118145
1524574158671204352
1524574170000015367
1524574176870379520
1524574178191495170
1524574178808053761
1524574183211945984
1524574185334444032
1524574187360337920
1524574189490954240
1524574189314846726
1524574192989093888
1524574194373054466
1524574196017377280
1524574200723382274
1524574202803769344
1524574213461454849
1524574216212807681
1524574225255874560
1524574226081927169
1524574236853035010
1524574240082567168
1524574241693343746
1524574250446729216
1524574252074119168
1524574256172089344
1524574257577082881
1524574258873217024
1524574259179569152
1524574262555660288
1524574263625367565
1524574267085524992
1524574273112735745
1524574276820652033
1524574281547583488
1524574285825720320
1524574288325582848
1524574293631270913
1524574294545768455
1524574296898646016
1524574297980870656
1524574301340545024
1524574306495131648
1524574308013682690
1524574308361773056
1524574308839821312
1524574313936224256
1524574316389568512
1524574321812951040
1524574334819442688
1524574336333533185
1524574337239425024
1524574337856008193
1524574338745180160
1524574343086419968
1524574344202145793
1524574351575568389
1524574352032817152
1524574354448789509
1524574360173899776
1524574360547307520
1524574363755892737
1524574372551401472
1524574376699514882
1524574378553454593
1524574381921472512
1524574392860266496
1524574395003461632
1524574408412696576
1524574408832131072
1524574420383195136
1524574423562735616
1524574426628382721
1524574430415843329
1524574431195983872
1524574431321989120
1524574433540808710
1524574437504389126
1524574442420158465
1524574443225374720
1524574444513071104
1524574448917315584
1524574453618950144
1524574457741860864
1524574459822325760
1524574460023492610
1524574464410886145
1524574467233615873
1524574471847247872
1524574482748301314
1524574486275760130
1524574494748073984
1524574498950889472
1524574511768637440
1524574513945587713
1524574518441914369
1524574523676585984
1524574526524248064
1524574529388957699
1524574533084192769
1524574538889142274
1524574546019323904
1524574546187194370
1524574548460331008
1524574555670556674
1524574557683781634
1524574560288391168
1524574562448330752
1524574563555811328
1524574563744501761
1524574568949719040
1524574585592725504
1524574591301001216
1524574594341818368
1524574597567418368
1524574597781336065
1524574601178759168
1524574601216286720
1524574611509186561
1524574616152379398
1524574618568343553
1524574622460657665
1524574626226999296
1524574631335809025
1524574632510214145
1524574633009295372
1524574632996573184
1524574649216024577
1524574649610383360
1524574654463098884
1524574662260236288
1524574662394621952
1524574664609173507
1524574665087365120
1524574676185501696
1524574682393030661
1524574687782748160
1524574694296465408
1524574696200708097
1524574700772335619
1524574704312492033
1524574706095042560
1524574707479154691
1524574711459368960
1524574712172630019
1524574714533924864
1524574718254370817
1524574720053686274
1524574720573816834
1524574722209771521
1524574728215838720
1524574730317176832
1524574731734814720
1524574736889569282
1524574739657748480
1524574743512367104
1524574744149848064
1524574746125475842
1524574748524621824
1524574749543833607
1524574751401910272
1524574754539155456
1524574754539294720
1524574758712578048
1524574763120836608
1524574766400745479
1524574769873666049
1524574770360033281
1524574770712518659
1524574776123133953
1524574776198578178
1524574782766809089
1524574785954586626
1524574789423144960
1524574793005158406
1524574796251553793
1524574797522477057
1524574802434048003
1524574802715062272
1524574803558076416
1524574807647563777
1524574809559949312
1524574811757948936
1524574815440424961
1524574816988192768
1524574817386737669
1524574826052001793
1524574826203078656
1524574828908449794
1524574829349044224
1524574832372768769
1524574850626560001
1524574859749113857
1524574860067975168
1524574864740282369
1524574866208288768
1524574867865190400
1524574872772489216
1524574874194391041
1524574877289693187
1524574880582283270
1524574880838074370
1524574881177767936
1524574883853660160
1524574883958599682
1524574888698200066
1524574889897832449
1524574898630320130
1524574899771224066
1524574902841401344
1524574908642213888
1524574912626757639
1524574927730495489
1524574938648268801
1524574939277369344
1524574943920406529
1524574944293625858
1524574944553848833
1524574953122631680
1524574958134906882
1524574961075200001
1524574961930674176
1524574962689978369
1524574966477246468
1524574970247933952
1524574971007479808
1524574974266290177
1524574978196357121
1524574983078490112
1524574991030829060
1524574997917802496
1524575000183083008
1524575002250600452
1524575003601256450
1524575003836100608
1524575004788154369
1524575006054879237
1524575010165346305
1524575010588794880
1524575013436895233
1524575016032956418
1524575016360230912
1524575020462198784
1524575020973920257
1524575024056868866
1524575036375543811
1524575036723503104
1524575039101620226
1524575039827300354
1524575042528595968
1524575045011779586
1524575047096143875
1524575051105849344
1524575051068153859
1524575059419054082
1524575061432279043
1524575062707298305
1524575063160283142
1524575065156640769
1524575066851323913
1524575070294712321
1524575071314055173
1524575075495776258
1524575079014797312
1524575083523624960
1524575083695677440
1524575085683650560
1524575089424957440
1524575095099850752
1524575099751387136
1524575106927890441
1524575107271823362
1524575108081324033
1524575109830348801
1524575112153993216
1524575112665735168
1524575115010265088
1524575117098905600
1524575117526843395
1524575119968018433
1524575119900819456
1524575120530239488
1524575127022845952
1524575134799085568
1524575140369084418
1524575163295141889
1524575170417115141
1524575173575426050
1524575174082838531
1524575176393908229
1524575182324699136
1524575188565868544
1524575199332601856
1524575204256722946
1524575207108845569
1524575207712870403
1524575207813435392
1524575209080111105
1524575210501980163
1524575211760365572
1524575213492518914
1524575221033881604
1524575222254477312
1524575226113183744
1524575226507505665
1524575237052014593
1524575237257539591
1524575242378792961
1524575245948104705
1524575255754330129
1524575258560253954
1524575260112306177
1524575276889350145
1524575277434744834
1524575277950582784
1524575278663712769
1524575280890851334
1524575286834122757
1524575288398598146
1524575290663522305
1524575295143129094
1524575297106071557
1524575317326802945
1524575321332150273
1524575338533117955
1524575338839302145
1524575344111624192
1524575350029750275
1524575350742822913
1524575356811943939
1524575358288158720
1524575369604575233
1524575371802427393
1524575374822322177
1524575378685136896
1524575390676754433
1524575392711188480
1524575395474984962
1524575396901101568
1524575398444605441
1524575402269753348
1524575405541318656
1524575408892653572
1524575409198690304
1524575412470403075
1524575417746661377
1524575418120118273
1524575418405330947
1524575418698944522
1524575418652758020
1524575420800196614
1524575425539678208
1524575431474642946
1524575436457771009
1524575437954813953
1524575448113590273
1524575449074053121
1524575454748893186
1524575455390564352
1524575455994871809
1524575456162328576
1524575457315901443
1524575457626267652
1524575459039715328
1524575459605762049
1524575475603017728
1524575479054757888
1524575479596040192
1524575482267811840
1524575486814433282
1524575487460315139
1524575489918226433
1524575493932171264
1524575498105352192
1524575503700606976
1524575514886914048
1524575516556247043
1524575520662323201
1524575523954962435
1524575524789825536
1524575525905346562
1524575526119215108
1524575528493146113
1524575532507037697
1524575538878287872
1524575540262408192
1524575540249825280
1524575541973557249
1524575543877898242
1524575545186557952
1524575554036457472
1524575561732919296
1524575562106351616
1524575563892944896
1524575563951845378
1524575564467781632
1524575568259334144
1524575580695711745
1524575584906625024
1524575589167943680
1524575592162934784
1524575606972710913
1524575617898975233
1524575618473603072
1524575621313146880
1524575626140995584
1524575626346348552
1524575626937901057
1524575627029975041
1524575628313481219
1524575635548835842
1524575635963842561
1524575642876092422
1524575644343881729
1524575650233057280
1524575651780431874
1524575656389976065
1524575670315016192
1524575671439302656
1524575685641129986
1524575687624912897
1524575688069636102
1524575688925356034
1524575689134981121
1524575696890253313
1524575698047967235
1524575698219896833
1524575700560326658
1524575703504769024
1524575706382049280
1524575706524618753
1524575708135051265
1524575709565534209
1524575713076162560
1524575716532183046
1524575721649233920
1524575722765000705
1524575728083390470
1524575734265745410
1524575737977741313
1524575746722783233
1524575750405476352
1524575750887772163
1524575754771734530
1524575760328970240
1524575761327431683
1524575764540055552
1524575769904791552
1524575774472228864
1524575774807924736
1524575775894216708
1524575778272333829
1524575779371163648
1524575781187465216
1524575782185705473
1524575789588570118
1524575801760493569
1524575820173488128
1524575823939919873
1524575829837160460
1524575832374751232
1524575833121300481
1524575835570778112
1524575839945437191
1524575840549359617
1524575840633249794
1524575841224646656
1524575844043218944
1524575844630413317
1524575845322563584
1524575845762965505
1524575848635846656
1524575854533218306
1524575859801313282
1524575860069572609
1524575863605452803
1524575877689917441
1524575878059114496
1524575879850041344
1524575880156229632
1524575882349727745
1524575885768069120
1524575893695475713
1524575894878183426
1524575895784144898
1524575895846985729
1524575899055763456
1524575902931341312
1524575903220518912
1524575908765609986
1524575910254596097
1524575914998308865
1524575916793503744
1524575916965388293
1524575920123949057
1524575940441001985
1524575942357700608
1524575953439141891
1524575953870987264
1524575963757129728
1524575963903938560
1524575967867506688
1524575967825776640
1524575968937103360
1524575970992312320
1524575971306885121
1524575975555665920
1524575983575216128
1524575986423152640
1524575989208170498
1524575992668426242
1524575993016504320
1524575993918373888
1524575994492997632
1524575996107763715
1524575996594302979
1524576002692857857
1524576003015815170
1524576010888523778
1524576013631606784
1524576015657447424
1524576019239239680
1524576023609847810
1524576024989552640
1524576026164183041
1524576027648962562
1524576033487261696
1524576040374333440
1524576040487735301
1524576040470810624
1524576042576457728
1524576046015787008
1524576050100858882
1524576052722417664
1524576060725157888
1524576065892409349
1524576068916891648
1524576073308012546
1524576086000082944
1524576090492182533
1524576094862462976
1524576097328934913
1524576100063531008
1524576101519011841
1524576118031986689
1524576119286030338
1524576128865775616
1524576131902492672
1524576133647241216
1524576138323972096
1524576144124784641
1524576144447746050
1524576149787004929
1524576152421081088
1524576159723401221
1524576162860736513
1524576162806222848
1524576164781731841
1524576168652988416
1524576168602750976
1524576169064030209
1524576169114636288
1524576169663901696
1524576173811924992
1524576176928350209
1524576178929119233
1524576183207219206
1524576190526148608
1524576195035152384
1524576197061001216
1524576198482960385
1524576199753695232
1524576203377721344
1524576207609626624
1524576209090359301
1524576235438804992
1524576235598213122
1524576243294769152
1524576250773184512
1524576251498881027
1524576261884059649
1524576262517370887
1524576264702595073
1524576265906368513
1524576267307204608
1524576271971274760
1524576278153613312
1524576278757658624
1524576278841634817
1524576282842914818
1524576286273794048
1524576287133769728
1524576288534523904
1524576300568137729
1524576300849053697
1524576303080525824
1524576307421536256
1524576311250984960
1524576316590276613
1524576319476060160
1524576322546290689
1524576322730741763
1524576325213855745
1524576326119833600
1524576328791597056
1524576336022540289
1524576338211921920
1524576338203586565
1524576339763761152
1524576340292169728
1524576342574051329
1524576342838181890
1524576343488446466
1524576350950277121
1524576359502209030
1524576361578381312
1524576365101686787
1524576365789462528
1524576367157080064
1524576369677672448
1524576370050932737
1524576370352787457
1524576372827455489
1524576373532241920
1524576376753250304
1524576378602934272
1524576384449871873
1524576391248941057
1524576392167538689
1524576395585802312
1524576395862716421
1524576409938804737
1524576418646142976
1524576423515541505
1524576423985483777
1524576425629552640
1524576439198117889
1524576440125038592
1524576445716180993
1524576445988806657
1524576451793756166
1524576457351180289
1524576458596708353
1524576459473494017
1524576459548995590
1524576463625854976
1524576463739097094
1524576467614638083
1524576471393574912
1524576476292603907
1524576481963388930
1524576482256900096
1524576484907646976
1524576484878340096
1524576486568644608
1524576488149987329
1524576493753536513
1524576495322116096
1524576508748128257
1524576509784215552
1524576515446476801
1524576516817969154
1524576524384432128
1524576529396736000
1524576529467985920
1524576531783327744
1524576532680695809
1524576533104394241
1524576540381560832
1524576541463793665
1524576543246331907
1524576546756775937
1524576546652139522
1524576549516812289
1524576552406638592
1524576552553431041
1524576552721264642
1524576553891471365
1524576553975353345
1524576554256371713
1524576555749494791
1524576568726720513
1524576575563476994
1524576578025320448
1524576581393465346
1524576585352982528
1524576585902342151
1524576590683910150
1524576594857119745
1524576600758575110
1524576603648540672
1524576607133966336
1524576610204196868
1524576610535743488
1524576632048164864
1524576631901282304
1524576632903770113
1524576633310560256
1524576633893568512
1524576636053590016
1524576638406643712
1524576638561931265
1524576639732092928
1524576646707261441
1524576647437037569
1524576651069181952
1524576655645282305
1524576657083973633
1524576660041142273
1524576660942516224
1524576662435860481
1524576664474329094
1524576674754478080
1524576674909720577
1524576677929566209
1524576683889676289
1524576687610073088
1524576692353781760
1524576694643965952
1524576702348906498
1524576709281992704
1524576709412114437
1524576710678794240
1524576723467218944
1524576724117241856
1524576726508003328
1524576727887925251
1524576730484289536
1524576731591585792
1524576732598185984
1524576735056089094
1524576735563505664
1524576735785897984
1524576739418161153
1524576742697959424
1524576744958828544
1524576748419141633
1524576749023080448
1524576749589340162
1524576749614473218
1524576751539601409
1524576755536871425
1524576756526686209
1524576756878876672
1524576757445189632
1524576767159283712
1524576768442707968
1524576781466021888
1524576787832971265
1524576794111848451
1524576797421195264
1524576798553612292
1524576798704558080
1524576800596283392
1524576807269572609
1524576809555275776
1524576815099957248
1524576817918664704
1524576818111651845
1524576820464599040
1524576822196936705
1524576829402583042
1524576833165049856
1524576834758787072
1524576839737487360
1524576845689233409
1524576852614037506
1524576870313910273
1524576870536200192
1524576871475679232
1524576874558541829
1524576876303323136
1524576883446362113
1524576884696125440
1524576888022519808
1524576888181587968
1524576895119077380
1524576895198711809
1524576899065913346
1524576906309476357
1524576912135409667
1524576913372581888
1524576913783726080
1524576925531914241
1524576925615800320
1524576931240423425
1524576934922964997
1524576937917747200
1524576944377012225
1524576948135071746
1524576953269100544
1524576954090938370
1524576954778857474
1524576956838203393
1524576957119275008
1524576957551325184
1524576966841622532
1524576969001734146
1524576970574598147
1524576975557382144
1524576975847067653
1524576984302780417
1524576987574120448
1524576993496662016
1524577001826394117
1524577002204069888
1524577002765766657
1524577006679212033
1524577007182704640
1524577010542157825
1524577015206187008
1524577023280259073
1524577033061163009
1524577037784076288
1524577039847731200
1524577041856802817
1524577045971357697
1524577048198619136
1524577052829044737
1524577053126840325
1524577055131815936
1524577055970631680
1524577058801819648
1524577063763546112
1524577064485289985
1524577066653466626
1524577072680734721
1524577076942102529
1524577088153419777
1524577089315389444
1524577094306385922
1524577096193953796
1524577102930092034
1524577104762970114
1524577109368139777
1524577114829344769
1524577115164839936
1524577117350117376
1524577126929809408
1524577132684455937
1524577136543158273
1524577142134042625
1524577143807741953
1524577144550178818
1524577144818520065
1524577157992833024
1524577158815162369
1524577160643723265
1524577162648592384
1524577163747409925
1524577163915243521
1524577166318616582
1524577173549498368
1524577173817995264
1524577190171533318
1524577193719959552
1524577195762630656
1524577196458790915
1524577198044237827
1524577197511438338
1524577200867090432
1524577208844505088
1524577209964498945
1524577212220989441
1524577212644663298
1524577212854247424
1524577214020399106
1524577215974985728
1524577217057071105
1524577222027358208
1524577222698356736
1524577224975912960
1524577225323986945
1524577227299565568
1524577227647639555
1524577232106184706
1524577233007955975
1524577236585791488
1524577238754250752
1524577243305021440
1524577246761177090
1524577249701285891
1524577253916618753
1524577254373609473
1524577255577505794
1524577261457788928
1524577266327511040
1524577269942992897
1524577271583248384
1524577274468745216
1524577276733628417
1524577277689872384
1524577278134530048
1524577279136968710
1524577279799881728
1524577282786004997
1524577284354502657
1524577284585312256
1524577286179201025
1524577291807952897
1524577296287694848
1524577298011332608
1524577301983244288
1524577303082287104
1524577310174756864
1524577312083222535
1524577314717290501
1524577315262455808
1524577318408278016
1524577318999519232
1524577322652905472
1524577324179542017
1524577324876066816
1524577331616047105
1524577332362579969
1524577342059859970
1524577351023341568
1524577352809865217
1524577358224977920
1524577359990513664
1524577360628097024
1524577364587515906
1524577365191442434
1524577368400011264
1524577371889799168
1524577374628872192
1524577376230858754
1524577378567176192
1524577378705489920
1524577378709774336
1524577379271593984
1524577380488073217
1524577380861464576
1524577386976919554
1524577387941445632
1524577389270880256
1524577390176837633
1524577391657562112
1524577392370630656
1524577393243000833
1524577399303774209
1524577403711991809
1524577405561556992
1524577410838061062
1524577412159352832
1524577418752757760
1524577420791083008
1524577423764901891
1524577425094586368
1524577428433248258
1524577430341492737
1524577432019341312
1524577433147510784
1524577438549876736
1524577442253328386
1524577449488617472
1524577450621128705
1524577451044655105
1524577452525334531
1524577453565427714
1524577458342842369
1524577460297531392
1524577461329145856
1524577463086600193
1524577464520876033
1524577468530651143
1524577470682443776
1524577473437913089
1524577478324408321
1524577480564113408
1524577484553007104
1524577485152739328
1524577495005204480
1524577496422834176
1524577499098882053
1524577503989628929
1524577511593684992
1524577514412290048
1524577515024490497
1524577518996574209
1524577519391088640
1524577519378309120
1524577523421560835
1524577523627134976
1524577531776880641
1524577534104506369
1524577541503131648
1524577542778277888
1524577542849581056
1524577542883184643
1524577543751442434
1524577546607730690
1524577548906151942
1524577550974033923
1524577552861483008
1524577560440549377
1524577560964878340
1524577564072755201
1524577564341288960
1524577572461371394
1524577575741231104
1524577580648701953
1524577581621673985
1524577584389963777
1524577584528314368
1524577589246971905
1524577593885929474
1524577594066280450
1524577596893241345
1524577601343434753
1524577601335042050
1524577603343978496
1524577603859976192
1524577607366287361
1524577608708595714
1524577611099389957
1524577611447369729
1524577613771014144
1524577613406109696
1524577619374931968
1524577624982437888
1524577626844712966
1524577631164788736
1524577631248736258
1524577633954144256
1524577636470640643
1524577636659384320
1524577637192155137
1524577637519269890
1524577638953668608
1524577648919425024
1524577654678208512
1524577656020344835
1524577659686166529
1524577666132676609
1524577668120948736
1524577668586516481
1524577676283023362
1524577677726064640
1524577679181295618
1524577680691281921
1524577682838757376
1524577687519608837
1524577688563994626
1524577690036146177
1524577697732730880
1524577698085019648
1524577698353680385
1524577699439599616
1524577703772389376
1524577708331700225
1524577711796240384
1524577715940122625
1524577717735374850
1524577718355955712
1524577719144656900
1524577720948064256
1524577727600152576
1524577727906516994
1524577729206702080
1524577729559113728
1524577729496104961
1524577730804826112
1524577732113350657
1524577732641890304
1524577740439048192
1524577740493627393
1524577743668760577
1524577747103793152
1524577751151390722
1524577751449186304
1524577752548061184
1524577752787169281
1524577755559612417
1524577756813611008
1524577757912522753
1524577758101360641
1524577758545944578
1524577761528094720
1524577761607794688
1524577763449090049
1524577764640133120
1524577767769001984
1524577775134330887
1524577777587994626
1524577782508015616
1524577790934331395
1524577793610297345
1524577796772663296
1524577805543120896
1524577806365052928
1524577809129164801
1524577813663256577
1524577816259538946
1524577817681444865
1524577829173833728
1524577830608252931
1524577832374083584
1524577833930137600
1524577833980350464
1524577843639951363
1524577844503928834
1524577848127852549
1524577852699553792
1524577856407359490
1524577856558407682
1524577858823376896
1524577858856890368
1524577859796598784
1524577868331864065
1524577868751286272
1524577876208537600
1524577876267323393
1524577877559320578
1524577879916486657
1524577882642780166
1524577883884244996
1524577884807045122
1524577885574602752
1524577886191206400
1524577889198370818
1524577890708328448
1524577892428304385
1524577895024267265
1524577904411226115
1524577904843280385
1524577905203941376
1524577906911027200
1524577911751294976
1524577915761045504
1524577920370429952
1524577920387325959
1524577919095427073
1524577922249596928
1524577923138789376
1524577925726715911
1524577928411062275
1524577929660936195
1524577931363635201
1524577933465112576
1524577938083131392
1524577945683214337
1524577948740644864
1524577949198041088
1524577949751681024
1524577950477295619
1524577952360505345
1524577957351759872
1524577963580313601
1524577963760517120
1524577964809089026
1524577967548030977
1524577969859092480
1524577969942970368
1524577970991648768
1524577977157263360
1524577985814216705
1524577988276154369
1524577993506623488
1524577994022526976
1524577994823585792
1524577995364646916
1524578002318729220
1524578004038520833
1524578006592860161
1524578009822416896
1524578017405808641
1524578019741888512
1524578020937244672
1524578025056219136
1524578029468487680
1524578030332616704
1524578030420697092
1524578031704199168
1524578040361242625
1524578042915524609
1524578043859247107
1524578047613100040
1524578047906750465
1524578052340076545
1524578055049654272
1524578055959760897
1524578056735756288
1524578058006679552
1524578064130314245
1524578066701291520
1524578070295896064
1524578071743016960
1524578073361985536
1524578073634500613
1524578084527255552
1524578087840763904
1524578090470592512
1524578090873237506
1524578093620350976
1524578096413876225
1524578099458887682
1524578099530063872
1524578109315506178
1524578115090976768
1524578119747014656
1524578122359734272
1524578122410070017
1524578122716172289
1524578122837987331
1524578127707521024
1524578130924650496
1524578133122322432
1524578134028427264
1524578135194411009
1524578135903289346
1524578139187388416
1524578142031122432
1524578152751591424
1524578160301518848
1524578164609007618
1524578165376618497
1524578167360573440
1524578168056819712
1524578176499732482
1524578179247128577
1524578185932800000
1524578187614822400
1524578188801855488
1524578188889923584
1524578190622138369
1524578190907166720
1524578193977618433
1524578195089018881
1524578195391094784
1524578201418227713
1524578203272028160
1524578205839106048
1524578208485711874
1524578209093799936
1524578210197159941
1524578212793180160
1524578213938094080
1524578216622579715
1524578221207048194
1524578226739236868
1524578230409342979
1524578236335747072
1524578236604297218
1524578238068142085
1524578240467247105
1524578246490161152
1524578251146141696
1524578252844642304
1524578254392532992
1524578262751404032
1524578266454970368
1524578271601602561
1524578273136685062
1524578279612628992
1524578279612628994
1524578281382625281
1524578281940566016
1524578283551174656
1524578284339613697
1524578295941062656
1524578304363167744
1524578304501719041
1524578304686239746
1524578304904286209
1524578307521585152
1524578308146479106
1524578309258072071
1524578309543235584
1524578310830841857
1524578311850102785
1524578312735105025
1524578313318109186
1524578316057034755
1524578318468669441
1524578326387564545
1524578329780789253
1524578331009634305
1524578333840723969
1524578335065522178
1524578341570891780
1524578341956763648
1524578343911231488
1524578345651945475
1524578349011587073
1524578349003292674
1524578352899641344
1524578355919654913
1524578359853920262
1524578364257886208
1524578364677316609
1524578373498028034
1524578380384976896
1524578383492919296
1524578388987498497
1524578397086797824
1524578397300703232
1524578406846717953
1524578408885374978
1524578409061306369
1524578416778915840
1524578417009700864
1524578417529688064
1524578418687422464
1524578425951956993
1524578427575345153
1524578428451758081
1524578430188089344
1524578431286931456
1524578432851525632
1524578432809672705
1524578436190138369
1524578437834448896
1524578442083065856
1524578443769307136
1524578444281098242
1524578445639831552
1524578446394810369
1524578455173615616
1524578458768187392
1524578461272133632
1524578474144456705
1524578476258471937
1524578477525012482
1524578480763154432
1524578482592043008
1524578483510333440
1524578487352320000
1524578488451313664
1524578495325638656
1524578495887728641
1524578495984115713
1524578496395493378
1524578498861543429
1524578500690292736
1524578501202161664
1524578503706161152
1524578504125427713
1524578511457079298
1524578514468548608
1524578520558669829
1524578525268873216
1524578527248625665
1524578533737213952
1524578543258193921
1524578544009023488
1524578548278648832
1524578548249415686
1524578559288692736
1524578560278777856
1524578562187173889
1524578563340439557
1524578563499823107
1524578565479616512
1524578569627869189
1524578570441424897
1524578572811255810
1524578577731272705
1524578580512002053
1524578580881154054
1524578584865689602
1524578585775951874
1524578588317650944
1524578590867795970
1524578593103302656
1524578601819062272
1524578604679630849
1524578604948074496
1524578608223862785
1524578629019176961
1524578629753135105
1524578643875274753
1524578644789809152
1524578648912809984
1524578649520889856
1524578654617055232
1524578654918959107
1524578658819747840
1524578659746541570
1524578660358918144
1524578663169208321
1524578663923994626
1524578667493535744
1524578669473275905
1524578674565124097
1524578679912906755
1524578681422680064
1524578684006453249
1524578691539365888
1524578699336732674
1524578699789668353
1524578704260796419
1524578704302743552
1524578707272261632
1524578709440716803
1524578712376676353
1524578715606343680
1524578722543718401
1524578722803761159
1524578736091406337
1524578736380723201
1524578736250793984
1524578738435854336
1524578738989535232
1524578740193353729
1524578740348538880
1524578744131723264
1524578744672825344
1524578745377505281
1524578746316984322
1524578751576694784
1524578753451630592
1524578755146092546
1524578756173701126
1524578758581174272
1524578763211776001
1524578764482662406
1524578767015923714
1524578769054355456
1524578771868667904
1524578772296638465
1524578772971839489
1524578773613486080
1524578773571715072
1524578776981467136
1524578777203761152
1524578779011551234
1524578779372433409
1524578779372437504
1524578782992125953
1524578787387604992
1524578791821123584
1524578794396438528
1524578799844737024
1524578801556295680
1524578808069767168
1524578808296132608
1524578810779340800
1524578814000513024
1524578814713548800
1524578815518908420
1524578817964183553
1524578821420503040
1524578822020022272
1524578822712172544
1524578825086066694
1524578828273602560
1524578834753933313
1524578835441848329
1524578838868594688
1524578839761985537
1524578840277827586
1524578841464754176
1524578842345627653
1524578843641614336
1524578843742199808
1524578844895760384
1524578850675761152
1524578851967447040
1524578852776955910
1524578856853725185
1524578863887511552
1524578867389865985
1524578869927419904
1524578875702980610
1524578876294410241
1524578877686919169
1524578878139912194
1524578895499911168
1524578898608017410
1524578901535727618
1524578904362696705
1524578907516661760
1524578909190332416
1524578914890403842
1524578915234287616
1524578916685557762
1524578921135558657
1524578926143717377
1524578928152694785
1524578930564505601
1524578931722141696
1524578937573097473
1524578939787780097
1524578940102361089
1524578942644068352
1524578946574135296
1524578957781135360
1524578960788516865
1524578968409628672
1524578969219125248
1524578977301598208
1524578979830767617
1524578985782427649
1524578987745456128
1524578988030672896
1524578988827496450
1524579003381788674
1524579007190437888
1524579010994446337
1524579011636219909
1524579013846470659
1524579014878408704
1524579016899969025
1524579020901339137
1524579024466546688
1524579030615621632
1524579034314993664
1524579034616807424
1524579037636661249
1524579042640510977
1524579043940601856
1524579045341638656
1524579047614857217
1524579047916941318
1524579054204166145
1524579059778441222
1524579060449529856
1524579062949285895
1524579063037403136
1524579063943282689
1524579064203386889
1524579066065698817
1524579067076517889
1524579070037700612
1524579071081992195
1524579074781462530
1524579075213377537
1524579077222539264
1524579079864950786
1524579084818333696
1524579086278045696
1524579091868839937
1524579092577849344
1524579095769751557
1524579099804672006
1524579100089892865
1524579103009120258
1524579106930630656
1524579107958247424
1524579108809756673
1524579111930408961
1524579114765758464
1524579118251225091
1524579120201744384
1524579123020308480
1524579123938607104
1524579133245870080
1524579133526708224
1524579142632673282
1524579143173693443
1524579143391842305
1524579147963682824
1524579147816882177
1524579154905092097
1524579155165081601
1524579156016701441
1524579157933441029
1524579168670953472
1524579169140682753
1524579171380482048
1524579182025449473
1524579182524702720
1524579184282148864
1524579184739512320
1524579189671686144
1524579191576010752
1524579194063237121
1524579205014556672
1524579205971079169
1524579207099162625
1524579209611558914
1524579210525921280
1524579212677595136
1524579212400775178
1524579214476808192
1524579218000322560
1524579224476082176
1524579229823864832
1524579241098158081
1524579246387216386
1524579247863611392
1524579249440669697
1524579250258718725
1524579260593491968
1524579262300364800
1524579263001022464
1524579264238075905
1524579265441898496
1524579268499488769
1524579268977741825
1524579269334208512
1524579281787142144
1524579283661950981
1524579288141512704
1524579289441648640
1524579291039768576
1524579294642683905
1524579298211999747
1524579304964829184
1524579305845633025
1524579305333792768
1524579307875618816
1524579309305880577
1524579311080067072
1524579310924967937
1524579312078368768
1524579312166268929
1524579314943021056
1524579318172631040
1524579323268763649
1524579331254763520
1524579331657420800
1524579344210751488
1524579344840069120
1524579345645383681
1524579346454913024
1524579347243356162
1524579355858542592
1524579358219853824
1524579365148889088
1524579365631238144
1524579370270183425
1524579371805249536
1524579374208585729
1524579382836310016
1524579382983114753
1524579383545057280
1524579384182640645
1524579396799156226
1524579401849090050
1524579411382648838
1524579413572177924
1524579415497216000
1524579416172425217
1524579417405620224
1524579418395582465
1524579418479419392
1524579418898935808
1524579419477757952
1524579424796037120
1524579426628943872
1524579434635968513
1524579435307061248
1524579436976168960
1524579439421571077
1524579442160455680
1524579443141865477
1524579443766931457
1524579444878462977
1524579445121683456
1524579447805984770
1524579453254258689
1524579454873395200
1524579457255714816
1524579459420020738
1524579461081014273
1524579461961707520
1524579471042519040
1524579473042989056
1524579476385898496
1524579476696408064
1524579480051851265
1524579481935097859
1524579489111416833
1524579490093219840
1524579493314064384
1524579495260397569
1524579495877005313
1524579507176411137
1524579509852205056
1524579510229872641
1524579518140145664
1524579524721221632
1524579528483483648
1524579532090531840
1524579535789846528
1524579536842760194
1524579539694850050
1524579540638576641
1524579548402180096
1524579549543079936
1524579549685723137
1524579551812194305
1524579555893288960
1524579563484946433
1524579565389156353
1524579569390391298
1524579574247526401
1524579578819366917
1524579579750354944
1524579586352295937
1524579590819123201
1524579591154806784
1524579594296209408
1524579598142513153
1524579601216942080
1524579605151162368
1524579605289619456
1524579605625065472
1524579615720751105
1524579617255956480
1524579617402757120
1524579621685112833
1524579626890235905
1524579633504694272
1524579640806891521
1524579643990364162
1524579645647171588
1524579649325469696
1524579650114134017
1524579653893173250
1524579656233541632
1524579661619019778
1524579662042697729
1524579664232017920
1524579668162138117
1524579671479881732
1524579672503164931
1524579673958666243
1524579679184863232
1524579683903418373
1524579694674337792
1524579703364935680
1524579714655916032
1524579716895633408
1524579724898541570
1524579726182002688
1524579732842598402
1524579736646787073
1524579737745600513
1524579745673117696
1524579750483746816
1524579752035569665
1524579751817465858
1524579755760177152
1524579758939394048
1524579760810053633
1524579763586617344
1524579766010925056
1524579776043835393
1524579776140550145
1524579778686332930
1524579779139145728
1524579783958573056
1524579790644207616
1524579792477061120
1524579793630638081
1524579803185262594
1524579808436527104
1524579814136373249
1524579821094940672
1524579821283688450
1524579824118820864
1524579826367139840
1524579826362892291
1524579826819997697
1524579827763793921
1524579830657732608
1524579830813057025
1524579839642157058
1524579841353437185
1524579844931170304
1524579844897619969
1524579849389887490
1524579851759407104
1524579852795498498
1524579862240923648
1524579864304840705
1524579865915052032
1524579882403082240
1524579883518763014
1524579890896416775
1524579903483564033
1524579906918617089
1524579909405868032
1524579909439397889
1524579917970784256
1524579918071406593
1524579918226546689
1524579919103152134
1524579921422692352
1524579923251240960
1524579923481956352
1524579926443188224
1524579927915433984
1524579928347348992
1524579933703618560
1524579937272881153
1524579937696501761
1524579946068422657
1524579951680229376
1524579955430019073
1524579959129481217
1524579962904322051
1524579966507229184
1524579972869939201
1524579977882222592
1524579977932558337
1524579991006203906
1524579992117469185
1524579997314342914
1524580001911390208
1524580005719724033
1524580013626077184
1524580016532643840
1524580016666910721
1524580020118716416
1524580020961767424
1524580022907932673
1524580027685388294
1524580031019859971
1524580031116292096
1524580033150525440
1524580038041124866
1524580039177744391
1524580040243130369
1524580040779968513
1524580044445691904
1524580047721537536
1524580051790008323
1524580051827802112
1524580057863233536
1524580063647350785
1524580064536506370
1524580071444561921
1524580076423159808
1524580079153647616
1524580081443950592
1524580085612879872
1524580087248703490
1524580089136091136
1524580090859905025
1524580091581325314
1524580091719827459
1524580092621561859
1524580095230300161
1524580096136339456
1524580099982516224
1524580100171177985
1524580101505044480
1524580101769285632
1524580106345369603
1524580107255435264
1524580107649634304
1524580109742604289
1524580112200519686
1524580113303711745
1524580115056791552
1524580118462709760
1524580122673700864
1524580131657764864
1524580132119523330
1524580135797944321
1524580136108109824
1524580142160375808
1524580152407068674
1524580154219114497
1524580154286424065
1524580154542116864
1524580155980668929
1524580158794985472
1524580162200915968
1524580162498662400
1524580162637078535
1524580163471785985
1524580163903705088
1524580168555286528
1524580172682473472
1524580173689102339
1524580189082206208
1524580188968923136
1524580194559868930
1524580197173174272
1524580199983112192
1524580201249845249
1524580201669222400
1524580206605971457
1524580214197698560
1524580218190680064
1524580225463422976
1524580227409715200
1524580228537978881
1524580231314505729
1524580233092943872
1524580235303391232
1524580241536131073
1524580247051587584
1524580249446539266
1524580251682189313
1524580251736584194
1524580255595479041
1524580256933371907
1524580260037251073
1524580260146298880
1524580268568363009
1524580281134444544
1524580286914252805
1524580291330904065
1524580291922341897
1524580298675171335
1524580298972798977
1524580299316862977
1524580300134756352
1524580300222697472
1524580301233606657
1524580311371288577
1524580316249264131
1524580317864116226
1524580318069641216
1524580319999016960
1524580321701744640
1524580326688759808
1524580331235405824
1524580341318623234
1524580343289839616
1524580345835839488
1524580348679823360
1524580349367537666
1524580359148490752
1524580359815544832
1524580366283001858
1524580373912506370
1524580375959326727
1524580379633532929
1524580381688745984
1524580383031013376
1524580383496495104
1524580388319875072
1524580388491911175
1524580395215462401
1524580397987770368
1524580398604423169
1524580401477349376
1524580405180911616
1524580405910908930
1524580406481272833
1524580413322235906
1524580414643396608
1524580419802443779
1524580420955754498
1524580421513711617
1524580425619881984
1524580426232348674
1524580427255721984
1524580428341989380
1524580429407432704
1524580432033067009
1524580433899495425
1524580434083991552
1524580436453830659
1524580436697128960
1524580437129015296
1524580438127296512
1524580438341300225
1524580440841011200
1524580443907055617
1524580448550203393
1524580448701087744
1524580448957050880
1524580451238785024
1524580451272196096
1524580454518640640
1524580454971621377
1524580456288505856
1524580463209291776
1524580463624724480
1524580465620959232
1524580466661249024
1524580467281911808
1524580468464791554
1524580469769129984
1524580470519959553
1524580471690207234
1524580475167195139
1524580476354285569
1524580480846286858
1524580482750775296
1524580485611110400
1524580485778886657
1524580487318151168
1524580489461440513
1524580492162572289
1524580501717143552
1524580508293869568
1524580511229919234
1524580512664272896
1524580518658023428
1524580520763473922
1524580523351420928
1524580523502407680
1524580524160954368
1524580534021668864
1524580536953581568
1524580537225998336
1524580539113492480
1524580543685300226
1524580545996361730
1524580546919251970
1524580556532506624
1524580558352883712
1524580558449299456
1524580558541668352
1524580560194224128
1524580567001407488
1524580571371896832
1524580574731587584
1524580577063571456
1524580579135664128
1524580580003762176
1524580584080748545
1524580584382685184
1524580587389997057
1524580589990408192
1524580592683085824
1524580599297622017
1524580606029484033
1524580606977396736
1524580618570551298
1524580620558651392
1524580628879974400
1524580629878165505
1524580631044407302
1524580636706676736
1524580640166981634
1524580642545192960
1524580646806450176
1524580648060690432
1524580651969699842
1524580657464291328
1524580660945506305
1524580663042752513
1524580663504035840
1524580675105476609
1524580677630496769
1524580685419266054
1524580687931654144
1524580691312267264
1524580692864163841
1524580696915943424
1524580697477947393
1524580698971123712
1524580700195856385
1524580703836553216
1524580706768367618
1524580715563819010
1524580715953737729
1524580718680150016
1524580718940147712
1524580721213554690
1524580721045741569
1524580723574910977
1524580724896063490
1524580729656688641
1524580731468402688
1524580733238448130
1524580742323396610
1524580749633941505
1524580756491694081
1524580762665824258
1524580763219468293
1524580763651485698
1524580766432350208
1524580766579138565
1524580770110578688
1524580777056419842
1524580776892944384
1524580780193681410
1524580782622359554
1524580784517967873
1524580784581091328
1524580785495359488
1524580796513849345
1524580800339062785
1524580810464051206
1524580811877535744
1524580817544044547
1524580817741258753
1524580818080915460
1524580820299788291
1524580821620953088
1524580825383247874
1524580827115540489
1524580831138021376
1524580836070338560
1524580836628127750
1524580838641393668
1524580851983556608
1524580858807656449
1524580863517675520
1524580871323496449
1524580874557267970
1524580876524265473
1524580886112620544
1524580900909977603
1524580906245234688
1524580906765275139
1524580908917043200
1524580909357305857
1524580911123206150
1524580913161465858
1524580921147543555
1524580921202065408
1524580922900762626
1524580923852967937
1524580924112850944
1524580928206553089
1524580931612336129
1524580933239808000
1524580933789052929
1524580936712691717
1524580937417342977
1524580939682045952
1524580946711875590
1524580950386315266
1524580971474870273
1524580976806055938
1524580978286641152
1524580980195008512
1524580991574192128
1524580992517742593
1524580994908659713
1524581011719442433
1524581016840642560
1524581017763426305
1524581022616195074
1524581034863611906
1524581038898532352
1524581039712129025
1524581042010664962
1524581043323301890
1524581044569190408
1524581044678242304
1524581044699152385
1524581048729935873
1524581050105610241
1524581054862049281
1524581058649411584
1524581059358347264
1524581066186510336
1524581068065722368
1524581071811014656
1524581073426034688
1524581082074603522
1524581083643265024
1524581085748809729
1524581085723742209
1524581087657213953
1524581090475839490
1524581105592160256
1524581106049236994
1524581110424150016
1524581111174729733
1524581119261573121
1524581119718473728
1524581120268029952
1524581139427512320
1524581139536658432
1524581138978770944
1524581141696716801
1524581145047937024
1524581145190486018
1524581148806070273
1524581153990184960
1524581158251638786
1524581158993940480
1524581160596164610
1524581161644662784
1524581162718433280
1524581165893570560
1524581167072260096
1524581167332311040
1524581173212725250
1524581176509452288
1524581187066359808
1524581188748431360
1524581189075435520
1524581190761684992
1524581193689182208
1524581195467657222
1524581197447405577
1524581201490624512
1524581203017359360
1524581208105140225
1524581215663058944
1524581219308085251
1524581222093135872
1524581239545602049
1524581241059790848
1524581244595585024
1524581255106412546
1524581255592960000
1524581256138305537
1524581256268242946
1524581259032334336
1524581260240248834
1524581261695717376
1524581265395134465
1524581266879881216
1524581268008091648
1524581267836379136
1524581269992058882
1524581270625435651
1524581273397870599
1524581274064723968
1524581277726384130
1524581279274049536
1524581279634792449
1524581282189094912
1524581282306473984
1524581289801789440
1524581291634610176
1524581292800716804
1524581295526793217
1524581299079442432
1524581301319176194
1524581303294869506
1524581306004348928
1524581308575490048
1524581309049450496
1524581314506203136
1524581314304823298
1524581315122761728
1524581316280397825
1524581318675288065
1524581319753166848
1524581323008008193
1524581325608468482
1524581326191575040
1524581328204800003
1524581329836326919
1524581331421777921
1524581332122103810
1524581334072635392
1524581339554480129
1524581340749963264
1524581347922169856
1524581349113298944
1524581351801860096
1524581357896474625
1524581361117450240
1524581362308718594
1524581365659938817
1524581375172657152
1524581391052193792
1524581396064440320
1524581396831899648
1524581400694992896
1524581406525071362
1524581408295075840
1524581408525754368
1524581414204809222
1524581415907647489
1524581418902376448
1524581419028156418
1524581424858378241
1524581429606326272
1524581430931697664
1524581431426445312
1524581442352726016
1524581447100686337
1524581452083609603
1524581454461743105
1524581459050250240
1524581460539281409
1524581461470367745
1524581462749724673
1524581462552502274
1524581466218196992
1524581469686878208
1524581473130627074
1524581484413079552
1524581486111854592
1524581487064006656
1524581488628539393
1524581492684431360
1524581493867175938
1524581494395650048
1524581501228175361
1524581503614668800
1524581507104391169
1524581515107225601
1524581518546542592
1524581519595085824
1524581521230807040
1524581522011037697
1524581523260850178
1524581526565842944
1524581536401698816
1524581537152307200
1524581545444528129
1524581555435360256
1524581556190277633
1524581556349775872
1524581557750575104
1524581564029767680
1524581567171022849
1524581568764948480
1524581578646511616
1524581580005683201
1524581580940976128
1524581589451218945
1524581591145750529
1524581597063831553
1524581608858472454
1524581613450969088
1524581616009551872
1524581617955590144
1524581617976676353
1524581618488430592
1524581621667704833
1524581622661660672
1524581622955323394
1524581625161564161
1524581630152687616
1524581631666835458
1524581636930740225
1524581641640984576
1524581642605453312
1524581649362608129
1524581649807290368
1524581653527605248
1524581656656748544
1524581663430389760
1524581664671862786
1524581665330323456
1524581670904639489
1524581674507329536
1524581681474154497
1524581682296152064
1524581684850487296
1524581685584883712
1524581690022240257
1524581696204640257
1524581696812863493
1524581702781259776
1524581709030866945
1524581714202353664
1524581715464884224
1524581715645112320
1524581721211129856
1524581725854003200
1524581726491578368
1524581729624899584
1524581733613506560
1524581733953384448
1524581741406552064
1524581741733814272
1524581751061827586
1524581750856318977
1524581757340864512
1524581756875288577
1524581764844244992
1524581769680498690
1524581773639766016
1524581775992930305
1524581776064008192
1524581776479375360
1524581780963180544
1524581781193777153
1524581782875688961
1524581784155045888
1524581785388163073
1524581785560137733
1524581787304960002
1524581787447480320
1524581787946545152
1524581792816185345
1524581793831305216
1524581794363830272
1524581800848330753
1524581801729134598
1524581805889933314
1524581809685774336
1524581814555262977
1524581818816729089
1524581820905492482
1524581825435287552
1524581826215309313
1524581826769084416
1524581836122378241
1524581842959187968
1524581848264982528
1524581851129475074
1524581852001890304
1524581852329259014
1524581861418319872
1524581862554968065
1524581863913709569
1524581867155968013
1524581869379112961
1524581871522353156
1524581879977967616
1524581881366335488
1524581883996418048
1524581885606772737
1524581887288786944
1524581889910083585
1524581890442731521
1524581893445931009
1524581893743775745
1524581897854234624
1524581903956914176
1524581905483530242
1524581911380721665
1524581911720566786
1524581913041661956
1524581922726420481
1524581932129943552
1524581933618970625
1524581935103811584
1524581938706919424
1524581942095757312
1524581947074572288
1524581947145601024
1524581948735299585
1524581950564237319
1524581952363368449
1524581955953602560
1524581957534986242
1524581958470176768
1524581960093474816
1524581961666342912
1524581963872583681
1524581967768997890
1524581967831916546
1524581970784706560
1524581973796270080
1524581977852153856
1524581980700299265
1524581988220518400
1524581990133116928
1524581993958285314
1524581995312996359
1524581998840500225
1524582000660819969
1524582003496079361
1524582006251831297
1524582007522701312
1524582007929507840
1524582008135077889
1524582008197992449
1524582015953260551
1524582018025107456
1524582018297778176
1524582020818604033
1524582024987787264
1524582041886539780
1524582043925028864
1524582045036470273
1524582049189081088
1524582053014089728
1524582054079479809
1524582057090953217
1524582066238771200
1524582068574957571
1524582078079279104
1524582078796509184
1524582085935218689
1524582089320169472
1524582089152241664
1524582089840111617
1524582090599247872
1524582095015735296
1524582096123146240
1524582099293978626
1524582099340173314
1524582105488969729
1524582105770045441
1524582105438732289
1524582109003669504
1524582110069153793
1524582115815436288
1524582118944296960
1524582123943825408
1524582124388589568
1524582130822619137
1524582132043194370
1524582132978434048
1524582136359104512
1524582160291749891
1524582163169132544
1524582167862423554
1524582169485717504
1524582171742248960
1524582182190206976
1524582183939321857
1524582185822564353
1524582190679535619
1524582190901825538
1524582191115776001
1524582191317012480
1524582193175187457
1524582193732800512
1524582198044598272
1524582202717077504
1524582204000686082
1524582208849297408
1524582210287906822
1524582213949530112
1524582217158037508
1524582221293625344
1524582222275170305
1524582223671971841
1524582223726395392
1524582226385682432
1524582230911299585
1524582232072982528
1524582232329003009
1524582233327251457
1524582234195476480
1524582240705036291
1524582242890231814
1524582244051996679
1524582246291808256
1524582247030202369
1524582248607010826
1524582249252929539
1524582250737766402
1524582255179481088
1524582259755560960
1524582261089312768
1524582262464995328
1524582262699749376
1524582264834777090
1524582267640758272
1524582271793041408
1524582274809106432
1524582279372509184
1524582279959531524
1524582280819269635
1524582281163071488
1524582287689584641
1524582289031708674
1524582289857986560
1524582290524983296
1524582295126040578
1524582298112479232
1524582300889010180
1524582305494306816
1524582305548939264
1524582306207305728
1524582307096637441
1524582309449678849
1524582310112288770
1524582316860862464
1524582321327947776
1524582321848041477
1524582322686894081
1524582324314255361
1524582325127987200
1524582329594884100
1524582336309956610
1524582339044847616
1524582339833069571
1524582340806258690
1524582342668529665
1524582346829271040
1524582350516064258
1524582352168439808
1524582354081267712
1524582354781716484
1524582357029826560
1524582357080023040
1524582357721923584
1524582358225235971
1524582358673805313
1524582359982563328
1524582363237388291
1524582363598102530
1524582364051132418
1524582375103074306
1524582379884400640
1524582386192855041
1524582391028793344
1524582391129456640
1524582392324923394
1524582397303476225
1524582403829862400
1524582409638973440
1524582417029287936
1524582421345230848
1524582422217637890
1524582427376734210
1524582427850596352
1524582432351170561
1524582441490722817
1524582444812410882
1524582448863977472
1524582453729533953
1524582456220958721
1524582461119684608
1524582461216366593
1524582462206185472
1524582463560830976
1524582469336502272
1524582473149124608
1524582477980856320
1524582481252564992
1524582486625427456
1524582487690813440
1524582487816650752
1524582497262399488
1524582498163957760
1524582502475890688
1524582504736473089
1524582516102995970
1524582517541457920
1524582518174986241
1524582518682525698
1524582521844895744
1524582522855772167
1524582533312167937
1524582538622251009
1524582539884703744
1524582543261147137
1524582543382790144
1524582544120897536
1524582552689905664
1524582556162793472
1524582560008790016
1524582566052843520
1524582569739644928
1524582570385625093
1524582578442969089
1524582578698731526
1524582581613830146
1524582582352027648
1524582592623828993
1524582595933130753
1524582600576323584
1524582607920504834
1524582610235756546
1524582610600480768
1524582611502309376
1524582612739665920
1524582613792395265
1524582615415767041
1524582616103542786
1524582618427281409
1524582624957710336
1524582625905623041
1524582627801329664
1524582629428842496
1524582629575700481
1524582633333739526
1524582633623425026
1524582635552477184
1524582643731472385
1524582644318679042
1524582646516432896
1524582647367974912
1524582649158897664
1524582650031263745
1524582650836619265
1524582653160267782
1524582653445427200
1524582655962062850
1524582664623243264
1524582672810803200
1524582673590665216
1524582674345742336
1524582676748902400
1524582681664704513
1524582682235133952
1524582683606761472
1524582686504927233
1524582687310196737
1524582689789030400
1524582695451475971
1524582696843943937
1524582699008200704
1524582700358717440
1524582701617012736
1524582701910605826
1524582706822008832
1524582711687630850
1524582713524731909
1524582718381727750
1524582719526739968
1524582721615454210
1524582723477716994
1524582724455264256
1524582731426021376
1524582732327751682
1524582733728518144
1524582735989325824
1524582745724366849
1524582757086773248
1524582758177198082
1524582767975145472
1524582768545394689
1524582770256670721
1524582770529374208
1524582774874644480
1524582774941708288
1524582777072537601
1524582777760456706
1524582779127844866
1524582780314738688
1524582788992806913
1524582791324835840
1524582791748366337
1524582792109113344
1524582806864601092
1524582809133883392
1524582809184124931
1524582809804886016
1524582810417307648
1524582810866315264
1524582812740833280
1524582813202149376
1524582815068659717
1524582830386421760
1524582842075910144
1524582844579729408
1524582845511053312
1524582845930483714
1524582849348788229
1524582850825129984
1524582852108726276
1524582855036317696
1524582860635660293
1524582863298961408
1524582864641273856
1524582865618493441
1524582867770163203
1524582870379024385
1524582871591276544
1524582872421707776
1524582873512255491
1524582883591168006
1524582889605767168
1524582891459465217
1524582903178723328
1524582903824457729
1524582906135560193
1524582909897756672
1524582911869165568
1524582911856553984
1524582913664118784
1524582914083766274
1524582920371195904
1524582927509737472
1524582927614590976
1524582927627165697
1524582935013249024
1524582935537471489
1524582937567637504
1524582939496882176
1524582939975168005
1524582950645415938
1524582951509499904
1524582953220775936
1524582963530416129
1524582964306325506
1524582980626223104
1524582983751151619
1524582987249201156
1524582992559185924
1524582997764173824
1524583000247349252
1524583000775835650
1524583014168158209
1524583016034672640
1524583019746578432
1524583019805351937
1524583021466341378
1524583021994815488
1524583023185911808
1524583024792326145
1524583026151366656
1524583038025228291
1524583043616235520
1524583048670588928
1524583049501057026
1524583049635278849
1524583051178790912
1524583052428689408
1524583055658143744
1524583056153223168
1524583062918647809
1524583064097206273
1524583065586130947
1524583066831839232
1524583066961952768
1524583066307547138
1524583069377781760
1524583072762671104
1524583078613688320
1524583080492679168
1524583082417872896
1524583082615050241
1524583082728333313
1524583085584658433
1524583086217867264
1524583086222098432
1524583090114334720
1524583113560571907
1524583116731392000
1524583120724316161
1524583126256824321
1524583127200370688
1524583130606096385
1524583130442928128
1524583131285639169
1524583131696803842
1524583132766298112
1524583137816186881
1524583140576178176
1524583141658177536
1524583143428485120
1524583144342573057
1524583145202364416
1524583146649538562
1524583146666270720
1524583147609870336
1524583155616956416
1524583157072547840
1524583164454318081
1524583164676653056
1524583166148632576
1524583166182367233
1524583167092346881
1524583169692823552
1524583174491316226
1524583174440992770
1524583178039607296
1524583179679641602
1524583180162019330
1524583185551609859
1524583193395011584
1524583196784005121
1524583197740351497
1524583202949500934
1524583211413565442
1524583223212351490
1524583225410129922
1524583233920319488
1524583234012467200
1524583234880872448
1524583237586141184
1524583241830838277
1524583246050304000
1524583246767394817
1524583249951002624
1524583252421492746
1524583255147753472
1524583262257098753
1524583266040180736
1524583268846342145
1524583272424124416
1524583274982481920
1524583276425453568
1524583277406801920
1524583277541081088
1524583278300213248
1524583280862892033
1524583281714417667
1524583286349119489
1524583297543671808
1524583305194229760
1524583309497536512
1524583312269971456
1524583313557667840
1524583319333130240
1524583321740664838
1524583321950248960
1524583324273889281
1524583325578502144
1524583324622143491
1524583325419069440
1524583328170582023
1524583328770412544
1524583336743780355
1524583337762992128
1524583339528794117
1524583346935934976
1524583349301366786
1524583351218319364
1524583351251726336
1524583355966238720
1524583356901564418
1524583361708130304
1524583365650927616
1524583366435221506
1524583367328546824
1524583370126098432
1524583370189119488
1524583370298204160
1524583387746422784
1524583388681670656
1524583389256470528
1524583392846782464
1524583397607510016
1524583401151475713
1524583406692184065
1524583409053573120
1524583411234619392
1524583411880505344
1524583415105925120
1524583415260991488
1524583421128884225
1524583421359579139
1524583426195607553
1524583430993850368
1524583433208578048
1524583433409814529
1524583435033059335
1524583435234291712
1524583439395180544
1524583439650992130
1524583447997698050
1524583458110062592
1524583464946831360
1524583466444238849
1524583467635277824
1524583474186768386
1524583482952982528
1524583482986569729
1524583483422789633
1524583488577540097
1524583490041401345
1524583495561105408
1524583496861327360
1524583499856027649
1524583499797307398
1524583503479771136
1524583507577610245
1524583507653234688
1524583511172210689
1524583514376654848
1524583516259950592
1524583516847099904
1524583517149143041
1524583525416148992
1524583526410117120
1524583528435957760
1524583535344070656
1524583538695315456
1524583540993708034
1524583545292922880
1524583545842274306
1524583548174409730
1524583552154808321
1524583552641294336
1524583553442500608
1524583554063212544
1524583560027377664
1524583560325189632
1524583561860370433
1524583562950840320
1524583565899431936
1524583566251896832
1524583573252153346
1524583578117435392
1524583585973673985
1524583592097103880
1524583599802138626
1524583600712306688
1524583602666631168
1524583602859790336
1524583605258883072
1524583607821647872
1524583609499361287
1524583609641934848
1524583617049071616
1524583617262985217
1524583621083942912
1524583620849160192
1524583623093018625
1524583623973814272
1524583625232105472
1524583627736207361
1524583629590048769
1524583639819948035
1524583646501429253
1524583647155732480
1524583647952740352
1524583650926469121
1524583651803115520
1524583653287903232
1524583653480800257
1524583657897447424
1524583660074242048
1524583661554733059
1524583664213913600
1524583671100887040
1524583678654963712
1524583679082876929
1524583681133846528
1524583698955386880
1524583704038944769
1524583706794635264
1524583716449927168
1524583717305470976
1524583723320049670
1524583725555724290
1524583731654270976
1524583734632009728
1524583737563828225
1524583738746757120
1524583740151943169
1524583746019680256
1524583755612327936
1524583758158090241
1524583763631480832
1524583767175741441
1524583768215928834
1524583773098020864
1524583784879820801
1524583794551967747
1524583796993138697
1524583803590750208
1524583806077833216
1524583818367275010
1524583821580062720
1524583826239991808
1524583830702764036
1524583831604506624
1524583833873616902
1524583835857522689
1524583836302073857
1524583840400183296
1524583846397812736
1524583849426096134
1524583854119473152
1524583857139421185
1524583859412783106
1524583860582952961
1524583863477063680
1524583870921904128
1524583871345483777
1524583873610489856
1524583875065884676
1524583876416491520
1524583876336701441
1524583877427306497
1524583886377869312
1524583888403771392
1524583888126988290
1524583890509258757
1524583893952782336
1524583895760519169
1524583902907703298
1524583904958627854
1524583907777200128
1524583910293843968
1524583917491269632
1524583919621967872
1524583925548523520
1524583925951172610
1524583933865779201
1524583934641721344
1524583934826274816
1524583936629919747
1524583936894058497
1524583943789375490
1524583951079251973
1524583956129198080
1524583962018029568
1524583963053989890
1524583963104190466
1524583966593978368
1524583973279698947
1524583974756143104
1524583975276142592
1524583976639377408
1524583982742048769
1524583993454301184
1524583994595192834
1524583995677233155
1524583997484978178
1524584003201863681
1524584007459127297
1524584007530295296
1524584007727517696
1524584009501757440
1524584013419229187
1524584013851209728
1524584017261056000
1524584018053894144
1524584018871738368
1524584032989851654
1524584036110381056
1524584042141827072
1524584046059147264
1524584047250452481
1524584050962350080
1524584052044484608
1524584055899050201
1524584056561696770
1524584059652825090
1524584072433082369
1524584072508588032
1524584072735080449
1524584073401970690
1524584074613911552
1524584077189332993
1524584085082968065
1524584086437699584
1524584089730252800
1524584091273805825
1524584094985764865
1524584095035977730
1524584095950548993
1524584102783066114
1524584104297041920
1524584108839641090
1524584112677396482
1524584116771069955
1524584135884427264
1524584137545465856
1524584138883313669
1524584158118486016
1524584158953099265
1524584166209245186
1524584172941099009
1524584173398216705
1524584185792548864
1524584189831524352
1524584192058798080
1524584193266704384
1524584193367420928
1524584199075897344
1524584199516213248
1524584201152233472
1524584203454611456
1524584206214512641
1524584211465871360
1524584211449266176
1524584214229917696
1524584214334783488
1524584215836184577
1524584216763138048
1524584225680154626
1524584227139952640
1524584229878837249
1524584233142005761
1524584234148634625
1524584234417074183
1524584235511820288
1524584239974563842
1524584241761243137
1524584243468320769
1524584245783638016
1524584248279191553
1524584249701154817
1524584251999473664
1524584253215985664
1524584257930289158
1524584261394874370
1524584262183313409
1524584268474765315
1524584273910587393
1524584275240427520
1524584279845441536
1524584282253107201
1524584284555776001
1524584287453937664
1524584287697313794
1524584290171768832
1524584291912540161
1524584295469301762
1524584297725792256
1524584298015334400
1524584298833141760
1524584302297636869
1524584303266766848
1524584304780664833
1524584307733499910
1524584312175304704
1524584312854568961
1524584326557577216
1524584328474243073
1524584330386976776
1524584334778376192
1524584335906639873
1524584339027030016
1524584339899666432
1524584344865677313
1524584346442682369
1524584348493783040
1524584353107488768
1524584358056767488
1524584362137763841
1524584363878494209
1524584366583779328
1524584372875190272
1524584373395222535
1524584378609061888
1524584381607677952
1524584389153275904
1524584393364451330
1524584393762697216
1524584396598218752
1524584397680390144
1524584401727889410
1524584401744633860
1524584403145527302
1524584410544152576
1524584412213616640
1524584414168166401
1524584415783014400
1524584416735023109
1524584417569775618
1524584417813057538
1524584430311989248
1524584437723238401
1524584439057031169
1524584439476629513
1524584439543738370
1524584440931962880
1524584444086169601
1524584444396552194
1524584455972659200
1524584456652300289
1524584456711028736
1524584457671528449
1524584459416346625
1524584462662737927
1524584464227176449
1524584465485516801
1524584467712589824
1524584470740824064
1524584474784059392
1524584477045018626
1524584477544140803
1524584478298890240
1524584482262728704
1524584483936161793
1524584493767868416
1524584494308761600
1524584499530588160
1524584504333148166
1524584506459574272
1524584508066045953
1524584508246405120
1524584511723294722
1524584515254898688
1524584518602006528
1524584518795071488
1524584522624516099
1524584529524137987
1524584534360088576
1524584536448806912
1524584539846328322
1524584542316732416
1524584545869205504
1524584548469600257
1524584550248194054
1524584552336965636
1524584555595902976
1524584566131941376
1524584580530978819
1524584586130472962
1524584589754347520
1524584595399741440
1524584598419738626
1524584599975829504
1524584604404830210
1524584607361941504
1524584610184769536
1524584614320381952
1524584618820788224
1524584629092569088
1524584633656041474
1524584642254233602
1524584651104432128
1524584652144623616
1524584655688765440
1524584659488813056
1524584659807621121
1524584662538113035
1524584664375042059
1524584668024258560
1524584668787445760
1524584675947253760
1524584684235153410
1524584685531242503
1524584689926877186
1524584690577031168
1524584692921556995
1524584696151261185
1524584705659748352
1524584711305449472
1524584714840944641
1524584715365330944
1524584719240867840
1524584722105516034
1524584730900979713
1524584731773476864
1524584737741881344
1524584751574798339
1524584753579671552
1524584760344858625
1524584766741581824
1524584773057925123
1524584774743994369
1524584775067000833
1524584776060989440
1524584780817436673
1524584783132700673
1524584790741159938
1524584790866812928
1524584791760285696
1524584792737685504
1524584793224196098
1524584799628939264
1524584802191654912
1524584806419505153
1524584807535054849
1524584807656792064
1524584816426975234
1524584818650284032
1524584820394897408
1524584823033106433
1524584827130978306
1524584831664885761
1524584832969453568
1524584835272122369
1524584835242766336
1524584838682001410
1524584849394356225
1524584853772988416
1524584863566815237
1524584873163468800
1524584875973615618
1524584876351107073
1524584877055787010
1524584890573983745
1524584892620689408
1524584895821094914
1524584896454397952
1524584896869584896
1524584901533745153
1524584910480097280
1524584911721709568
1524584919053254656
1524584923633491968
1524584928071102465
1524584929404854272
1524584930122125312
1524584930621206534
1524584935163674624
1524584936224681984
1524584942029705216
1524584948392513537
1524584951147945984
1524584953299841024
1524584957317812224
1524584959549222912
1524584960711086082
1524584968676159488
1524584969439526914
1524584969464602624
1524584973877092354
1524584973830918146
1524584982810959872
1524584982919983104
1524584983159050240
1524584985344323586
1524584990310346752
1524584999105830912
1524585002964500481
1524585011566899200
1524585018521174017
1524585026226212867
1524585026163290112
1524585028885356547
1524585028973301761
1524585029099298816
1524585030273708033
1524585033960509440
1524585034648375296
1524585034824523776
1524585035319418881
1524585036644864000
1524585036988755968
1524585044949540865
1524585048015523840
1524585052356628481
1524585063194951680
1524585067368046594
1524585074250899457
1524585076893356033
1524585082199060480
1524585086330433536
1524585089333612544
1524585094265982976
1524585094719152130
1524585094605795330
1524585095092391936
1524585111961882625
1524585120644149248
1524585128013541376
