1521293443946921985
1521293450989260802
1521293456202776577
1521293457242873860
1521293459017158657
1521293459503599619
1521293461944606720
1521293463743909889
1521293464394158081
1521293465568440320
1521293466185072640
1521293469037170689
1521293469678985219
1521293470056415233
1521293471989915648
1521293475555299330
1521293477761400839
1521293480756232194
1521293481456676871
1521293483297882114
1521293483268530182
1521293487001554944
1521293489195073537
1521293489870454789
1521293496447123456
1521293501459320833
1521293502331633664
1521293504936296450
1521293505892659200
1521293510242185218
1521293517833789440
1521293518299348992
1521293520929280000
1521293527606513667
1521293530060279808
1521293530022490114
1521293533273071617
1521293534090907648
1521293534653034499
1521293534673969154
1521293536007761923
1521293536649527296
1521293536733323265
1521293545168113666
1521293545130405889
1521293546615377920
1521293546967506947
1521293547969957890
1521293550696247296
1521293559000965121
1521293562494824449
1521293562935136262
1521293566768824325
1521293568144547840
1521293569935429637
1521293571176992775
1521293572586233857
1521293574108848130
1521293574255620101
1521293575673188353
1521293576851931139
1521293579347533824
1521293586523987971
1521293587518046208
1521293591343153153
1521293594665099265
1521293600725901314
1521293602143547394
1521293603569553408
1521293603808714753
1521293609005469696
1521293609047412738
1521293611131981825
1521293611312189440
1521293611987398656
1521293612478255116
1521293615095554048
1521293615527608321
1521293616760582144
1521293617209376768
1521293618132275202
1521293618811752449
1521293623584772096
1521293628748017664
1521293629523902464
1521293631017172994
1521293635983134721
1521293636700446721
1521293639061811201
1521293638914953219
1521293641075113984
1521293642102624256
1521293644975779841
1521293647286878210
1521293648066883584
1521293649790832643
1521293653490036736
1521293653762879489
1521293656786939908
1521293661522247681
1521293663313317890
1521293663447527426
1521293665158807555
1521293666060541952
1521293668774289408
1521293669445386241
1521293672305893376
1521293673002110977
1521293675980111874
1521293676022046720
1521293677469085696
1521293677787811840
1521293679503327234
1521293680669253634
1521293682841948160
1521293685111111681
1521293685916413954
1521293686826536962
1521293688353271808
1521293689410277378
1521293691222171650
1521293692878868483
1521293698956513281
1521293699510112257
1521293701493891072
1521293703427629065
1521293704132284420
1521293704073560065
1521293704429940737
1521293705369501696
1521293709882675201
1521293712835366922
1521293721060495360
1521293722402521089
1521293732347273216
1521293733471342597
1521293733177798656
1521293736373805056
1521293736747192320
1521293737682522112
1521293741771870213
1521293745995591681
1521293746645647361
1521293747547521024
1521293749061619713
1521293749992800256
1521293751414632450
1521293752211591169
1521293753188761605
1521293754514042880
1521293755860590594
1521293760457543680
1521293760503631873
1521293762932219907
1521293764161155076
1521293764429504518
1521293765742411776
1521293767256518657
1521293769252954113
1521293769584349190
1521293772658778115
1521293774340689920
1521293777029193729
1521293777582936064
1521293778807816192
1521293779021582336
1521293782448226312
1521293782720958464
1521293783480127490
1521293786550194176
1521293789712707586
1521293791193403394
1521293796532756481
1521293804023787520
1521293805940617219
1521293807525978112
1521293805714087941
1521293815071612928
1521293819412725761
1521293823560802305
1521293825058263041
1521293825838305281
1521293830397566976
1521293834503831556
1521293835778809864
1521293836290600960
1521293851054518277
1521293852614737921
1521293852518277120
1521293852778315777
1521293853218779147
1521293853847953408
1521293854611283968
1521293854934241281
1521293855395569666
1521293857404735488
1521293858621071360
1521293858776170496
1521293859451551746
1521293862341328896
1521293865164185602
1521293869241241600
1521293870167904257
1521293871711457281
1521293878648836097
1521293879408041987
1521293879412240385
1521293881505157120
1521293882264363009
1521293883358994432
1521293885607186433
1521293889382014977
1521293894075441152
1521293895774216193
1521293906700349442
1521293906645815296
1521293907107229697
1521293909896404994
1521293911100174346
1521293912366850051
1521293919228682241
1521293921783009282
1521293926904205312
1521293930117177344
1521293930154840064
1521293932839280647
1521293936618315776
1521293940175089664
1521293946319785990
1521293952544038912
1521293958009212928
1521293959141773323
1521293960932737028
1521293960878170113
1521293964011261952
1521293965147967490
1521293970432745475
1521293973402394624
1521293977349025792
1521293978687127555
1521293983632310274
1521293983917379584
1521293984857047040
1521293989844066304
1521293992012492801
1521293993589551106
1521293994323591170
1521294002284376065
1521294004213714944
1521294006507950081
1521294010442211335
1521294013160116226
1521294017278980098
1521294017622908929
1521294017912352769
1521294019468353536
1521294019707473922
1521294022219816960
1521294027840233477
1521294029593395200
1521294029954207744
1521294031115935746
1521294031917043712
1521294033892610048
1521294034525990915
1521294035289362433
1521294037407440896
1521294039819108352
1521294038170992641
1521294045003362304
1521294046962016262
1521294047104667654
1521294051324145664
1521294050875301894
1521294061361057792
1521294064301268992
1521294070034964481
1521294070462955520
1521294075634278400
1521294077014257665
1521294083238641666
1521294083477721088
1521294087609106434
1521294088984801280
1521294092055068672
1521294096169586692
1521294100611407877
1521294102238740484
1521294103484542976
1521294103182520321
1521294112170942467
1521294118667923458
1521294120249339904
1521294121155145728
1521294121847214081
1521294125341028353
1521294126616092672
1521294126637015040
1521294134102876160
1521294134291664897
1521294136363655169
1521294143506550786
1521294148313268224
1521294150833954820
1521294151362310144
1521294152264257536
1521294158547333121
1521294161411989504
1521294162896822276
1521294164624920576
1521294165107220480
1521294165178564608
1521294165585375233
1521294172371759107
1521294173239918592
1521294174414376960
1521294178273177601
1521294184975634432
1521294189601959936
1521294191833370625
1521294194194751490
1521294195813724162
1521294197927649280
1521294198242119680
1521294198758166532
1521294199043379201
1521294199714422786
1521294203325755392
1521294206366584833
1521294212569911297
1521294215724113924
1521294215971577860
1521294217393451013
1521294225161269261
1521294231146483715
1521294234153848834
1521294234330009602
1521294236536213504
1521294246304649216
1521294250201255939
1521294253334405120
1521294253384605696
1521294261240700931
1521294261400088577
1521294261878145031
1521294272535973888
1521294273324351489
1521294273215451137
1521294277946613767
1521294279687213056
1521294280328990722
1521294281100742656
1521294281444581376
1521294282820407296
1521294285445939204
1521294285592834048
1521294286742036480
1521294289891901447
1521294290172792832
1521294290508558338
1521294291519565824
1521294294660886528
1521294296464437253
1521294302655430656
1521294305666777089
1521294306321043458
1521294312897667073
1521294315066216449
1521294319021342720
1521294320267149315
1521294322565619713
1521294323236720643
1521294326994767873
1521294328173371392
1521294328177606658
1521294330278862849
1521294330798948357
1521294332661227522
1521294334959755265
1521294336272617478
1521294336989687808
1521294343944151040
1521294344417914882
1521294344824664064
1521294349094555648
1521294353267843079
1521294353779593219
1521294356619182082
1521294357860601856
1521294358242336779
1521294358674345986
1521294359693774849
1521294359735508993
1521294360826032136
1521294365079048192
1521294366211330048
1521294366945554432
1521294367486619649
1521294368338022400
1521294369529208834
1521294370158301194
1521294371722833920
1521294373077594114
1521294376844107777
1521294378517553152
1521294380761505793
1521294386448982018
1521294389477322752
1521294390538522630
1521294391222153221
1521294392883040257
1521294399715561473
1521294409924587526
1521294411061153794
1521294411845492743
1521294413250674689
1521294413804281857
1521294413867196420
1521294414240534529
1521294414978691078
1521294418942345222
1521294423304323073
1521294426609537024
1521294427012182017
1521294429826527232
1521294435241189376
1521294437128843267
1521294446251614209
1521294446482046976
1521294448327634948
1521294456909094913
1521294463531945986
1521294471312384001
1521294475208761344
1521294477880606720
1521294479747166208
1521294480711864323
1521294486592237571
1521294488555163651
1521294488899141632
1521294490442829825
1521294490882871296
1521294496897634306
1521294500760539137
1521294500802482178
1521294504866766848
1521294510545907712
1521294512680747008
1521294514522148865
1521294519752343553
1521294521832640512
1521294522780635136
1521294529642463238
1521294529722081280
1521294535585894406
1521294538060537856
1521294538261860353
1521294540606517250
1521294542267469824
1521294543290781698
1521294543513174016
1521294547602624521
1521294549569744896
1521294551734005760
1521294556230082560
1521294556133789696
1521294569874366464
1521294571023519744
1521294571363258369
1521294573317853185
1521294573372387329
1521294574261616643
1521294574689427456
1521294581068972033
1521294587737821188
1521294587943395337
1521294590216749056
1521294594536873984
1521294599356096512
1521294609485377538
1521294611079172097
1521294613339942913
1521294621116182529
1521294627109847040
1521294628300988422
1521294631018930188
1521294631937482762
1521294631979388935
1521294632696664066
1521294637150912513
1521294637150912512
1521294637704568832
1521294642092077056
1521294643417206786
1521294643715002373
1521294643765334020
1521294645338193921
1521294646994944000
1521294649784250369
1521294651273232386
1521294653248659458
1521294656222511106
1521294657682120706
1521294660014153730
1521294668075794432
1521294673767186434
1521294676980027393
1521294686354391040
1521294686643798017
1521294686714880001
1521294689873412104
1521294690066255873
1521294694830858241
1521294698064842753
1521294699612545025
1521294702221447168
1521294708642787328
1521294711109136385
1521294712614838272
1521294711599816709
1521294712350597125
1521294714766598146
1521294720491732993
1521294723310309377
1521294726883733505
1521294727181647872
1521294731849908230
1521294737877131265
1521294738317615105
1521294738544021507
1521294739118735361
1521294739701645314
1521294745737338881
1521294749164097536
1521294751026360323
1521294754230808576
1521294756218822659
1521294764666204160
1521294777446191105
1521294777739710464
1521294784660393984
1521294790637326338
1521294791920730114
1521294797591523328
1521294797834792960
1521294798229065728
1521294803539005440
1521294804407267330
1521294806818992136
1521294810786717696
1521294826376994816
1521294828138643457
1521294828742615043
1521294829342314497
1521294829409419266
1521294830130933764
1521294838083334147
1521294839127719938
1521294839534530562
1521294840423669761
1521294841874989058
1521294844043350016
1521294846903861250
1521294850737459200
1521294852029390853
1521294854042447872
1521294855770714114
1521294857205170176
1521294857511194624
1521294858064965633
1521294860732538881
1521294861672108032
1521294863924350977
1521294868747796480
1521294868810805249
1521294873365725184
1521294875685056512
1521294876352159744
1521294884291948547
1521294886313635840
1521294887718637572
1521294893011718144
1521294898518966274
1521294904168693766
1521294907796774912
1521294908958597121
1521294913509335042
1521294913563942915
1521294914738397185
1521294915828858880
1521294920446877697
1521294920622952448
1521294924062285825
1521294930311852032
1521294933667295232
1521294934220828672
1521294938058772480
1521294939803602945
1521294944593453056
1521294944924798976
1521294951203708933
1521294958338191367
1521294958782816256
1521294959214661632
1521294964851945474
1521294965418061825
1521294971990691840
1521294971927957505
1521294973534048258
1521294974607781888
1521294975870328832
1521294983885688832
1521294985819209730
1521294992979161089
1521294998112665600
1521294999148707843
1521294999505281026
1521295003020148738
1521295005939339265
1521295006920757250
1521295013090668545
1521295014093107201
1521295014344761351
1521295015561277441
1521295019075846145
1521295021051244544
1521295021047230467
1521295023786102784
1521295031683850240
1521295034527662088
1521295034653589504
1521295036981329930
1521295038050938882
1521295041309949953
1521295041653882880
1521295045382623232
1521295049321074688
1521295052319997957
1521295062235324416
1521295062520504325
1521295064525275138
1521295065368260608
1521295069898317825
1521295073538985985
1521295091855417346
1521295093080207372
1521295098385940483
1521295098088153089
1521295100684517377
1521295104107061249
1521295105528897536
1521295108250996736
1521295110356484097
1521295116853522433
1521295117365170176
1521295118640234498
1521295121282744328
1521295126114488320
1521295132733157380
1521295134381395968
1521295137485299718
1521295137661403137
1521295139141869570
1521295146113028096
1521295148121997312
1521295150026264576
1521295152152821760
1521295153612394498
1521295153817915392
1521295155768274944
1521295160969252865
1521295162907013121
1521295163112448000
1521295168594395136
1521295171459198976
1521295176894984192
1521295181903024129
1521295191793143808
1521295195580608513
1521295196058787846
1521295196557819904
1521295196734070785
1521295200282419203
1521295212320116736
1521295217889927168
1521295220058509312
1521295222013104130
1521295222365433857
1521295222805864448
1521295223107768322
1521295224101814273
1521295224521244672
1521295226391965696
1521295230233989120
1521295231295107072
1521295232477847552
1521295234575081472
1521295235527344130
1521295235715895301
1521295237301391365
1521295237171363848
1521295238026911754
1521295240270913536
1521295244226138113
1521295248974045185
1521295249099870210
1521295250588942337
1521295251771736067
1521295255403786240
1521295256859422722
1521295267588362240
1521295267613577216
1521295268569829384
1521295269547151361
1521295271807922176
1521295272600641544
1521295273812807680
1521295276778180608
1521295280863391745
1521295281639231489
1521295285829476353
1521295287645614080
1521295287930793984
1521295293895127041
1521295298340999175
1521295302308868096
1521295305152606209
1521295306419224576
1521295308868796417
1521295311611781120
1521295314774331393
1521295316313640963
1521295316766670850
1521295325717225472
1521295328389271552
1521295328913367041
1521295331652161536
1521295331857686528
1521295332063203335
1521295333258452993
1521295335817109510
1521295336899330052
1521295337108951046
1521295337889095680
1521295338279251975
1521295340682760192
1521295341412405249
1521295349087940610
1521295350589497347
1521295364229369857
1521295365290479618
1521295366984978432
1521295367278673928
1521295368541122562
1521295375113543680
1521295377684647940
1521295380163432449
1521295382050975746
1521295384496291841
1521295386903822336
1521295392008290304
1521295392721281029
1521295392910057472
1521295394176569344
1521295399843254272
1521295401571483648
1521295403148320769
1521295403588939777
1521295407116169216
1521295409691377664
1521295413466341379
1521295416855302144
1521295428054040577
1521295428372815874
1521295428926464000
1521295435016675329
1521295435217965056
1521295434760609795
1521295436551651330
1521295440955813889
1521295445749907459
1521295450615304193
1521295453974843392
1521295454293606403
1521295454004080646
1521295455988162563
1521295456722108417
1521295456625696773
1521295457229709314
1521295458324385792
1521295460031340544
1521295462602768384
1521295468294295553
1521295472685731848
1521295473428074498
1521295473180614659
1521295479673401346
1521295479665004550
1521295481548283904
1521295489852923905
1521295490562011137
1521295490951913472
1521295494940487680
1521295496236646400
1521295497247563778
1521295504088629248
1521295506022014977
1521295506991108096
1521295508660183041
1521295516755234818
1521295517266989056
1521295518953086978
1521295525206958080
1521295531418468359
1521295532764897280
1521295537974222854
1521295539635118080
1521295545645641731
1521295547549765634
1521295550016065536
1521295552436129792
1521295552863944705
1521295552964665348
1521295556638908418
1521295556898959360
1521295559436472328
1521295563836297219
1521295570270400516
1521295573705539584
1521295574225539074
1521295581716512768
1521295585449549824
1521295587475623937
1521295588184236033
1521295593506840585
1521295594257534977
1521295595809521665
1521295596447047680
1521295597831041024
1521295602784555009
1521295603338199041
1521295608593752068
1521295609478750210
1521295611412324352
1521295614746759168
1521295615489105920
1521295617707978752
1521295620161650690
1521295629095419904
1521295630299238402
1521295631616204800
1521295633969147904
1521295634158034947
1521295647697162243
1521295650939416578
1521295652310982659
1521295658333917184
1521295661475540996
1521295663723651072
1521295664256372750
1521295668756852742
1521295670241542144
1521295671139217410
1521295677451554817
1521295686779781121
1521295690009305088
1521295690118410241
1521295691934486529
1521295701774319618
1521295704324546560
1521295710225932288
1521295710125273088
1521295711534522370
1521295712113373184
1521295713371672576
1521295716047458311
1521295722368446470
1521295727795744768
1521295729758777345
1521295741997797377
1521295744665374727
1521295745923571715
1521295746032672770
1521295747781644288
1521295748293443585
1521295752273747968
1521295756258390017
1521295756904251394
1521295773274714114
1521295773715083271
1521295774470049794
1521295777368317953
1521295780136501249
1521295780899745793
1521295789716291585
1521295791448596481
1521295791436017665
1521295795483467776
1521295794741067777
1521295801821061121
1521295806019612675
1521295806569005057
1521295809953808385
1521295811476439040
1521295815284776965
1521295816421478407
1521295821160996867
1521295823501410305
1521295825397239809
1521295827259600906
1521295828333256715
1521295828467470343
1521295835786584066
1521295841188880384
1521295844695228418
1521295852228296704
1521295853897625612
1521295855118127107
1521295857152401410
1521295859442462720
1521295861770301440
1521295862076522499
1521295864383348736
1521295877754789890
1521295878002286594
1521295880158167040
1521295881118564353
1521295882200788993
1521295889385598976
1521295892589993987
1521295893093359616
1521295905932070913
1521295908243005440
1521295913511227396
1521295916119904257
1521295916996730882
1521295918544433152
1521295920448655365
1521295926857449472
1521295930309464064
1521295936009424896
1521295938848968704
1521295941042593794
1521295941957042177
1521295943517224960
1521295949125017603
1521295951889063938
1521295952207876098
1521295953474605056
1521295955437498368
1521295963972947969
1521295965659009024
1521295969987571717
1521295973103935494
1521295975360483328
1521295981706465281
1521295988450729984
1521295989348335616
1521295996327800835
1521295996793278465
1521295998739435521
1521295999863508994
1521296027919294467
1521296027789180930
1521296035204804608
1521296035879866368
1521296036949639169
1521296046739001345
1521296049377320968
1521296049763201025
1521296052695019522
1521296055010222081
1521296055903694854
1521296056151068674
1521296057191354369
1521296061737828353
1521296065596698626
1521296067987488772
1521296070118187009
1521296072034996224
1521296072299237378
1521296072290803713
1521296073398140930
1521296078015975424
1521296078217400321
1521296080968851458
1521296082575237121
1521296092729688066
1521296099352498176
1521296101038608384
1521296104578437122
1521296104876355585
1521296107803979777
1521296109716398083
1521296112937746434
1521296120256806913
1521296120860884997
1521296121838067713
1521296124644110337
1521296124480479233
1521296128137961472
1521296134018379780
1521296138330161152
1521296139798073345
1521296140590796800
1521296145187811329
1521296147008139266
1521296147356160000
1521296149986086913
1521296150313197568
1521296163885838337
1521296169779007490
1521296169900687360
1521296171632889857
1521296177605783552
1521296182466813952
1521296188993122307
1521296193598357504
1521296202234576902
1521296206160310273
1521296207326457857
1521296215291408390
1521296217564753920
1521296218168692738
1521296220517539843
1521296221926744071
1521296228323323904
1521296237869289472
1521296238754340865
1521296239647764481
1521296244466982913
1521296245632995328
1521296247566516224
1521296252222251009
1521296252608131072
1521296254810181633
1521296257213292544
1521296258547204099
1521296261848178696
1521296262598909953
1521296270530424832
1521296273193590784
1521296273348849664
1521296274762391552
1521296282903408640
1521296283692113922
1521296289081610242
1521296289715171328
1521296290172346368
1521296292957331458
1521296293246689280
1521296295050235907
1521296295339732992
1521296296832913416
1521296300276396033
1521296304927870977
1521296305825398785
1521296319805104128
1521296321956782087
1521296324276203520
1521296328470540288
1521296328831209474
1521296330043400194
1521296331058204672
1521296336959774721
1521296341267357696
1521296342672359426
1521296344127746048
1521296347701334020
1521296348896763905
1521296360300965889
1521296374020591617
1521296375237033985
1521296377560678404
1521296379582337027
1521296390890168320
1521296397143789569
1521296400528646146
1521296401690468353
1521296406509670402
1521296414680178689
1521296414910861314
1521296418429886465
1521296418400571392
1521296420157988871
1521296423400394752
1521296429024780290
1521296429343547394
1521296431704944647
1521296435022823425
1521296436578594819
1521296440726802433
1521296442849169408
1521296443264409602
1521296453456572417
1521296455708950528
1521296461400584192
1521296462839222277
1521296462977589248
1521296467469742089
1521296470271578113
1521296473526308865
1521296480287477761
1521296482602790913
1521296486335664128
1521296488386736129
1521296490286694400
1521296492736221184
1521296497014362114
1521296498671206400
1521296501493882883
1521296508703981574
1521296512399073282
1521296526039044101
1521296530463993857
1521296534117228544
1521296537015439360
1521296538772852742
1521296544422580224
1521296551028695040
1521296553226371072
1521296554107224064
1521296554644152321
1521296554862293000
1521296561224962049
1521296561703112704
1521296564425265152
1521296568749486080
1521296569965977600
1521296573694902272
1521296576106446848
1521296576508878851
1521296576890785793
1521296578019229696
1521296585078067200
1521296586726428674
1521296589700182017
1521296593202429953
1521296594292953094
1521296598361288705
1521296601662246913
1521296601502920704
1521296607912017920
1521296609040125958
1521296609463648258
1521296612026331139
1521296613301534721
1521296613406302209
1521296614303879169
1521296614501011456
1521296616178782210
1521296616388448257
1521296617558745091
1521296621031591940
1521296620939325442
1521296620964483073
1521296622742777857
1521296624470740992
1521296626844946433
1521296633094459395
1521296634386206722
1521296639767502849
1521296642233847812
1521296645987708932
1521296646595829760
1521296647271108608
1521296647967240193
1521296648529498116
1521296650194636802
1521296653843677184
1521296665570856965
1521296670159421440
1521296674269941760
1521296674454392836
1521296677298225153
1521296683719696385
1521296685120503810
1521296685225283584
1521296691852423169
1521296693194596354
1521296696239865856
1521296696759951360
1521296697577639936
1521296698521403393
1521296699859349505
1521296707798986752
1521296709866999811
1521296710437416962
1521296712203128832
1521296714887405570
1521296716653338626
1521296720453414913
1521296723393626113
1521296724438003712
1521296724853153793
1521296725570371585
1521296726329643009
1521296734881726467
1521296737641459712
1521296738325303303
1521296739101257736
1521296740128681984
1521296740158259201
1521296742985179136
1521296750299996163
1521296755526144001
1521296757266726912
1521296759464599552
1521296761221955588
1521296765315694604
1521296766850662405
1521296768620810240
1521296770524921857
1521296772957622274
1521296773729423366
1521296774958301187
1521296780033503232
1521296783682379776
1521296788136808449
1521296791303561223
1521296795841835012
1521296797368569859
1521296806239424513
1521296807938174976
1521296816318214144
1521296822270111750
1521296823067066369
1521296823977136131
1521296827668082688
1521296832403582978
1521296837549961223
1521296838304927746
1521296838648807425
1521296839479230464
1521296842897518592
1521296843933630464
1521296848941555712
1521296852951482369
1521296861461630977
1521296861948264449
1521296862619312128
1521296866251526146
1521296869464285184
1521296869976125445
1521296872878624773
1521296883146100738
1521296883964018689
1521296887000846336
1521296887680311298
1521296892549812226
1521296894877741057
1521296898535182347
1521296899046887426
1521296900963672069
1521296902402490369
1521296902725246976
1521296905602543617
1521296908496605185
1521296910086115328
1521296910572789760
1521296914058203138
1521296914997723136
1521296920739823617
1521296920991436807
1521296923205984256
1521296932492165120
1521296940486508546
1521296941832826881
1521296941836996608
1521296945498755072
1521296946551529473
1521296952054493184
1521296952780070913
1521296958480072704
1521296964939390979
1521296966008901633
1521296966839414785
1521296971004358657
1521296977216118791
1521296980013727745
1521296986820993027
1521296988439994369
1521296991640121344
1521296992139370496
1521296992449802240
1521296992563040257
1521296995255738368
1521296997877272579
1521296998258905089
1521296999911497729
1521297001169702914
1521297002709008388
1521297008572706816
1521297008908288000
1521297016697016320
1521297034829045761
1521297036208795649
1521297039295979520
1521297040378056706
1521297054617722880
1521297054726860800
1521297059722235904
1521297060758237185
1521297065950982145
1521297066093334528
1521297066521157633
1521297067649417218
1521297070900056065
1521297081863966720
1521297084015517697
1521297090189615107
1521297092026765319
1521297094530764802
1521297094803402752
1521297099148562434
1521297101040324612
1521297106107043841
1521297113237311497
1521297117364510721
1521297118241206272
1521297120418013193
1521297125216292868
1521297129884590082
1521297130849193992
1521297135941074947
1521297136780038148
1521297139204206592
1521297141330763776
1521297142144544768
1521297148498882560
1521297149304184843
1521297153703952384
1521297155935412224
1521297159680843776
1521297159903084544
1521297160561733632
1521297163350949889
1521297174759456776
1521297175912792064
1521297181755330561
1521297182300815360
1521297187216392192
1521297189066076161
1521297190118989826
1521297190735515653
1521297192430014466
1521297194191568897
1521297197341548546
1521297208481652736
1521297208586424322
1521297209546969089
1521297216761217025
1521297220011794433
1521297219789508611
1521297222176018434
1521297224105349120
1521297225917337611
1521297229083987975
1521297236914802689
1521297237556482048
1521297244212760577
1521297247614480384
1521297253708840960
1521297257433341953
1521297258318290944
1521297260029648898
1521297262713913345
1521297263104036865
1521297270972551174
1521297271798837248
1521297272914464768
1521297273480790017
1521297275124948994
1521297281949089793
1521297284075442176
1521297286923538432
1521297290409181185
1521297291562344449
1521297300492111874
1521297301670662146
1521297301360332800
1521297304355020800
1521297306087211008
1521297306196135937
1521297307282649090
1521297312051601408
1521297314626768897
1521297315562143747
1521297316388524039
1521297317361561608
1521297324110233602
1521297324730945537
1521297334990168064
1521297335069851650
1521297335581478913
1521297336638529537
1521297337934659586
1521297338047897604
1521297339390074885
1521297339675299840
1521297346348343296
1521297348139364353
1521297348252651526
1521297348927893506
1521297350467203072
1521297351700328453
1521297352807661568
1521297354917298176
1521297359136776194
1521297364459401216
1521297368234270725
1521297369010221057
1521297371514220544
1521297372961116161
1521297373452017664
1521297377738596352
1521297378913005568
1521297379856723974
1521297382243282952
1521297382717095937
1521297382884974593
1521297384034246656
1521297386374639617
1521297387549073413
1521297392091512832
1521297392791924738
1521297397548466176
1521297398999433216
1521297400316383232
1521297409493643264
1521297409694916609
1521297413620781058
1521297414233153536
1521297415453786113
1521297415764013057
1521297419493076992
1521297422684725256
1521297423217401860
1521297424765042690
1521297426077859847
1521297432549769217
1521297433606881285
1521297437499047936
1521297438404923392
1521297439516413953
1521297443324928005
1521297444268646400
1521297444385918976
1521297446667792385
1521297446734860291
1521297448060268544
1521297448626491394
1521297449536663552
1521297453525389317
1521297455035437057
1521297456352444419
1521297462765445123
1521297464569049088
1521297466229932033
1521297467748274176
1521297470562742278
1521297472697606145
1521297474312638464
1521297476011057152
1521297476262588416
1521297482717749250
1521297485058260992
1521297487058944005
1521297488920989696
1521297489688776704
1521297490443571200
1521297491395846144
1521297503576072197
1521297516461006851
1521297516574216199
1521297517182341121
1521297519543828481
1521297521204678659
1521297525541511168
1521297526514765824
1521297527777431552
1521297530029592581
1521297529954091010
1521297531044458496
1521297539244433408
1521297543862558720
1521297544059494403
1521297545133236224
1521297547410784263
1521297548098650112
1521297551516864514
1521297555421896706
1521297557703606272
1521297560048123906
1521297561767886850
1521297562661265409
1521297568025567232
1521297568201854980
1521297574602358784
1521297575730573313
1521297576989011970
1521297578247135232
1521297578607919105
1521297579463614464
1521297580696776704
1521297581749510146
1521297581996916739
1521297582290472960
1521297585444638721
1521297588594651136
1521297592260382720
1521297592952442885
1521297595309637632
1521297601177473027
1521297602720854016
1521297602704068608
1521297603622838273
1521297605074231296
1521297605027938305
1521297609205366785
1521297611864657920
1521297613320073216
1521297614016335872
1521297615148793862
1521297628473999363
1521297631326134274
1521297635998842880
1521297638410358784
1521297641841344512
1521297643875540999
1521297646224384001
1521297646547259394
1521297649508536321
1521297650485800960
1521297655099703296
1521297658429820929
1521297661135106049
1521297664759021573
1521297665463832576
1521297677648080899
1521297686238015488
1521297688108617732
1521297691183046656
1521297692193923073
1521297692676210696
1521297701597548545
1521297704198053893
1521297705976352771
1521297708979564545
1521297709608615937
1521297713131708418
1521297714000154625
1521297714189078530
1521297715229085696
1521297716743217154
1521297718169194496
1521297718265937920
1521297722388713477
1521297726473965568
1521297727149133824
1521297727681966080
1521297732639547394
1521297736318046214
1521297737433636864
1521297738461335555
1521297739195109377
1521297739996225537
1521297745952321539
1521297747097395200
1521297749349650434
1521297749563654146
1521297752696758273
1521297758048641026
1521297758182805504
1521297765120290818
1521297773236211712
1521297774066774017
1521297778458173441
1521297783201927168
1521297790541914112
1521297791963828229
1521297796309168128
1521297798834106368
1521297805612097543
1521297807885451270
1521297810183888896
1521297811454578688
1521297814466314246
1521297814818541571
1521297816496361473
1521297817888825346
1521297818044059649
1521297818060738566
1521297824666861569
1521297824876580864
1521297826885607425
1521297832518504448
1521297839065817089
1521297839162335232
1521297840605220873
1521297843415306240
1521297852529577984
1521297852663742464
1521297852445736961
1521297857218818048
1521297870028165120
1521297875208224768
1521297877573722113
1521297878408441856
1521297878483980289
1521297885215735810
1521297887044550657
1521297895957438466
1521297896171352067
1521297900252409856
1521297903750467585
1521297915985248257
1521297917881073671
1521297918396968961
1521297923975360513
1521297924793290758
1521297932896583684
1521297935744516099
1521297949447397381
1521297950122868736
1521297956166680581
1521297959006130176
1521297969328230401
1521297974776586240
1521297978488721408
1521297986248232960
1521297986801836037
1521297987757957121
1521297991398789120
1521297991977644033
1521297994116702209
1521298000538218496
1521298000886312960
1521298006246625281
1521298008821936130
1521298012198387713
1521298012391280644
1521298014442344450
1521298014559563777
1521298018582081540
1521298020339441665
1521298028274937856
1521298028174450689
1521298029613101057
1521298031202680832
1521298032792424448
1521298034608517122
1521298035690676232
1521298038383419392
1521298039188643846
1521298042158256129
1521298046746824705
1521298047027789824
1521298048118308864
1521298050546819076
1521298052132261890
1521298054908940293
1521298063863787520
1521298064274857984
1521298065759604736
1521298068624363523
1521298069026975747
1521298075641393152
1521298081928683520
1521298085028237313
1521298085124706304
1521298085342629890
1521298085946839042
1521298089218392064
1521298090833203200
1521298091344867332
1521298092716396544
1521298094423482368
1521298100467425280
1521298106788327424
1521298108558229513
1521298112614219779
1521298114761568257
1521298118154899456
1521298118905630724
1521298126413434886
1521298131899621378
1521298136718839810
1521298144348327936
1521298149314203648
1521298154041266176
1521298158025859079
1521298160370466819
1521298164539559936
1521298169522499584
1521298171548381186
1521298172735275015
1521298175675490304
1521298178544443398
1521298180058632199
1521298180981153792
1521298184160559104
1521298184156426241
1521298186446331904
1521298188308819977
1521298198098108417
1521298200627458050
1521298201025953794
1521298202175148037
1521298205543182343
1521298206855815169
1521298210492497923
1521298212933582850
1521298213818486786
1521298214271467521
1521298219715624963
1521298232411922433
1521298233389199360
1521298234865766404
1521298235226210304
1521298237910659074
1521298240179744769
1521298240313905152
1521298244537622528
1521298245527515138
1521298245523173376
1521298248685821953
1521298249608581122
1521298250493538306
1521298250539708418
1521298256566931456
1521298257560936450
1521298258655682566
1521298264573812737
1521298265429393410
1521298265735680001
1521298268143116295
1521298268981972995
1521298272035512325
1521298274375905281
1521298278649933825
1521298283406241796
1521298284035289089
1521298285943787522
1521298288095506436
1521298290788253705
1521298296236560384
1521298296647602180
1521298297620738048
1521298299378184193
1521298303090110464
1521298304184819712
1521298311080255495
1521298311059226627
1521298314846736389
1521298318206271488
1521298322300059654
1521298326196531201
1521298330088783876
1521298332169211904
1521298333310066688
1521298333930827782
1521298336900427777
1521298337307131904
1521298343183667202
1521298343942623232
1521298344651407361
1521298351156830211
1521298354176679936
1521298356668149761
1521298357603479552
1521298359373414400
1521298360392720389
1521298376054222849
1521298378281390080
1521298381628395524
1521298387269734402
1521298391241789441
1521298393301196800
1521298401010372610
1521298402423750656
1521298404067799042
1521298405481345025
1521298405955444741
1521298410204430336
1521298411110248448
1521298412649472001
1521298414239195141
1521298416508280838
1521298422275489793
1521298423835766784
1521298426398392322
1521298434715705346
1521298449928536066
1521298451815825409
1521298456974876674
1521298458488889346
1521298459852414977
1521298460183511042
1521298460170932230
1521298462511443969
1521298463543246848
1521298464201715713
1521298464558260225
1521298465422200832
1521298466131042304
1521298476579323905
1521298482971164675
1521298487698202626
1521298491091390466
1521298495264546816
1521298495759699968
1521298498846556160
1521298500742492160
1521298502210445313
1521298506824171520
1521298508313157637
1521298511421222915
1521298512100659200
1521298512293638146
1521298526118068226
1521298529544818692
1521298534468702209
1521298534913302528
1521298536935178242
1521298539648733185
1521298541347487745
1521298551560708099
1521298560163074050
1521298560934981634
1521298562310721538
1521298563107545090
1521298568996438020
1521298570816757761
1521298571915583489
1521298582585982979
1521298585039654913
1521298590294888449
1521298591226114048
1521298591670804484
1521298594854313984
1521298595370389504
1521298601028337668
1521298608632512513
1521298609987276804
1521298610071158787
1521298612323602437
1521298612843556864
1521298614609395713
1521298627452309504
1521298636335943683
1521298638357643264
1521298641436225537
1521298641860055040
1521298642069504000
1521298645383061504
1521298646259576832
1521298648386400256
1521298652219772928
1521298660960743426
1521298669777133568
1521298671077564416
1521298672427880451
1521298673635934209
1521298673904365577
1521298674290249737
1521298677410799617
1521298689393844228
1521298694452219906
1521298697883209729
1521298699984551937
1521298710399188992
1521298711099412480
1521298714618437634
1521298715339853827
1521298715981533185
1521298716128391169
1521298717445296134
1521298722256158720
1521298722436435968
1521298728270901248
1521298728279191553
1521298728895881216
1521298735418032130
1521298743202570240
1521298754833465347
1521298757089902598
1521298759795331076
1521298764971057152
1521298768028700672
1521298772638240769
1521298774601224193
1521298779835551744
1521298783497338881
1521298783988068355
1521298785934139394
1521298785196032003
1521298787993812992
1521298787968462853
1521298795643998208
1521298797913124864
1521298798752014336
1521298799171448836
1521298799242715136
1521298800828166145
1521298801536823297
1521298802635907072
1521298806196822022
1521298806398144514
1521298809560698881
1521298812836487168
1521298812979064834
1521298817584410624
1521298818360356864
1521298827302551553
1521298828430917633
1521298834147745792
1521298834109906950
1521298846072115201
1521298853445742594
1521298853772894209
1521298854779535361
1521298855719051265
1521298856268472320
1521298857220526081
1521298861725204482
1521298861792321536
1521298867094011905
1521298868503257100
1521298869916778497
1521298872181698563
1521298876799541249
1521298877315534848
1521298879735554048
1521298880029155329
1521298881887232005
1521298887105040395
1521298890779406336
1521298891815141376
1521298903555088385
1521298909431226370
1521298909770956802
1521298910194642945
1521298910689460224
1521298911134203904
1521298914737070081
1521298916372889602
1521298918402895872
1521298929048080385
1521298929282863111
1521298935532466177
1521298936245403648
1521298950170456064
1521298960417185794
1521298966024962048
1521298973599875077
1521298973834850305
1521298977626460160
1521298985599741953
1521298996429475840
1521298996563787780
1521298998820319233
1521299003480104965
1521299007032729602
1521299012070031362
1521299016952205315
1521299022606180354
1521299026985070593
1521299027249274882
1521299027605794816
1521299041488969730
1521299044181573632
1521299045209165824
1521299046199087104
1521299062829506561
1521299067803869184
1521299071666958338
1521299073441177600
1521299075152416768
1521299076712701952
1521299078906327040
1521299079120228354
1521299088838377474
1521299091929636865
1521299093179486216
1521299096300048388
1521299098694995971
1521299101723541505
1521299107742195713
1521299108169932800
1521299108652277760
1521299112045559811
1521299113915994112
1521299116600565760
1521299118219571207
1521299121646223362
1521299122803912705
1521299125400215555
1521299127069556744
1521299128722067457
1521299131226066944
1521299134099120133
1521299141376323584
1521299144488456192
1521299146270990344
1521299146690473985
1521299146816335872
1521299151165681664
1521299154907107334
1521299158438748164
1521299158413586434
1521299160481386496
1521299166173048832
1521299173915701254
1521299178961485825
1521299185038938116
1521299192869793796
1521299202470461446
1521299203669954562
1521299210909499393
1521299213950365702
1521299215565004800
1521299218241142786
1521299225161908224
1521299226814464000
1521299230035709952
1521299229855072259
1521299233936187393
1521299234573762560
1521299236574400515
1521299237052596224
1521299244099031041
1521299243771826182
1521299250268758021
1521299254685442051
1521299254895345664
1521299254895165442
1521299260691595266
1521299268383948802
1521299269365420032
1521299273421189120
1521299279423356929
1521299281751293953
1521299289288417280
1521299296804605957
1521299297702232066
1521299306925461505
1521299311207890944
1521299317708902400
1521299325732622337
1521299329113280514
1521299331038470144
1521299334616305668
1521299337426444293
1521299338084945922
1521299343315243009
1521299343554531328
1521299349489205248
1521299353784225795
1521299355491348483
1521299360272760832
1521299362353393665
1521299363523350530
1521299366283202560
1521299368002961409
1521299371605868545
1521299374495899648
1521299380111912962
1521299380694888450
1521299381881778176
1521299384096411650
1521299393944637441
1521299397237084162
1521299398336073728
1521299400403918852
1521299401691516928
1521299401951563781
1521299403008524288
1521299408121438208
1521299419924242432
1521299426999906304
1521299428522528769
1521299437930176512
1521299440799264768
1521299441185333248
1521299441516519424
1521299441675739136
1521299444427276292
1521299449053696000
1521299451259899905
1521299451666739200
1521299458771890176
1521299461082951681
1521299465088512001
1521299465994313731
1521299468548595712
1521299471707082752
1521299473846181889
1521299479827259392
1521299480611590145
1521299484008923138
1521299484520632321
1521299486877827072
1521299488530382849
1521299489637769220
1521299490510188544
1521299491793641472
1521299499276283904
1521299501675421697
1521299499817533440
1521299508709126145
1521299515067801602
1521299515541790720
1521299516502151168
1521299517936750593
1521299518792290305
1521299519769653252
1521299520021471232
1521299521086668801
1521299521854181377
1521299524198670336
1521299532403077120
1521299535217184770
1521299538367193093
1521299547435241474
1521299548060196864
1521299556536836096
1521299568624873473
1521299572190060544
1521299575876767744
1521299577437106176
1521299589319507969
1521299596919685120
1521299597166977026
1521299597603311616
1521299597712572416
1521299600568631298
1521299601688563718
1521299610530103297
1521299610706317312
1521299614456029185
1521299616158916611
1521299623519920128
1521299624618823682
1521299625113698304
1521299625554157568
1521299628066582529
1521299630658662400
1521299630641852416
1521299635020705792
1521299635905744896
1521299638598389761
1521299641203052544
1521299642574680065
1521299643249745920
1521299644675993601
1521299644663447552
1521299651219107843
1521299654872236032
1521299655442767878
1521299655723782145
1521299658336706560
1521299668231200768
1521299670517047298
1521299670835859459
1521299674363277313
1521299683469307905
1521299684580593664
1521299688837861379
1521299689269780483
1521299689848643586
1521299692784660482
1521299697427787780
1521299697843019777
1521299700477054982
1521299704482611200
1521299706307043329
1521299707472973824
1521299708102443008
1521299712309084161
1521299714829963269
1521299717707034625
1521299724288106496
1521299724917125121
1521299726179700736
1521299728574697482
1521299731426725893
1521299732160782337
1521299740834635776
1521299745104404482
1521299756596834309
1521299756793970688
1521299758018617344
1521299764708532225
1521299765694185472
1521299782572154881
1521299782978969602
1521299784518504448
1521299787517206531
1521299788515483648
1521299788964245508
1521299801379377157
1521299805753987072
1521299810585915398
1521299810355138560
1521299823730864129
1521299824037007360
1521299826360651778
1521299827707064323
1521299831645474816
1521299831947419650
1521299832958513152
1521299849374842888
1521299851778179079
1521299853556518912
1521299855880114177
1521299858056953856
1521299859466244097
1521299872518840320
1521299878680354818
1521299879678644224
1521299880089731072
1521299881888989186
1521299885328318464
1521299891502436355
1521299893993713665
1521299896325783554
1521299896531267587
1521299907050717184
1521299909185470464
1521299909479174144
1521299915657334785
1521299919947980800
1521299921273503746
1521299923504930818
1521299926617100288
1521299926977818626
1521299927980294159
1521299929658019840
1521299929725030400
1521299932497461248
1521299933755846658
1521299933986529284
1521299942849060865
1521299949236981767
1521299955163537408
1521299956652556290
1521299961581019136
1521299961522049025
1521299967029170177
1521299967801008132
1521299968840982530
1521299971055751168
1521299972943142913
1521299974713233408
1521299975124267009
1521299989175189505
1521299992366903296
1521299996175474689
1521299999891542016
1521300000759705600
1521300008007569410
1521300020959580160
1521300023539081216
1521300025757814786
1521300037728612353
1521300041952120832
1521300043042537472
1521300046502899712
1521300050508279809
1521300050621644802
1521300054006509573
1521300055168364545
1521300060507623424
1521300063968022530
1521300079277223936
1521300081567158274
1521300084599709698
1521300089922334720
1521300094884233218
1521300099632025602
1521300100508790785
1521300100634529793
1521300100928188416
1521300103717392384
1521300108020785156
1521300108830195713
1521300110897950720
1521300115381800960
1521300116149264384
1521300123950616576
1521300133689892864
1521300135933886464
1521300137976471553
1521300141503918082
1521300143135469568
1521300148768448516
1521300152904032259
1521300153285718016
1521300154157965312
1521300155617714176
1521300158507626497
1521300158918578183
1521300159971442688
1521300164580945922
1521300167420432384
1521300185552502786
1521300189419552768
1521300190724034562
1521300192326303745
1521300193945305089
1521300196390547456
1521300198126931968
1521300201167802368
1521300205639024643
1521300207623077888
1521300209959112704
1521300226719551489
1521300228309229568
1521300232771940352
1521300257442873346
1521300259661570048
1521300264388632576
1521300267546853378
1521300271246319616
1521300274861780995
1521300276979851265
1521300283866988544
1521300288728092678
1521300293413183490
1521300301659226121
1521300302623817729
1521300305509752834
1521300320151904259
1521300324635623425
1521300328548872192
1521300328326602752
1521300330360811523
1521300335578562562
1521300337000296448
1521300340200550400
1521300340519358469
1521300347788046337
1521300355996389377
1521300359251124226
1521300359783739394
1521300364238196737
1521300364917719044
1521300375617384450
1521300375999070211
1521300377827778561
1521300380730208257
1521300383418957825
1521300383867576329
1521300386430300160
1521300389911425024
1521300394839838724
1521300396119101440
1521300399474581506
1521300402548916227
1521300406302822400
1521300412212518914
1521300413919776769
1521300415442268160
1521300417434759168
1521300430101356555
1521300434224390144
1521300434769563648
1521300443112128512
1521300446064910340
1521300450632470528
1521300455229374474
1521300455434956800
1521300457406218240
1521300457490194432
1521300466675732481
1521300473558433792
1521300477371158529
1521300478679826433
1521300478633648128
1521300488318341123
1521300488951640076
1521300490281267200
1521300493422579712
1521300501840773121
1521300501911977984
1521300507309920256
1521300508480266242
1521300508945928192
1521300509499572230
1521300509751132160
1521300521088430084
1521300525324677129
1521300526448914432
1521300526381645826
1521300528059322369
1521300536666034180
1521300540235395072
1521300542366142464
1521300546010984451
1521300549131550727
1521300550209388544
1521300551362916358
1521300556471586816
1521300564004327424
1521300570904174592
1521300574788009984
1521300575631020032
1521300582581284864
1521300601824456707
1521300603082878983
1521300603523194880
1521300615435014144
1521300624935116800
1521300629330833410
1521300631486664705
1521300633764065285
1521300637090258944
1521300639032266754
1521300640881954822
1521300645667557378
1521300650965020676
1521300652114288643
1521300655385817094
1521300656128245760
1521300659768901632
1521300660238663683
1521300661316554752
1521300662633603074
1521300663808008192
1521300667729690624
1521300668803436546
1521300670942531586
1521300671148212224
1521300671697403906
1521300675883327488
1521300676344700932
1521300678483714048
1521300681269080064
1521300687300218885
1521300695181406209
1521300699266625538
1521300700734668800
1521300705277104128
1521300705809772544
1521300707676241922
1521300708359819264
1521300711140741120
1521300721152704514
1521300727888420864
1521300729314652170
1521300729750818817
1521300735849373702
1521300737480966145
1521300738835873792
1521300742249844741
1521300742832898048
1521300754925252609
1521300759966494721
1521300761979891712
1521300764391620609
1521300765087784962
1521300765750415361
1521300771819642882
1521300773329592321
1521300778811592710
1521300780543877123
1521300788072566786
1521300789381189632
1521300792040427524
1521300798969425920
1521300799573401601
1521300801368563717
1521300808368803841
1521300809413189632
1521300813720788993
1521300814446444544
1521300818925867009
1521300818917478401
1521300821794869248
1521300823053062144
1521300829168361478
1521300837309587456
1521300841944305666
1521300846528577536
1521300853029810178
1521300857865871361
1521300858855690241
1521300861950910464
1521300869542813696
1521300870289412096
1521300872025673729
1521300875100176385
1521300880909377538
1521300881186209805
1521300886168948736
1521300886886174723
1521300888479952897
1521300892351352833
1521300892921782272
1521300894356328450
1521300895992066050
1521300897002831876
1521300900169584645
1521300901163634689
1521300908524642305
1521300910365888514
1521300910583988224
1521300912957964294
1521300917663977472
1521300919215865856
1521300921648656384
1521300925696073728
1521300926484692992
1521300927222849537
1521300928514740228
1521300933702864901
1521300938694221824
1521300941097603072
1521300942573953025
1521300942683099138
1521300942754398208
1521300952879230976
1521300956566196227
1521300966259240962
1521300969673281537
1521300973922181120
1521300974366646273
1521300976686321665
1521300982063415296
1521300983321702402
1521300998131757056
1521300998504988676
1521301001227182081
1521301002644766720
1521301007594045441
1521301007908708356
1521301009225637889
1521301011868049410
1521301011905847296
1521301012010647554
1521301012421742592
1521301011888885760
1521301014820831233
1521301019895885825
1521301020034351105
1521301022400032768
1521301025591808002
1521301025713446913
1521301025818251264
1521301029563748352
1521301036245340164
1521301038527131650
1521301046861082624
1521301048312446976
1521301050027819009
1521301051059621889
1521301061478330368
1521301067128057868
1521301070839955456
1521301072874291200
1521301077018263552
1521301077890641925
1521301080381878274
1521301081527050240
1521301085436080128
1521301085461393411
1521301086396628992
1521301090154725378
1521301092503625728
1521301095628390403
1521301095620005894
1521301098606493696
1521301108492316672
1521301106957107200
1521301111898087424
1521301116859953152
1521301119439409152
1521301122039877633
1521301123386077185
1521301124409860096
1521301127366647809
1521301131560902658
1521301134593470464
1521301138917707776
1521301142319382530
1521301145595129856
1521301146744365056
1521301150334652419
1521301151391653889
1521301153346031616
1521301154637959169
1521301157834014720
1521301165534859264
1521301168059830277
1521301166755303426
1521301169733357569
1521301171759030272
1521301170769338372
1521301178474283009
1521301187110359042
1521301188939063298
1521301189350019072
1521301189350109187
1521301194177540097
1521301194655866881
1521301197348474880
1521301197461860359
1521301198690832386
1521301209151332353
1521301216474681345
1521301223131029505
1521301225765064705
1521301228537495553
1521301235672154112
1521301236942835716
1521301240356954114
1521301241296531456
1521301241548132356
1521301243544719360
1521301246090661889
1521301249773260806
1521301253569011714
1521301254139486208
1521301256316334080
1521301266701369344
1521301267829698561
1521301273722695682
1521301273907277824
1521301278432894978
1521301278932062208
1521301280559448065
1521301280626556930
1521301282543349763
1521301290118045697
1521301294652309504
1521301295273021440
1521301294970978305
1521301301828616192
1521301304127238144
1521301305678983168
1521301307931656192
1521301314730405889
1521301318236733440
1521301319792742400
1521301321714143232
1521301323324395520
1521301325245526018
1521301327820767232
1521301328970063872
1521301330500849664
1521301331734142977
1521301331788677120
1521301335320236033
1521301339531366400
1521301341859106820
1521301341989384193
1521301345227083777
1521301351992541185
1521301353049382913
1521301353510981634
1521301354932850698
1521301356119838720
1521301356975255553
1521301358124707840
1521301359550775299
1521301363996729346
1521301371093495809
1521301373316440065
1521301373173866497
1521301382430699527
1521301383529611264
1521301384741756930
1521301385228308486
1521301393138610176
1521301394027917312
1521301395986550784
1521301407873253378
1521301411174232065
1521301416022794241
1521301417075564546
1521301417222361090
1521301423631310849
1521301424277278721
1521301427183775746
1521301427141939200
1521301430002364417
1521301430166069253
1521301435408916481
1521301439297081347
1521301439876046848
1521301441381601282
1521301442203635721
1521301443294072832
1521301453549277186
1521301461388378117
1521301463212998657
1521301463099658242
1521301463607046144
1521301469701582848
1521301472310349831
1521301472943779842
1521301476500516865
1521301490979287049
1521301492841566209
1521301493550555136
1521301494208864257
1521301496259923968
1521301497132244995
1521301499892035584
1521301500714180610
1521301502236758017
1521301502266159104
1521301505432854528
1521301506322210816
1521301513385267200
1521301513515241477
1521301513913700360
1521301519903166469
1521301522705002497
1521301523229470721
1521301525334790145
1521301527402803201
1521301531785670661
1521301536105811968
1521301538966147072
1521301542455939072
1521301545081610240
1521301549510758401
1521301558432043008
1521301561896484864
1521301564882837504
1521301572541575168
1521301578287886337
1521301580242317314
1521301596617035777
1521301596600094726
1521301597552263174
1521301597665755137
1521301598554796032
1521301608805507072
1521301610672054272
1521301614073724929
1521301621065625600
1521301623544467456
1521301629172998145
1521301635250761730
1521301635623968768
1521301642783698944
1521301645459697671
1521301646843781120
1521301648005599234
1521301648932491264
1521301649708441604
1521301654905278464
1521301657442738177
1521301659602849795
1521301660945031169
1521301678569394176
1521301678598746112
1521301681153228801
1521301683954864128
1521301688459710466
1521301689466245121
1521301692586893314
1521301695229304832
1521301699150839808
1521301704259559428
1521301709594705925
1521301715298963458
1521301719791013888
1521301722869686274
1521301730910105600
1521301731275157504
1521301734571888641
1521301734701899777
1521301737793019906
1521301738946453504
1521301741874122752
1521301743879036930
1521301748035592192
1521301762900119559
1521301766595248133
1521301766649745408
1521301767102906370
1521301768256339970
1521301768197615616
1521301770156216320
1521301777089544194
1521301781820624897
1521301782110035969
1521301785809502208
1521301789651484673
1521301795452108800
1521301796689485826
1521301797511610368
1521301800460365825
1521301800787185664
1521301802880282627
1521301803454930944
1521301803685781504
1521301809297383424
1521301810971095041
1521301812535513089
1521301813240254465
1521301815035318274
1521301815547072513
1521301815526109185
1521301818210680834
1521301819162775552
1521301821452660738
1521301825076576257
1521301831741231105
1521301836795457540
1521301839211376641
1521301842243866625
1521301846870339584
1521301848652722176
1521301850602885120
1521301850573914113
1521301854210203648
1521301859406913537
1521301864347799553
1521301866172362753
1521301867187343363
1521301878151258114
1521301880667885568
1521301885759676417
1521301892009136128
1521301893842096131
1521301894739775489
1521301895448457216
1521301897004855296
1521301898858536965
1521301900385267715
1521301905028395008
1521301905426812930
1521301907511422977
1521301910061465601
1521301910912917509
1521301917778984965
1521301920434036739
1521301928193536002
1521301931020349440
1521301931481784323
1521301936427106304
1521301937324380160
1521301939639791617
1521301944534544389
1521301948061958145
1521301950784020480
1521301955683008513
1521301959487410177
1521301965849903106
1521301975228243970
1521301976977354752
1521301980081180672
1521301987358351360
1521301988633366528
1521301989157588995
1521301989237399554
1521301990105440257
1521301996212572160
1521302001132441603
1521302006102740992
1521302007155470337
1521302008296259585
1521302008279420928
1521302008975831041
1521302010305388545
1521302011504902146
1521302017850974208
1521302021843951620
1521302031369187331
1521302034884055046
1521302037551620097
1521302038612787201
1521302040248561665
1521302042668638210
1521302050692247553
1521302053980864513
1521302054685351937
1521302055608016898
1521302055838756866
1521302059030433792
1521302062763581440
1521302065204584448
1521302066408394752
1521302066802884610
1521302082766221312
1521302088269307904
1521302096020131841
1521302097261740035
1521302103532130304
1521302105046331396
1521302105700675585
1521302116299509760
1521302119889965057
1521302129582952451
1521302132699418628
1521302141574402048
1521302144074321922
1521302144317591552
1521302146607632384
1521302148998475776
1521302153201082372
1521302155377979395
1521302156841824258
1521302161203867650
1521302161333751808
1521302168011218944
1521302170343297028
1521302174147518464
1521302174382403584
1521302175854604288
1521302177637183488
1521302181105782784
1521302181349105664
1521302191197282305
1521302191864266752
1521302192942161920
1521302193059602433
1521302193793609728
1521302201532043267
1521302203776090113
1521302210281418754
1521302211518676992
1521302214521851908
1521302217080418310
1521302221236883456
1521302229386420225
1521302232892907523
1521302236160307203
1521302239872225282
1521302239792537602
1521302241457618945
1521302247136710663
1521302248084709376
1521302248525082626
1521302248906756097
1521302250332823552
1521302251247005697
1521302252455084036
1521302254049198080
1521302264454995971
1521302266170466304
1521302266883362816
1521302267240108032
1521302267386814466
1521302268783517697
1521302272625549312
1521302274999562240
1521302278489219073
1521302280687005702
1521302289042006016
1521302289134333952
1521302292984524800
1521302298315612161
1521302299460710400
1521302300375097345
1521302309745090560
1521302312567848960
1521302316346920964
1521302319022891008
1521302323762708480
1521302327793119232
1521302327893893120
1521302329479376896
1521302333757534213
1521302336068595713
1521302343555465217
1521302346239819776
1521302351100866563
1521302353324154882
1521302360022257669
1521302365562888197
1521302366359859201
1521302372127248385
1521302379949350914
1521302383531376641
1521302384181493761
1521302389122338821
1521302390242086912
1521302393597665284
1521302399020933120
1521302400878927872
1521302401403301888
1521302404012154882
1521302404804845568
1521302408906694657
1521302417916284929
1521302418545336320
1521302419107459072
1521302424786505728
1521302427395317763
1521302428087377922
1521302428330565632
1521302431598059520
1521302437680005120
1521302443170144262
1521302444281638912
1521302444436860929
1521302446064156672
1521302445728714752
1521302447460950019
1521302448098394112
1521302462010953728
1521302466322522112
1521302469284089857
1521302470353645568
1521302470512844800
1521302475285872640
1521302478137925632
1521302479979565056
1521302482676240387
1521302483473248258
1521302484592959488
1521302484530180096
1521302487587770369
1521302489143943174
1521302493874966528
1521302498262323201
1521302499503845376
1521302505669419008
1521302512258609152
1521302529627279361
1521302530185117697
1521302532970225664
1521302533926498309
1521302536476667906
1521302537147760640
1521302542638104579
1521302543913177088
1521302545221787649
1521302545620164610
1521302546257698816
1521302552507301891
1521302561206288384
1521302562636550146
1521302567359180800
1521302569297010693
1521302572786540544
1521302572967026691
1521302575588511744
1521302575953424385
1521302580034514949
1521302582513254401
1521302587437645824
1521302587546513408
1521302590104952833
1521302591174549506
1521302593905082370
1521302596643803136
1521302597738856449
1521302601073012736
1521302602369183746
1521302603631583234
1521302613366431744
1521302618571739136
1521302620727562240
1521302625387520000
1521302626087931904
1521302641007108097
1521302645792821248
1521302646673526784
1521302648263262209
1521302648406044672
1521302649777315840
1521302652268662784
1521302653795725315
1521302663152947202
1521302663249514496
1521302672007176193
1521302673118703618
1521302674393767936
1521302676885102594
1521302679393382401
1521302682551693314
1521302689778442241
1521302692068429824
1521302692286586880
1521302695277207554
1521302698485710849
1521302698540380161
1521302699236597760
1521302700717187073
1521302702063505411
1521302705410646021
1521302707038035970
1521302707792982017
1521302709680451585
1521302712280883200
1521302715489570816
1521302724855357440
1521302726306668545
1521302730832113666
1521302737928994817
1521302741561319424
1521302747831840769
1521302750004350976
1521302750243569665
1521302753443782656
1521302755566096385
1521302756400766976
1521302757474508800
1521302759001280520
1521302768035766273
1521302769776443398
1521302770825015298
1521302773337309187
1521302774536880131
1521302774247575553
1521302776143306752
1521302781356916736
1521302787283316737
1521302788663349248
1521302788764061698
1521302792849309698
1521302795609120776
1521302799417581569
1521302802089185280
1521302803028877314
1521302809098043393
1521302809102237697
1521302816320626688
1521302820472991744
1521302822897156096
1521302822943432704
1521302828072980483
1521302828840591365
1521302828991582209
1521302831776641025
1521302838034501636
1521302838441357313
1521302840370921476
1521302854098632704
1521302860071378944
1521302862898380803
1521302864601223168
1521302869290459137
1521302870355681280
1521302872473972736
1521302872650133506
1521302876412252160
1521302887124684807
1521302903264272386
1521302906452029442
1521302906582048769
1521302909031395330
1521302910138679296
1521302913435459586
1521302915037679616
1521302916010848256
1521302916380131329
1521302918015635456
1521302921039675392
1521302929818501120
1521302935275155457
1521302937062019074
1521302937372348416
1521302937607323650
1521302941143080968
1521302941679988742
1521302944666292228
1521302952530620417
1521302955588157442
1521302957681446914
1521302973527306240
1521302974768852992
1521302976383512576
1521302976845221888
1521302977553866752
1521302980829585408
1521302983245504512
1521302984688295941
1521302991936106497
1521302997212483584
1521302999607480320
1521303003231313921
1521303003864702981
1521303012370571266
1521303019127717888
1521303035460431874
1521303043215667200
1521303045577052160
1521303047535800320
1521303048806674433
1521303054527582211
1521303056956203008
1521303060361981956
1521303062433959937
1521303068876234752
1521303071527247872
1521303072659619840
1521303075331444738
1521303077302771713
1521303078003224576
1521303081115344901
1521303083845832705
1521303084428898306
1521303084743409664
1521303093668978697
1521303096428748801
1521303104322519043
1521303107262689282
1521303118457319424
1521303119384166401
1521303121082912770
1521303122613743616
1521303131908362248
1521303136262135812
1521303137591701504
1521303137935630336
1521303139844042752
1521303140561145856
1521303144759660545
1521303146315886592
1521303146676563978
1521303145464410113
1521303150883336192
1521303151881560064
1521303153966211074
1521303159347433472
1521303159989178368
1521303163537612801
1521303163780976643
1521303168424022019
1521303168868663296
1521303176246398976
1521303177085300736
1521303179794726912
1521303186052689920
1521303186908274688
1521303190389592071
1521303191429787652
1521303191672922112
1521303193761759234
1521303194441244672
1521303201730998272
1521303203970703367
1521303205422018566
1521303216360771584
1521303220827705345
1521303223440748544
1521303228209860609
1521303228419346434
1521303228733874177
1521303230088503297
1521303233175724032
1521303240209358848
1521303243401400322
1521303244202405888
1521303247729868800
1521303252997869568
1521303257997529089
1521303258538643459
1521303261227196417
1521303266147110913
1521303269531738112
1521303273386672129
1521303273395081216
1521303276255432705
1521303277651914752
1521303279740887041
1521303285243731976
1521303286598578176
1521303291128426496
1521303293758218247
1521303295121313794
1521303296614539273
1521303300976615429
1521303302998306821
1521303310183145473
1521303311055523840
1521303312548564992
1521303318429151232
1521303318844395524
1521303324754075648
1521303339673309185
1521303342047281155
1521303345557823490
1521303346086395904
1521303346170060800
1521303350523871232
1521303354068148225
1521303354919501825
1521303358820204547
1521303359294263297
1521303362171514882
1521303363945644034
1521303366697107456
1521303366399365120
1521303368123232256
1521303374179749889
1521303374754369541
1521303380357881858
1521303381066674176
1521303388641656832
1521303392643080192
1521303393406525440
1521303393750470657
1521303393968480258
1521303394291523584
1521303397751697409
1521303403485274113
1521303406924550145
1521303408640200704
1521303410087186433
1521303411207159809
1521303413576904708
1521303416978485251
1521303417473454081
1521303420497547268
1521303426906349569
1521303427497619456
1521303436532207617
1521303440781201409
1521303447567540224
1521303448544854016
1521303449568038912
1521303452755836930
1521303457516335104
1521303458606944257
1521303460431474691
1521303462352465923
1521303464629866497
1521303474012626944
1521303486889177089
1521303489980239872
1521303490945073152
1521303493189029889
1521303494384406530
1521303496410152961
1521303497379045376
1521303498620559363
1521303500143140868
1521303501502095361
1521303501854367745
1521303502290624512
1521303503062376448
1521303504056426497
1521303504878456832
1521303505872502784
1521303507084533760
1521303508091342849
1521303515276140547
1521303521869635586
1521303527993184256
1521303529305952256
1521303529436205061
1521303531667529728
1521303533659774985
1521303533525651456
1521303537136939011
1521303542409175041
1521303542383845376
1521303549392556032
1521303552316133382
1521303552978829313
1521303556455813129
1521303560163676160
1521303560583061508
1521303561455509505
1521303561736499204
1521303562768240641
1521303565322575874
1521303570758332417
1521303570825555971
1521303572763185152
1521303575980355584
1521303577695854597
1521303580891885570
1521303583681093632
1521303584784191488
1521303591318827008
1521303592501665792
1521303592925376513
1521303595735523329
1521303597757177858
1521303598407335936
1521303601376808961
1521303602337390597
1521303612244209664
1521303616161726469
1521303620075069446
1521303624806187008
1521303632766984193
1521303634604081152
1521303635107487746
1521303638819450881
1521303639133982721
1521303639205322753
1521303642829201415
1521303645240926208
1521303647036100610
1521303649481334787
1521303661787316224
1521303662638903296
1521303665084190720
1521303668523470850
1521303675054010369
1521303677503422464
1521303678736642048
1521303682326753281
1521303682796695552
1521303683480313858
1521303684533133316
1521303700467236864
1521303700907642880
1521303701675286530
1521303703378182145
1521303706792247302
1521303707178225665
1521303708335759361
1521303708616867841
1521303711729041408
1521303718683099137
1521303723728945153
1521303724215484416
1521303725909975041
1521303732054597636
1521303732159279104
1521303732570501124
1521303733556154370
1521303733589716992
1521303733820399616
1521303736836108288
1521303738518020098
1521303740996796418
1521303742791966725
1521303743316246528
1521303745203740673
1521303746357071872
1521303747128971266
1521303765500194822
1521303769673261067
1521303770168119296
1521303779232133131
1521303787264040962
1521303792091860992
1521303792599322629
1521303795497676800
1521303799171850241
1521303802799955968
1521303802934177793
1521303805563916288
1521303805618540551
1521303807526903810
1521303808789393408
1521303809791774723
1521303810894880770
1521303811431747584
1521303812664967168
1521303813038170113
1521303812950134788
1521303814095081474
1521303816561430533
1521303818306310144
1521303819132485632
1521303829522038784
1521303830247354368
1521303830272561153
1521303831178534913
1521303845116203011
1521303845976088576
1521303846726914052
1521303848178143236
1521303849633472512
1521303850627616769
1521303850904346625
1521303852120739842
1521303852397518848
1521303856898060288
1521303857296461826
1521303861109182466
1521303862216376325
1521303864003158016
1521303865454432257
1521303865873813515
1521303866586763264
1521303867362791424
1521303868180684801
1521303868386254848
1521303869409554432
1521303872291094531
1521303875587878915
1521303875860500482
1521303877617963009
1521303881795342336
1521303890142052354
1521303892847382528
1521303900481015808
1521303901026361344
1521303905518370816
1521303913579831296
1521303916411072512
1521303916964630532
1521303918651015169
1521303919112060928
1521303920466964481
1521303924644278272
1521303926900989953
1521303926934544384
1521303927525978118
1521303932919635968
1521303933473501184
1521303941371236352
1521303950758232064
1521303951618056192
1521303953929031681
1521303955434790914
1521303957255110657
1521303958391869440
1521303978528714752
1521303982714417152
1521303989601636353
1521303992336277505
1521303998090944512
1521303998271266817
1521303998632017932
1521303999181463555
1521304000842579970
1521304003690127361
1521304011126849537
1521304013236490247
1521304015845404679
1521304016306769920
1521304016927748096
1521304018043158530
1521304022233366529
1521304023915110400
1521304029233565698
1521304043473149952
1521304043817164800
1521304047176888320
1521304047386607616
1521304062322479104
1521304069402513410
1521304069666746369
1521304079665750016
1521304080785850368
1521304083386503168
1521304085638664192
1521304100784287745
1521304103376375809
1521304103741231104
1521304104680800256
1521304109223227392
1521304113266405376
1521304114210222080
1521304120669478915
1521304124221964290
1521304125954301954
1521304126407290885
1521304126960852993
1521304133176856577
1521304137819987969
1521304140948721664
1521304142689587200
1521304148662112257
1521304148985090048
1521304149479985154
1521304152042840065
1521304152357416960
1521304160376922112
1521304163178668033
1521304164722221056
1521304166358036484
1521304170032242688
1521304172481679360
1521304172658065409
1521304181469941760
1521304182157893634
1521304182304776192
1521304188491374592
1521304190613475329
1521304192400478209
1521304193570639872
1521304197962022915
1521304200629481472
1521304206023577601
1521304209412476930
1521304213569081347
1521304214793768961
1521304225493385216
1521304232556646400
1521304234284797952
1521304234494468104
1521304235882786816
1521304237799526400
1521304238348926976
1521304241964560385
1521304244439207937
1521304244971835392
1521304250483187712
1521304251712032774
1521304253096157186
1521304258427117570
1521304259362402304
1521304260939497474
1521304261790994434
1521304263594770432
1521304270510997507
1521304271685398530
1521304272255832064
1521304275355328515
1521304277943209984
1521304281873547264
1521304282078879747
1521304282498314247
1521304284180144131
1521304286457704448
1521304287699247104
1521304289125224448
1521304289662152704
1521304289682935808
1521304290945609728
1521304290916249601
1521304294049337344
1521304294321963008
1521304295848611841
1521304296989786113
1521304297266458648
1521304300143603717
1521304303029346309
1521304304098893824
1521304319953362944
1521304324374151168
1521304324294516739
1521304325137567751
1521304326236520448
1521304326760714241
1521304330229497857
1521304333006028802
1521304333333463040
1521304333949673472
1521304343596519425
1521304348386635776
1521304349087084546
1521304351846895617
1521304354363428867
1521304356661776384
1521304362320113664
1521304363855187974
1521304365256089600
1521304366879326208
1521304367239901184
1521304370670886914
1521304373007163394
1521304373585928192
1521304373799768064
1521304377734144000
1521304384205959173
1521304390392377345
1521304391965462528
1521304394251206656
1521304394356203522
1521304399301136384
1521304406934933504
1521304413859627008
1521304416074223617
1521304418544672768
1521304420046229505
1521304420637585409
1521304421627531264
1521304425557602305
1521304427545694208
1521304435200348162
1521304444272578562
1521304446998925313
1521304447883874305
1521304452438896643
1521304457560084480
1521304463234973699
1521304465210585089
1521304472903127040
1521304474408660992
1521304474655989760
1521304475847299072
1521304480930803712
1521304481966792704
1521304482914652167
1521304483950579713
1521304485410320385
1521304488241414146
1521304494755258368
1521304498261487616
1521304501935915008
1521304505454837768
1521304518436306945
1521304524698398720
1521304526480986115
1521304526430560257
1521304528573935619
1521304530436210688
1521304534060093447
1521304535427428352
1521304540263313410
1521304542121541637
1521304544742764545
1521304548043853824
1521304553957871616
1521304556830957568
1521304559540396033
1521304568340045824
1521304572651708416
1521304576200171522
1521304576355229701
1521304583888330752
1521304587000594438
1521304589525557250
1521304591618514944
1521304593690472449
1521304612900323328
1521304615999787008
1521304617350483968
1521304617526640644
1521304617665331200
1521304623016947712
1521304627215536130
1521304628394135555
1521304628884824064
1521304630126419970
1521304630847807489
1521304631283830784
1521304633305702406
1521304634559766528
1521304637814489091
1521304641807474689
1521304647956410368
1521304650498121728
1521304653048152065
1521304655724228608
1521304660543299584
1521304666897756161
1521304666767773696
1521304667506069506
1521304669007589377
1521304672056791042
1521304675273916423
1521304678037864449
1521304681288450048
1521304684140638208
1521304684677328901
1521304686875361280
1521304691245789185
1521304695322693640
1521304696480223233
1521304705288265728
1521304709360926723
1521304710816403457
1521304717673963520
1521304718064197632
1521304719691419650
1521304719586643968
1521304719498559490
1521304722799476736
1521304733151109121
1521304733117558786
1521304735977926656
1521304737005506560
1521304740449161216
1521304741258547200
1521304743095717888
1521304748732952576
1521304752176308224
1521304754432978947
1521304755615715337
1521304756685258753
1521304757410975749
1521304757486424064
1521304759055142917
1521304764461559809
1521304770006466570
1521304779615576065
1521304780685123585
1521304786687115266
1521304786775293952
1521304788805332993
1521304789824507904
1521304791242129409
1521304791367966720
1521304806408736768
1521304807209938944
1521304807235072002
1521304808333979649
1521304809164394496
1521304815501987841
1521304818370891782
1521304819188879360
1521304823928397825
1521304828231753728
1521304828307132416
1521304831780171776
1521304836280627203
1521304847387144192
1521304851094855682
1521304853800263680
1521304854433574912
1521304857365430272
1521304858636468224
1521304864717946880
1521304865695227904
1521304867595296772
1521304867951759371
1521304873442103297
1521304878102061058
1521304878047707136
1521304881742729216
1521304892224196613
1521304900524978176
1521304900830908416
1521304903070724097
1521304906182889473
1521304906862374914
1521304910427746304
1521304911954300931
1521304918736490496
1521304922716880899
1521304922624561152
1521304926319747073
1521304928353980417
1521304932032335874
1521304933387100160
1521304933961768961
1521304938692894721
1521304940102119425
1521304942786473985
1521304944111931392
1521304954060693504
1521304955549802496
1521304958624321537
1521304962168500225
1521304966526296064
1521304968849809411
1521304971135836160
1521304973656879104
1521304976261357569
1521304979486789639
1521304980841447425
1521304981000830979
1521304981328044033
1521304983794294785
1521304986910613504
1521304993365639168
1521304994208796674
1521304996519854081
1521304997278851072
1521304998864375810
1521305002337136640
1521305002891005956
1521305008045756417
1521305009878667274
1521305010398715906
1521305011225075716
1521305016413347843
1521305018611249154
1521305025221439488
1521305028077760512
1521305034977427456
1521305034880864258
1521305035447091200
1521305039125594118
1521305040161550337
1521305043307319298
1521305045278601216
1521305056611643395
1521305064966664192
1521305065654468613
1521305085967482886
1521305089587257355
1521305092175147008
1521305093819146240
1521305094603558915
1521305103747190785
1521305138396372993
1521305144272777216
1521305144738127873
1521305148252999680
1521305150618583041
1521305154636636165
1521305162157105152
1521305163247779840
1521305165663543296
1521305166116491271
1521305169358913536
1521305171309076480
1521305173091627008
1521305174928732166
1521305175473987585
1521305176283529216
1521305179294945280
1521305180859510784
1521305188686086146
1521305196223213570
1521305203693264899
1521305203827429377
1521305206868398084
1521305209699508224
1521305218532749314
1521305221741395968
1521305223570071552
1521305224153075712
1521305229937057793
1521305233497939971
1521305238485012481
1521305239130882050
1521305241177624577
1521305244055003139
1521305250979790849
1521305263495598082
1521305265165021186
1521305266247114752
1521305268809781250
1521305269275627520
1521305269875187714
1521305274207801344
1521305276166541312
1521305276779048964
1521305286136500226
1521305306646691845
1521305306793398278
1521305309398056960
1521305314842353664
1521305317862440960
1521305318201847809
1521305322794663936
1521305324589928448
1521305334035398658
1521305335285399553
1521305342923218949
1521305348199653379
1521305360656609280
1521305363336908806
1521305365702397957
1521305372539166721
1521305374330085376
1521305378843209732
1521305384199368704
1521305387324121088
1521305387525447686
1521305396337643527
1521305397201498112
1521305411848216584
1521305412955426818
1521305414784196608
1521305419477622784
1521305422359060484
1521305426964492290
1521305430206521344
1521305430898663424
1521305437068570624
1521305445574615040
1521305447151644680
1521305448447684609
1521305454302973952
1521305456123252737
1521305457025077250
1521305457775857664
1521305458337845248
1521305459285803011
1521305464344309761
1521305466097356801
1521305467183677448
1521305469255663617
1521305470723665920
1521305475119259653
1521305478353014785
1521305479946854400
1521305481603473408
1521305489463816193
1521305490814390272
1521305497726603265
1521305502826864644
1521305503422328832
1521305505490157570
1521305504580050945
1521305505725042689
1521305506819850240
1521305507235090435
1521305510326194176
1521305513069191168
1521305513736249344
1521305522124767233
1521305522720358401
1521305527493750784
1521305529771036673
1521305532887449602
1521305538541330432
1521305539468214273
1521305540730757123
1521305551153545220
1521305551233294336
1521305551333773312
1521305553800077314
1521305554110537728
1521305559865176066
1521305560024555520
1521305567456808961
1521305571177246720
1521305580589178881
1521305582820597765
1521305588252258305
1521305593566351361
1521305598637322248
1521305600096878593
1521305604291186688
1521305609743732737
1521305624813920256
1521305626307178496
1521305633345183747
1521305639636676608
1521305640370675712
1521305643386388480
1521305646322401280
1521305647702282243
1521305647513485312
1521305652433498112
1521305654434091009
1521305655986081793
1521305660155170817
1521305661031731202
1521305668363427841
1521305672364830721
1521305672469692416
1521305672629071872
1521305673484623879
1521305675057537025
1521305676307476482
1521305676605050881
1521305680606642176
1521305681164259328
1521305682628251648
1521305682506653701
1521305688340844546
1521305691675369475
1521305691683758080
1521305691818012672
1521305692979793925
1521305694183600128
1521305699199946752
1521305700294610944
1521305703922733063
1521305705474572288
1521305706334461953
1521305707592753152
1521305707831865344
1521305713146052608
1521305713586417664
1521305718581776384
1521305719739461633
1521305721610067968
1521305722373349376
1521305727914196993
1521305732225904641
1521305738731298817
1521305750605377538
1521305763729350656
1521305766359142401
1521305766694887424
1521305767348948992
1521305770372960256
1521305775569879041
1521305785187328002
1521305786407956482
1521305787888459777
1521305789536694272
1521305791101288454
1521305791449513985
1521305792439271424
1521305795408932867
1521305795559923713
1521305802430193665
1521305805148065794
1521305808025395201
1521305815600271360
1521305820352417792
1521305821195517954
1521305822797643776
1521305823170945038
1521305824617844736
1521305826962681856
1521305828334227457
1521305828942393345
1521305832033599490
1521305834055208960
1521305834684563456
1521305842896809989
1521305842951327744
1521305843269992449
1521305843857526784
1521305844389924865
1521305848299069440
1521305855152504832
1521305857098760192
1521305860047261704
1521305860668018689
1521305867177582596
1521305869203685376
1521305869245329408
1521305873129353218
1521305873460699137
1521305873544585216
1521305876640182273
1521305880926502912
1521305884072235010
1521305885292781571
1521305894738399232
1521305896382607360
1521305907564625920
1521305909229760512
1521305911264165889
1521305915282149381
1521305916246745089
1521305919434416129
1521305921330294785
1521305924815790080
1521305925583265792
1521305929311993856
1521305930528432130
1521305934898806784
1521305937226743810
1521305942327009281
1521305948454854656
1521305954431688705
1521305955966795776
1521305959079071745
1521305960412811265
1521305971036938240
1521305971255291904
1521305971536109568
1521305973255806977
1521305976049078272
1521305976347013122
1521305977018290176
1521305985884766208
1521305996236316674
1521305996571852807
1521306005996711936
1521306008085217283
1521306010387980288
1521306012355022850
1521306030382231554
1521306033884389377
1521306034471538688
1521306034815614978
1521306034945593346
1521306048761581568
1521306050229641219
1521306050305175554
1521306054688231429
1521306055187308544
1521306058035109889
1521306060715343873
1521306062325964800
1521306067526955012
1521306069754159105
1521306078306312192
1521306089698074624
1521306092243980289
1521306094940868611
1521306101601480704
1521306102025048064
1521306103581138952
1521306104042594305
1521306107469131776
1521306114071138304
1521306124645023745
1521306127555833857
1521306129590013952
1521306131850797057
1521306134992273408
1521306136007348226
1521306137299243009
1521306138775597056
1521306143410294786
1521306145616392192
1521306146723831808
1521306147369762817
1521306149806616580
1521306151933128704
1521306157561913345
1521306162469163009
1521306162347614209
1521306164507688961
1521306165065306113
1521306165749104641
1521306166499987456
1521306168194441218
1521306176201367552
1521306184401264642
1521306187836313601
1521306188301930496
1521306195495116800
1521306201690193920
1521306204638793728
1521306206303887363
1521306210443485184
1521306211072757763
1521306218110894080
1521306220556083207
1521306224800718849
1521306231826415616
1521306237547294720
1521306239925321730
1521306251283636225
1521306253103755265
1521306254135726080
1521306256979501056
1521306258883686401
1521306259756101635
1521306260720824324
1521306263522578432
1521306264265015298
1521306264470536194
1521306265682685952
1521306266378907649
1521306270468390912
1521306272850759680
1521306276147384320
1521306283915288576
1521306288352907264
1521306291632844800
1521306292417138689
1521306293180538881
1521306295453818880
1521306298113052672
1521306298440167424
1521306299178303488
1521306312545640448
1521306316517560320
1521306317511708672
1521306323148754945
1521306332393086976
1521306333777211392
1521306334242689025
1521306335656263681
1521306340794277890
1521306341293408262
1521306355868618758
1521306358234103808
1521306358817116161
1521306358863310848
1521306359924506625
1521306365947490304
1521306368841777152
1521306370645151744
1521306372524191750
1521306376240340992
1521306378983428096
1521306379159539714
1521306380531306497
1521306382158516227
1521306390685491201
1521306392908423169
1521306394833661953
1521306397232840706
1521306398365212673
1521306399808106496
1521306401301225473
1521306404006547457
1521306404920991746
1521306412365885446
1521306415100538881
1521306416744701953
1521306418518933504
1521306420867735552
1521306423891746816
1521306425313701888
1521306428555857923
1521306434675232769
1521306436113948673
1521306445224022017
1521306447061135361
1521306448927592449
1521306453096730632
1521306454568828928
1521306461351067654
1521306463200813063
1521306465323163648
1521306466203971584
1521306467978076160
1521306474420609025
1521306476815474688
1521306477205540864
1521306477369204738
1521306478912565248
1521306481756413953
1521306482775674881
1521306493173260288
1521306495035801600
1521306496847515649
1521306501616664578
1521306501867925504
1521306502073569280
1521306506557276164
1521306508214030336
1521306514308411393
1521306522818695170
1521306535926075392
1521306538207588358
1521306539247779840
1521306541122539520
1521306542296944641
1521306545442725888
1521306557891461122
1521306558000422913
1521306559816609795
1521306561569718274
1521306565516488704
1521306565550170113
1521306568645652480
1521306570298171392
1521306570503696384
1521306571053142026
1521306573359955969
1521306576241541120
1521306579802468352
1521306585829711872
1521306589122072576
1521306594696388611
1521306594834731008
1521306598622310403
1521306605014376451
1521306608554459136
1521306614028021760
1521306614493552640
1521306614690627585
1521306615206617090
1521306615168868356
1521306615437221888
1521306617291194368
1521306617920241666
1521306619631575040
1521306622978674689
1521306624358551553
1521306624849293314
1521306628775100418
1521306630180200448
1521306633149767686
1521306637302394880
1521306637482475520
1521306640246616064
1521306640406003713
1521306640737259523
1521306641164996608
1521306642104651777
1521306646604967937
1521306653097877510
1521306657317433344
1521306664158343168
1521306664695181314
1521306669023735808
1521306670147805184
1521306672484032514
1521306672848850946
1521306675910782985
1521306680272728064
1521306687289933824
1521306688053293056
1521306694306967553
1521306706348855296
1521306709679132672
1521306712791306240
1521306712996597760
1521306714208882688
1521306714284642304
1521306714460590088
1521306721662107648
1521306727764963329
1521306730185043968
1521306730021502976
1521306731883732992
1521306738011430912
1521306742163914757
1521306744168849408
1521306744785412097
1521306750070272002
1521306750867148802
1521306751617933313
1521306754516230144
1521306756189720577
1521306758370705422
1521306772807503872
1521306774405529600
1521306777677144064
1521306782093787138
1521306784039849987
1521306794504691717
1521306796241084416
1521306800607408130
1521306802037661696
1521306802192793600
1521306806718451716
1521306808949911552
1521306814012432387
1521306815278972928
1521306817057505280
1521306819431329792
1521306822275211265
1521306824787562496
1521306831347462152
1521306832026877956
1521306837970264076
1521306842684657666
1521306843406114816
1521306844119109632
1521306853199781890
1521306853589856256
1521306854193876992
1521306855972216832
1521306857838678016
1521306859222753281
1521306864398573570
1521306866298630144
1521306867061997570
1521306868068532225
1521306869528158208
1521306871369457666
1521306871667523584
1521306873286246404
1521306883545776128
1521306885785329667
1521306886427095040
1521306895910416385
1521306900310204418
1521306903351021568
1521306905922129923
1521306906698080259
1521306907490897929
1521306907394428929
1521306907960565760
1521306918081376256
1521306918383407106
1521306918995861504
1521306922498289664
1521306923752112129
1521306925782253571
1521306926956662786
1521306929301274626
1521306931473833984
1521306932107169796
1521306934875500544
1521306935131267072
1521306946376187904
1521306947189821440
1521306950088155136
1521306951426220038
1521306951728214021
1521306953393356802
1521306961874235392
1521306963031859203
1521306964302737414
1521306971839868928
1521306977254711296
1521306977946767360
1521306984703791108
1521306985387409415
1521306986478022656
1521306990047383554
1521306992605904900
1521306995302752258
1521306997169303554
1521307003708391425
1521307005138391048
1521307012289777665
1521307014055571461
1521307018392387593
1521307020292497408
1521307021198479365
1521307021504569345
1521307022569918466
1521307028475592704
1521307032183320576
1521307033584218112
1521307033613520896
1521307039573721094
1521307040894889984
1521307041905655809
1521307044170682378
1521307047882641409
1521307054861959170
1521307062814216192
1521307064273969153
1521307071282819072
1521307075304902657
1521307079272710146
1521307081516544001
1521307083412541440
1521307083924193289
1521307085002227715
1521307089402011648
1521307094649131008
1521307096003878912
1521307098444963840
1521307099497644032
1521307101506723840
1521307101892644875
1521307114244878336
1521307115037638658
1521307116815880192
1521307117919080450
1521307120204976135
1521307121367023619
1521307124265066497
1521307124940394498
1521307127196921859
1521307127654006790
1521307128862060544
1521307129596059651
1521307131206537216
1521307131923902470
1521307132410437634
1521307132615876608
1521307135342227458
1521307143407751168
1521307153591586821
1521307154610802688
1521307160700932097
1521307161565044737
1521307177453031424
1521307179445334018
1521307181185830917
1521307198063845376
1521307199984877573
1521307202862075904
1521307202857877509
1521307203847790592
1521307221086425096
1521307221396758528
1521307221560283136
1521307225494597638
1521307234105495555
1521307235015667712
1521307238257811464
1521307254405926917
1521307256280788992
1521307257954263040
1521307267592867840
1521307272072335360
1521307278187679744
1521307280414760960
1521307286425243648
1521307290816716800
1521307296478945282
1521307309183492096
1521307309128966148
1521307310584442880
1521307314380324864
1521307318243282949
1521307321380573184
1521307321812590593
1521307330029236224
1521307334701719552
1521307345904623622
1521307349566246913
1521307349843070983
1521307353982853123
1521307362853851136
1521307364137345024
1521307370722414592
1521307372064550920
1521307373767479298
1521307380428029959
1521307381195493385
1521307382755717121
1521307383737237505
1521307385436028930
1521307387923247104
1521307397951737857
1521307400011145217
1521307404209725440
1521307409427353601
1521307410014646273
1521307413953101825
1521307413625905153
1521307418994614272
1521307427483926528
1521307428867956736
1521307431476867072
1521307432705789953
1521307433267773440
1521307437969465344
1521307438108061697
1521307444386934784
1521307458257494016
1521307461856202753
1521307464599314433
1521307466222481410
1521307472144715778
1521307476146237443
1521307481498177536
1521307486170624000
1521307492231393281
1521307495960092672
1521307500552855552
1521307500875812864
1521307501379166210
1521307503996411906
1521307507137908736
1521307508945604608
1521307509612584960
1521307511084789760
1521307512359862272
1521307515304169473
1521307517694926849
1521307526461075457
1521307529632165888
1521307530558943232
1521307530474971136
1521307531481690113
1521307534526758912
1521307535059214336
1521307538137964552
1521307541069864960
1521307542940532737
1521307549034758146
1521307550666350594
1521307551081668608
1521307554789224449
1521307556286812163
1521307559075975169
1521307559495413763
1521307562834112517
1521307563534524419
1521307566260822017
1521307566369873923
1521307567707893760
1521307568123043840
1521307568739692544
1521307570316746753
1521307577111437312
1521307589673472000
1521307592416452611
1521307593385422848
1521307604030472194
1521307612431671299
1521307616600764416
1521307619830505473
1521307624435814400
1521307633730428930
1521307634795700224
1521307635714347008
1521307636578324481
1521307642131623940
1521307643482378242
1521307648141922304
1521307648511156224
1521307650545393664
1521307668845113344
1521307668891246592
1521307669776277512
1521307670824824832
1521307671739174919
1521307671797895171
1521307671789457412
1521307677191655424
1521307680446590981
1521307685513269248
1521307690672209920
1521307691980832768
1521307694249955329
1521307696888168448
1521307699438256128
1521307702793850884
1521307714147790856
1521307716261720064
1521307719038296064
1521307719654850560
1521307719801741312
1521307725422022658
1521307728647495680
1521307731822526464
1521307732904919041
1521307734292934658
1521307739020009473
1521307744443240450
1521307747270246403
1521307751682617344
1521307753196699649
1521307755490992128
1521307766245441539
1521307767163678721
1521307767562252288
1521307774013128704
1521307787267092485
1521307790194745344
1521307797736075270
1521307798365249536
1521307808226070528
1521307808851017734
1521307809282932739
1521307813464928256
1521307815322820612
1521307815666761728
1521307822352392193
1521307821425504256
1521307826798440448
1521307826680905730
1521307828241276930
1521307830531375106
1521307832632885248
1521307833987387392
1521307840660619266
1521307841168031745
1521307841759485952
1521307843327975424
1521307849892188166
1521307853428080641
1521307854358999040
1521307854619226113
1521307860411592711
1521307861825069056
1521307862118682626
1521307863221686272
1521307864538783745
1521307865935450112
1521307869789962241
1521307873271332865
1521307876383461377
1521307878266707969
1521307879860588545
1521307885682282496
1521307891428433924
1521307895723438093
1521307904434917379
1521307908176232449
1521307908696326154
1521307918112641026
1521307921782837248
1521307923170963457
1521307926429843457
1521307931286851585
1521307935938387971
1521307941248323584
1521307945379987456
1521307948806328321
1521307956565925891
1521307957417369601
1521307958495358985
1521307965889859589
1521307966313541633
1521307970688139264
1521307971329957888
1521307979684884480
1521307983585898496
1521307984311328768
1521307984634261505
1521307987645804545
1521307988723646477
1521307993899339776
1521307994507595776
1521308005727629312
1521308006201565184
1521308006440480768
1521308008591986688
1521308011364552707
1521308014493458433
1521308017899323393
1521308018280787968
1521308024748621824
1521308025121914881
1521308037180440579
1521308038845579265
1521308040011657216
1521308044923219968
1521308050648403969
1521308066179739648
1521308075117797376
1521308081409384449
1521308082692935682
1521308084672634881
1521308085914062848
1521308089663643648
1521308092876558336
1521308093078196224
1521308094629826561
1521308095334555654
1521308101667966978
1521308106654945280
1521308110891233280
1521308111503785984
1521308117631385602
1521308119019700225
1521308120252923905
1521308124111843333
1521308125256691715
1521308128469557252
1521308145934643200
1521308149776625664
1521308149864615936
1521308151483674625
1521308155275366403
1521308158597025792
1521308161562583043
1521308161700999172
1521308163462643714
1521308163567493120
1521308166482534400
1521308169292636161
1521308170639089666
1521308171150704644
1521308173113696257
1521308175311458308
1521308176632758273
1521308183725232128
1521308183972618240
1521308187986735104
1521308195020582912
1521308195859271681
1521308210006745093
1521308210501718016
1521308211021852673
1521308213228019712
1521308213534203907
1521308223776694274
1521308226842611715
1521308227203309568
1521308227618492417
1521308228256247808
1521308235051020289
1521308236049264641
1521308238175772675
1521308239228547077
1521308239954075648
1521308247503872000
1521308248816721920
1521308254462111744
1521308264247398401
1521308264914374656
1521308265904484352
1521308285835661314
1521308288247291908
1521308290340114433
1521308293943025665
1521308300146585602
1521308305720811522
1521308305930522624
1521308309374001152
1521308313966817280
1521308314856001536
1521308316454031360
1521308325228466179
1521308331457097728
1521308331083771905
1521308339812147200
1521308341590450178
1521308342659936257
1521308351505879040
1521308353112195076
1521308354471149570
1521308358766125064
1521308359101759489
1521308368866009088
1521308369180827649
1521308371772706816
1521308375866384385
1521308376734478336
1521308382627520517
1521308384548564997
1521308390760361991
1521308392517783553
1521308393528606722
1521308397492371456
1521308400705236993
1521308409005494274
1521308409672331268
1521308412214194176
1521308413275291650
1521308421546557441
1521308421923999744
1521308424486764544
1521308437501599745
1521308443046551552
1521308448620785664
1521308453947461636
1521308459030917122
1521308459810967552
1521308460981587968
1521308463695077379
1521308464559050752
1521308475313168384
1521308476416401409
1521308481797636097
1521308489867579392
1521308490685423618
1521308497862094848
1521308507336757251
1521308510218342401
1521308513422741506
1521308513682788353
1521308522327195649
1521308523094757377
1521308523119972352
1521308527482052609
1521308529382076417
1521308529528905737
1521308529814130690
1521308530740973568
1521308532846567425
1521308534943760385
1521308535753261058
1521308536751497222
