1525657193990836224
1525657198835257344
1525657206728839168
1525657217302573056
1525657218313441281
1525657219806777345
1525657220859498498
1525657220188360706
1525657227381592064
1525657228107165696
1525657236206493702
1525657238140030977
1525657248604856332
1525657254409682945
1525657258255949828
1525657267495915521
1525657275939045378
1525657276064927745
1525657281014255617
1525657281484013570
1525657286135296000
1525657287230205952
1525657294528073728
1525657295690121216
1525657300408668160
1525657305496358915
1525657309854040064
1525657310667984896
1525657316087013383
1525657318666518531
1525657320532885506
1525657321812029441
1525657323179499521
1525657338518061061
1525657339713318912
1525657339902189568
1525657342150594562
1525657356205449216
1525657356570345472
1525657360357900289
1525657377122291712
1525657381157453825
1525657382025666563
1525657389529284609
1525657395644465153
1525657412694253570
1525657415626199043
1525657436400541697
1525657440703979521
1525657444159987714
1525657446240423936
1525657446768836608
1525657447314202624
1525657458445795330
1525657462870880257
1525657467132293121
1525657470592593921
1525657473843138560
1525657475701260289
1525657477483835393
1525657490830016513
1525657494726508546
1525657497641570308
1525657499508133892
1525657509414981632
1525657509637369856
1525657513621856258
1525657520454479874
1525657525227556864
1525657526028619778
1525657527983259651
1525657531196006400
1525657544567533568
1525657544844353539
1525657550015840256
1525657556890304514
1525657568592412678
1525657569364164608
1525657578969210881
1525657582773358596
1525657588414787584
1525657589622575104
1525657596455276544
1525657599227506689
1525657607221944322
1525657614863847424
1525657614977323010
1525657615258292224
1525657626163519488
1525657629497778176
1525657633016930304
1525657633386115074
1525657636443721729
1525657644026974209
1525657644345720834
1525657645104914433
1525657657666936832
1525657658413424641
1525657660720353280
1525657665405345793
1525657686435676160
1525657688708993024
1525657692320284672
1525657694153191425
1525657698670465025
1525657703393157120
1525657704949088257
1525657709164564488
1525657710926172162
1525657711026872321
1525657714285678593
1525657717074849792
1525657717314134016
1525657718643732480
1525657734720303104
1525657740403679235
1525657742148509696
1525657746628124674
1525657752370036738
1525657757424263171
1525657757965328384
1525657759353806848
1525657760955777027
1525657767779909633
1525657772414619648
1525657773773664257
1525657779641499649
1525657779704315904
1525657782971731968
1525657787023466496
1525657787526701058
1525657789548355584
1525657793289764864
1525657798582755328
1525657799174279168
1525657806724014080
1525657820749672448
1525657828115066882
1525657833177772032
1525657834062499840
1525657835551330304
1525657836302258177
1525657837606785024
1525657840899489793
1525657841339666432
1525657842220417025
1525657844208607233
1525657844304949249
1525657844783099904
1525657854706962433
1525657860750954496
1525657866056630273
1525657868690677761
1525657881076547584
1525657888340946946
1525657894628347905
1525657899254562818
1525657902006120448
1525657906397741056
1525657907307610113
1525657907701882883
1525657908893073408
1525657910528851969
1525657924177100801
1525657938441998336
1525657938593030145
1525657941499600898
1525657942699167744
1525657945853284352
1525657946050514944
1525657951507292163
1525657954141278211
1525657956880158722
1525657957110775809
1525657958830333958
1525657960579575808
1525657962030694400
1525657967055765505
1525657971677593600
1525657977398730752
1525657984558370817
1525657986655522817
1525657994620452865
1525657996046618630
1525657998634393600
1525658025905860609
1525658026576838657
1525658033531011075
1525658044440449024
1525658046436868096
1525658052376072194
1525658061611884544
1525658064120123394
1525658066854739970
1525658070831050752
1525658074119380993
1525658079693619200
1525658087784423424
1525658088962789376
1525658090649042944
1525658092649816067
1525658098068750337
1525658100769992704
1525658101189328896
1525658132524957697
1525658133292523520
1525658135821623296
1525658139856871424
1525658141542711297
1525658142318772224
1525658145288138752
1525658145447718913
1525658149646045184
1525658159678889985
1525658162078031872
1525658163474669568
1525658170550632448
1525658175541739521
1525658176527679488
1525658176653246464
1525658178263867392
1525658194143547393
1525658194357342213
1525658198400806919
1525658199499620354
1525658206856429568
1525658210534838273
1525658214032867333
1525658214553075713
1525658215786024960
1525658219414450176
1525658221796593665
1525658244164816896
1525658245603291136
1525658248157831168
1525658250632364034
1525658253103087617
1525658262816686080
1525658264628867072
1525658267103404032
1525658271385894912
1525658271687790597
1525658272195399680
1525658275148177408
1525658278990159872
1525658279954616320
1525658279879360513
1525658280365805568
1525658280521043970
1525658286246313985
1525658293586337792
1525658297227005952
1525658305116241922
1525658307104591872
1525658309084205056
1525658312766808064
1525658313643401216
1525658313811185665
1525658319079280640
1525658322510151680
1525658324410195972
1525658332882784257
1525658333453361152
1525658342194028545
1525658347336237057
1525658365908631552
1525658368185991168
1525658368915951618
1525658370845327361
1525658371994664965
1525658378022027264
1525658378524954624
1525658379871563777
1525658382392340484
1525658382979538944
1525658383734517762
1525658404584312833
1525658406870298625
1525658409575583745
1525658409336463360
1525658412532514817
1525658419943940096
1525658422477307905
1525658423206957056
1525658424368840704
1525658429003636736
1525658430425399297
1525658435483848704
1525658441557200896
1525658451019538432
1525658471823298560
1525658472632795137
1525658474880897025
1525658475199873024
1525658486037975040
1525658487803478016
1525658488503906305
1525658491008036865
1525658491892817920
1525658494032302080
1525658516345659392
1525658518216400897
1525658521445928961
1525658532963565570
1525658535899459584
1525658537090859008
1525658548751028225
1525658559450697729
1525658562269159424
1525658567675715587
1525658571136016384
1525658577452642304
1525658591813849088
1525658607886508036
1525658613989134336
1525658615436259329
1525658616036208640
1525658618808475649
1525658626060427269
1525658627343888390
1525658636038680578
1525658639746355200
1525658641805856768
1525658647677874178
1525658662810836999
1525658665356763137
1525658679843950592
1525658689222463488
1525658689524404224
1525658690459783169
1525658693035073536
1525658693588733952
1525658696667254791
1525658696822538241
1525658697816473600
1525658708512067585
1525658715197775872
1525658731949830149
1525658732717277184
1525658737607860224
1525658742091489281
1525658748999634945
1525658748978704386
1525658767089623040
1525658769568538624
1525658774450671617
1525658778280022016
1525658778552651776
1525658778955264000
1525658783350923264
1525658793362837505
1525658798374825984
1525658800786747392
1525658807036063744
1525658809557041152
1525658816129400832
1525658818490732544
1525658822626447362
1525658822852939776
1525658824853671936
1525658826434916353
1525658829786124289
1525658830541045762
1525658833087041537
1525658836182384640
1525658842452873216
1525658843275042818
1525658845783146496
1525658845925806080
1525658846219358209
1525658860794544128
1525658861213999105
1525658873440489472
1525658874082390017
1525658874489057280
1525658876510609410
1525658878557536257
1525658882923716608
1525658888032473088
1525658895255056385
1525658907565338628
1525658910803337216
1525658923969220610
1525658924774465536
1525658925240045569
1525658925965664256
1525658935264481280
1525658944571461632
1525658948682108929
1525658954935586816
1525658961491464192
1525658964351848448
1525658970748243968
1525658972870610949
1525658982186201090
1525658983838560256
1525658987957473280
1525658988347547648
1525658989253472256
1525658993175285760
1525658999189868545
1525659008845103104
1525659012116750337
1525659019632861186
1525659030043119617
1525659030894567425
1525659037483913216
1525659042575699969
1525659050637246469
1525659052277215234
1525659054160461825
1525659058841309184
1525659064767758337
1525659066894270465
1525659073059991552
1525659073202597889
1525659084791246848
1525659085143777283
1525659086435385344
1525659086645248001
1525659093100265473
1525659112121716742
1525659113837010945
1525659117398159360
1525659121235681280
1525659126436663298
1525659134116646912
1525659142362263552
1525659150549917696
1525659154240745474
1525659156576980995
1525659156543328256
1525659159332544513
1525659160393953280
1525659162075873281
1525659162910281728
1525659165183852545
1525659167196864513
1525659169055031296
1525659172808708096
1525659176780931072
1525659186662719488
1525659204849115139
1525659206795280384
1525659208472883203
1525659212302454784
1525659217159413760
1525659229725638656
1525659237656846336
1525659238093033473
1525659248654426113
1525659249203765248
1525659252580294656
1525659252911919104
1525659253192671237
1525659253872242688
1525659255868600320
1525659261988110336
1525659262441201666
1525659268573167623
1525659269542076416
1525659273631498243
1525659276756525056
1525659281810284545
1525659287980322816
1525659288320057345
1525659289146335233
1525659290689753088
1525659295580405760
1525659304690335747
1525659309060677632
1525659310499536898
1525659315700477959
1525659320540868608
1525659327578755075
1525659328270712833
1525659330921517057
1525659331672297472
1525659332494303236
1525659334344167426
1525659337007431680
1525659338731405313
1525659340052504582
1525659343374385152
1525659343537987587
1525659348696956929
1525659348030177282
1525659352257937409
1525659353935753216
1525659356754284546
1525659365620871168
1525659370071150593
1525659371094429696
1525659377776136198
1525659383132217344
1525659385925599233
1525659387024613377
1525659411464736770
1525659415227125761
1525659417764585472
1525659421803745288
1525659431106666497
1525659433493098496
1525659434613088256
1525659438622842881
1525659439243616258
1525659440078368769
1525659440036229120
1525659441294606338
1525659442548772864
1525659447728775168
1525659449955860482
1525659452560515072
1525659456377348099
1525659458893844480
1525659464354783232
1525659469862080512
1525659472470892544
1525659476614909954
1525659481262235651
1525659485032914945
1525659491873828864
1525659500925145088
1525659509683011585
1525659516930605056
1525659520919281664
1525659523611910145
1525659542075412480
1525659555845312514
1525659557787222021
1525659558240210944
1525659562287562752
1525659573880647684
1525659574484729856
1525659577685098496
1525659584500797442
1525659591794647040
1525659593614893056
1525659595825455104
1525659604054528002
1525659608160804869
1525659608613806080
1525659620815126528
1525659629799227393
1525659633238548480
1525659641186689024
1525659643195686913
1525659645624344577
1525659655237607424
1525659659868446720
1525659662162440192
1525659662972076032
1525659662669987840
1525659668080742400
1525659670584623105
1525659673613205504
1525659676448149506
1525659677584932865
1525659681649213446
1525659685659066368
1525659687072542720
1525659688586575879
1525659701903499264
1525659705762357250
1525659707561676801
1525659708530511872
1525659714390040577
1525659717988761600
1525659726167429120
1525659727908196352
1525659728533233671
1525659734333968384
1525659735915110404
1525659749903220738
1525659749819236352
1525659755448094720
1525659757469499392
1525659768353787911
1525659773592535042
1525659779724627969
1525659798708142087
1525659799311921153
1525659799718875136
1525659799806959616
1525659801379909632
1525659802742947843
1525659809357254657
1525659816089165826
1525659818157133824
1525659821013454850
1525659823098023936
1525659828403642369
1525659828563197955
1525659837673000960
1525659840600735746
1525659842983370752
1525659844581150720
1525659845365575683
1525659845365481473
1525659845663129600
1525659850923036672
1525659853053743108
1525659857600118786
1525659858481070087
1525659861538820099
1525659866122973185
1525659866957766657
1525659875010674688
1525659880320905218
1525659882048716805
1525659881910452224
1525659882690682880
1525659886931128321
1525659887430156289
1525659888835338241
1525659892010430465
1525659893285408769
1525659893805498369
1525659894124273664
1525659900096851968
1525659905449160704
1525659914017705984
1525659920682651648
1525659927137554432
1525659945001226242
1525659945231962114
1525659946867642368
1525659957374361601
1525659973115596801
1525659976827559937
1525659979830767617
1525659982921969668
1525659984238985217
1525659986071797761
1525659988668063744
1525660005243834368
1525660009576730624
1525660012663779330
1525660019261263873
1525660020473577472
1525660025259188224
1525660034436321280
1525660037472976897
1525660040098627584
1525660050626330625
1525660050408321024
1525660058306101249
1525660062798204929
1525660064371048449
1525660077415288832
1525660083878776836
1525660085640278016
1525660086667968513
1525660087733338112
1525660087917895685
1525660090686222337
1525660097501970434
1525660099984891905
1525660103403196416
1525660114304356352
1525660125708488707
1525660127961001984
1525660133530841088
1525660140938088448
1525660145363341312
1525660147502223361
1525660147963645952
1525660150425608194
1525660162656182274
1525660164392722433
1525660178024218624
1525660184298655746
1525660201864425473
1525660203915657217
1525660210320269312
1525660210790031360
1525660214724370432
1525660215458377729
1525660220155777025
1525660223729459202
1525660228296921089
1525660229303734273
1525660231572799495
1525660233325981696
1525660240313819136
1525660258131095552
1525660259762810880
1525660264833622016
1525660265899077633
1525660278616121344
1525660285184647169
1525660291178037250
1525660297985687552
1525660305715367936
1525660310161457152
1525660310815784965
1525660311092600834
1525660312489402370
1525660316113281025
1525660318147518464
1525660321431568389
1525660340398215168
1525660340633186307
1525660353652064257
1525660358316371970
1525660361172688897
1525660366579109890
1525660368730738689
1525660371847110656
1525660373315203073
1525660374623731713
1525660376565792770
1525660378041946112
1525660380361629696
1525660381154246656
1525660388515250177
1525660399269552128
1525660405221453824
1525660405615452161
1525660413702062082
1525660422099156993
1525660426712793089
1525660434556235777
1525660435499782146
1525660437408276480
1525660439396466690
1525660446191230978
1525660446992527360
1525660450318438400
1525660451207380992
1525660459063468034
1525660464709046272
1525660465711525888
1525660468655837185
1525660471629647873
1525660479233957888
1525660483373629441
1525660484568920064
1525660487966511104
1525660495914704898
1525660496321716224
1525660499915964416
1525660502109540355
1525660512620630016
1525660518865899522
1525660519364972546
1525660524775624705
1525660526621167617
1525660534326050817
1525660542299320322
1525660543188713473
1525660546443386880
1525660551652724736
1525660557294059520
1525660557445046278
1525660561572343809
1525660566211133440
1525660566269870080
1525660573404647425
1525660585098084352
1525660588575186946
1525660589791518723
1525660597035192320
1525660602407976960
1525660605729804288
1525660607994806274
1525660614454292480
1525660616370921473
1525660617054593030
1525660637606686720
1525660639527505920
1525660644518858752
1525660652831879168
1525660655847620608
1525660659819626497
1525660661673406466
1525660664500559872
1525660667486814209
1525660667730067459
1525660670187884544
1525660680568832000
1525660680980168705
1525660683114782720
1525660684650180608
1525660689406255105
1525660690295541760
1525660691897663489
1525660692849872896
1525660702219853825
1525660708905574400
1525660708993609728
1525660716509831171
1525660718758039552
1525660723803992064
1525660724386742274
1525660726026698752
1525660728526458880
1525660729025605633
1525660734700535809
1525660744548859904
1525660745609920513
1525660751649640448
1525660756565450752
1525660758247448582
1525660760688447489
1525660764450734080
1525660767554613248
1525660771040239617
1525660773267144704
1525660774340993024
1525660774504742912
1525660776991805442
1525660782075191296
1525660783870353408
1525660785342660609
1525660787339304960
1525660791046742016
1525660792141520897
1525660795257950213
1525660796205903877
1525660798223323136
1525660808008683520
1525660808277118976
1525660812014235649
1525660819392020480
1525660820008407040
1525660821468102664
1525660821866663936
1525660825033244674
1525660833635831811
1525660839717519361
1525660851885178881
1525660853583892481
1525660856167682048
1525660858163945472
1525660861884506113
1525660862282878976
1525660863201419266
1525660865889959937
1525660868880781312
1525660872127000577
1525660875104960512
1525660876082135042
1525660883589931008
1525660885238403072
1525660893866037251
1525660895652859907
1525660898630717442
1525660904142123008
1525660911045836801
1525660912518152193
1525660913743048704
1525660921321897984
1525660923792351232
1525660927848333312
1525660928091766784
1525660930268442625
1525660933028200449
1525660935364411394
1525660937998712834
1525660938938249217
1525660939613261824
1525660946760445953
1525660948970852362
1525660950719873025
1525660953886572545
1525660965756362752
1525660971573862400
1525660981698912257
1525660985385750531
1525660989743570944
1525660991937290241
1525660996521574400
1525661001965871104
1525661003870093312
1525661006432808963
1525661012187582464
1525661012602527749
1525661015102214145
1525661016486555649
1525661019250434048
1525661020814974977
1525661022807269377
1525661024187187203
1525661027785773056
1525661033200857090
1525661033603469314
1525661045565554688
1525661045905362944
1525661050841989121
1525661057104203777
1525661059473977344
1525661059683688449
1525661066834886656
1525661067745103872
1525661076402094082
1525661076771049472
1525661079187116034
1525661080504131584
1525661080655220736
1525661080928026624
1525661085398867969
1525661087806263296
1525661088502644736
1525661098338287617
1525661099361996800
1525661101513375745
1525661104839528448
1525661108375326721
1525661109981745152
1525661111378399235
1525661113521737729
1525661113827971074
1525661121935450113
1525661124028690432
1525661128558317568
1525661134392594433
1525661138469507072
1525661147055128581
1525661148414103554
1525661150897221633
1525661151505391616
1525661152067346433
1525661151803150336
1525661160162611200
1525661165744963584
1525661167481458689
1525661174871863296
1525661179137380352
1525661188390014978
1525661189673390083
1525661196795449345
1525661201476329473
1525661207134445569
1525661208602365953
1525661219402702849
1525661221617270785
1525661227514482688
1525661227737051136
1525661230077251584
1525661231620755460
1525661233520721921
1525661236205068289
1525661236901425154
1525661236901187585
1525661245013106692
1525661251744976897
1525661252197830656
1525661254643326976
1525661258317500425
1525661266865438726
1525661266802614272
1525661269411258372
1525661269486886916
1525661270640406529
1525661272263606272
1525661279150645249
1525661279154847747
1525661279540723719
1525661286704590850
1525661298175918080
1525661303926185985
1525661306845401089
1525661307420422144
1525661313489330176
1525661314223378433
1525661321026588672
1525661321366224896
1525661340244881408
1525661346053996545
1525661346964160512
1525661349174382592
1525661352617967618
1525661363800096771
1525661368036343809
1525661368183037952
1525661372587069441
1525661379461513217
1525661385442590720
1525661387195920392
1525661399644528641
1525661409564033030
1525661412504358913
1525661412902612992
1525661415440146432
1525661426546683904
1525661436072148997
1525661441201668097
1525661441520451585
1525661448114180096
1525661448747290626
1525661450370437121
1525661469169295361
1525661471912378369
1525661473451782145
1525661474575814658
1525661474793873408
1525661478891552769
1525661483996176384
1525661484134477824
1525661484814159874
1525661488161202176
1525661491973742592
1525661495006224385
1525661499594641410
1525661500811415552
1525661502581231616
1525661507782029312
1525661511082991618
1525661513469796354
1525661522479009793
1525661526446809088
1525661529600827393
1525661530251046912
1525661532985733121
1525661536211111936
1525661536529920002
1525661542108348416
1525661545027579904
1525661550601613312
1525661556385714177
1525661560265482242
1525661562173853697
1525661562198970369
1525661564728115200
1525661566473056256
1525661568029302784
1525661575025156097
1525661586312003587
1525661588245520384
1525661597976383489
1525661599821864961
1525661600249745408
1525661611637321728
1525661618360795140
1525661619593805828
1525661622664036352
1525661622970220545
1525661642297683970
1525661649205706752
1525661656516374530
1525661664208732160
1525661666280722432
1525661675877085184
1525661678892990464
1525661679127867393
1525661690586710017
1525661691174088704
1525661695372304385
1525661695850455040
1525661701944770561
1525661702506921987
1525661707187630080
1525661708613976064
1525661714473164801
1525661718508085250
1525661718801678336
1525661721960013826
1525661723532861441
1525661724527202309
1525661724862554112
1525661727152656384
1525661729358741505
1525661736011018244
1525661744592453636
1525661746765082624
1525661747150848000
1525661747432017922
1525661749399240706
1525661755573211137
1525661757108371459
1525661757489963009
1525661764200738816
1525661769078870019
1525661770924318722
1525661773109637120
1525661773059309568
1525661775290433536
1525661779577249792
1525661780957188097
1525661782983024640
1525661786049064960
1525661788984905729
1525661797688156160
1525661798254493696
1525661800368427010
1525661800385110016
1525661800494161921
1525661800657829889
1525661800800436226
1525661803417567233
1525661813597167616
1525661814473859073
1525661819888717824
1525661823046979590
1525661824967815170
1525661829434949633
1525661830072377345
1525661834564538369
1525661838486249474
1525661839056683008
1525661841615388672
1525661847889842176
1525661848615686144
1525661848347066368
1525661849710379009
1525661852407144449
1525661855045369859
1525661855078834176
1525661857423425537
1525661858602135556
1525661864859996162
1525661873575809029
1525661891078545408
1525661891594428428
1525661894681436160
1525661895218405376
1525661896833105920
1525661905926463488
1525661908627513349
1525661915501973506
1525661920040214529
1525661921046933509
1525661931503239169
1525661933407555586
1525661934426771457
1525661934590230529
1525661940294426624
1525661944245534723
1525661947236077570
1525661949840789504
1525661950310760448
1525661969461542912
1525661977732956160
1525661978198409219
1525661982640197632
1525661989552398344
1525661996150046720
1525662010595213313
1525662011236950016
1525662013241819136
1525662013812359169
1525662018245640194
1525662019374006272
1525662020573487104
1525662030165843969
1525662032414101504
1525662032715972609
1525662032846016513
1525662033122889730
1525662036536983552
1525662039363887104
1525662040098017280
1525662043352838144
1525662044409798656
1525662048687988739
1525662052857036801
1525662054123819009
1525662054316744709
1525662056623505408
1525662058590744576
1525662074835288064
1525662076596895744
1525662076882108417
1525662088164954113
1525662092870701060
1525662093781139456
1525662095550910464
1525662105835282432
1525662120658219008
1525662124827082752
1525662132104310789
1525662132649574400
1525662133555535872
1525662138005696515
1525662145878294529
1525662146641674241
1525662158385733634
1525662158972850177
1525662170721181698
1525662171757129729
1525662174714028034
1525662176874074112
1525662177235021824
1525662183320952834
1525662186571456514
1525662190530875395
1525662194565890049
1525662196243394561
1525662204644696064
1525662212542668801
1525662219765170176
1525662226287210496
1525662227931488257
1525662228921319426
1525662229772779520
1525662230607544320
1525662231739916294
1525662235019853828
1525662235330170880
1525662238090084352
1525662242808930304
1525662246424264707
1525662247388860416
1525662249125261312
1525662250412941312
1525662251901911043
1525662259934121985
1525662268586958848
1525662269601890304
1525662270411354112
1525662272663736320
1525662275947876352
1525662278657400832
1525662278950993920
1525662286114967552
1525662292448256000
1525662293610180609
1525662298052128768
1525662304997715968
1525662308445433857
1525662315026206722
1525662321187618819
1525662322764787712
1525662323137978368
1525662330411008008
1525662336954032128
1525662342373056514
1525662343866236928
1525662350874918912
1525662353932664834
1525662354763132939
1525662354775674882
1525662358529404929
1525662359448338437
1525662360085712897
1525662365689200641
1525662365542404096
1525662367983583232
1525662369392775170
1525662371993493504
1525662372269916160
1525662376611151872
1525662378209202177
1525662381602394114
1525662383347212288
1525662385377161218
1525662391182184449
1525662393879109632
1525662399579185153
1525662401609203712
1525662412787048448
1525662413001043968
1525662419799900160
1525662420219441153
1525662420718366720
1525662425676226563
1525662428528271362
1525662432940769281
1525662433410330625
1525662433657888769
1525662434484183045
1525662440465178625
1525662445989158913
1525662447503298560
1525662452154761216
1525662452775526400
1525662455338258435
1525662455480852481
1525662455996751875
1525662463395778562
1525662465690054657
1525662473562505216
1525662473659068417
1525662478348300291
1525662487361769473
1525662489643458561
1525662490985697280
1525662493904973825
1525662494529884161
1525662495200919554
1525662497721786368
1525662511701409792
1525662537525903360
1525662543133425665
1525662547579486209
1525662558128025600
1525662559818358784
1525662562855145472
1525662564629323777
1525662569348108289
1525662575274430464
1525662577052770304
1525662579011592196
1525662582895517699
1525662601484681217
1525662608090664960
1525662609537744896
1525662613685907457
1525662616764432384
1525662617133531139
1525662642152656898
1525662645034041344
1525662647915622400
1525662655062888448
1525662664772526080
1525662673337483265
1525662674230472705
1525662674096472064
1525662678777200643
1525662680660451328
1525662685253324800
1525662701531410437
1525662702491910144
1525662704068874240
1525662707088752642
1525662709697724417
1525662713145397250
1525662720196067329
1525662721869393920
1525662721903104000
1525662729067196416
1525662731059200000
1525662732019720198
1525662732086759424
1525662734393778177
1525662734813212672
1525662745131089921
1525662745454030849
1525662746582425601
1525662748864090113
1525662749744824321
1525662750436777984
1525662753943392256
1525662756321599489
1525662757583978499
1525662766031425536
1525662767843115008
1525662773031706626
1525662773534896128
1525662774998749185
1525662779641942017
1525662781516693504
1525662797467639809
1525662799191580676
1525662800609267712
1525662805453676545
1525662805847953413
1525662805747064834
1525662808465080320
1525662811774496774
1525662815637213185
1525662830267088898
1525662831361802241
1525662844976611329
1525662846922670080
1525662847740416000
1525662848457838594
1525662852916330499
1525662853373509632
1525662853704912897
1525662854753529859
1525662858872094720
1525662865767776256
1525662870209499137
1525662872042450946
1525662872788951040
1525662878161850369
1525662878220570624
1525662878358986755
1525662881236279297
1525662884474265601
1525662889906180096
1525662891457884166
1525662892082741250
1525662892468580352
1525662894809047041
1525662903516340225
1525662904393076737
1525662907865829376
1525662916346753024
1525662920528605184
1525662920725741574
1525662936190140416
1525662935984521218
1525662942917799936
1525662949666430978
1525662955261644800
1525662961317994496
1525662963385962498
1525662964287565824
1525662973213216768
1525662979055837184
1525662983761838083
1525662989533462530
1525662990040702978
1525662999423651847
1525663004431372289
1525663018020966401
1525663022773059584
1525663024559931392
1525663033913233409
1525663033938395137
1525663036828172288
1525663039395090433
1525663042914107394
1525663058215018498
1525663065139822592
1525663065064083459
1525663073557782528
1525663074979569664
1525663079438200832
1525663082915282944
1525663084714631170
1525663086220390400
1525663086731984898
1525663092620787712
1525663100447375362
1525663101332377604
1525663116973035521
1525663128905818113
1525663136853987329
1525663138598768640
1525663138754007041
1525663144781258754
1525663152167428096
1525663159134068736
1525663160568582145
1525663162971967488
1525663168294535168
1525663171029405697
1525663172849541122
1525663180982059011
1525663182336847872
1525663188938891271
1525663195150557184
1525663195846918144
1525663206496247810
1525663207687434240
1525663226125553665
1525663230303031298
1525663234346340352
1525663238599364609
1525663239895400450
1525663248963575815
1525663249827516417
1525663253501726721
1525663254961434626
1525663255116533764
1525663257402408961
1525663258543202304
1525663262611849217
1525663263282839552
1525663269972635648
1525663272808378369
1525663273227628546
1525663274125205509
1525663275047743488
1525663284858437632
1525663293184040960
1525663301593665537
1525663303506198528
1525663306341658625
1525663317934604290
1525663319952084993
1525663320954527745
1525663326558117888
1525663328281849856
1525663331461177344
1525663344119664641
1525663344278896640
1525663344966893575
1525663344752984066
1525663349312147458
1525663352998899717
1525663355381370881
1525663358728294401
1525663360984829952
1525663361605804034
1525663369042219008
1525663371600666624
1525663390265495553
1525663391100051456
1525663392870150145
1525663412713299969
1525663412851712000
1525663414248427520
1525663420816711683
1525663423903592448
1525663424407126016
1525663433114411009
1525663447781883910
1525663450311041029
1525663465850949633
1525663469760126977
1525663476127080449
1525663476907122689
1525663482611478529
1525663483408293889
1525663486994415617
1525663488407793664
1525663489708249088
1525663491616559104
1525663506237988865
1525663510356713472
1525663523078012929
1525663535392509954
1525663536327929858
1525663543399432194
1525663544959717377
1525663547702661122
1525663551662211072
1525663561296625665
1525663562965913603
1525663564668837889
1525663567181135874
1525663577109045248
1525663578514247685
1525663585359343616
1525663588123385857
1525663588169715712
1525663593605255170
1525663595555610625
1525663599204749312
1525663600790147072
1525663612664168448
1525663613733769218
1525663615310696449
1525663620893249536
1525663635011346432
1525663638991818753
1525663645530734593
1525663648508628992
1525663658977677313
1525663660861005826
1525663661997580290
1525663662349996032
1525663663398469632
1525663667605639168
1525663669006254080
1525663674953879552
1525663675780046848
1525663676488818688
1525663679961784321
1525663683808055296
1525663694406840320
1525663695858241538
1525663699389886464
1525663700144775168
1525663708076187656
1525663710588436480
1525663710987137024
1525663712274550784
1525663718717136897
1525663719807664130
1525663721783275521
1525663723230310400
1525663731476140032
1525663732159987712
1525663733044895745
1525663733992681482
1525663735297228800
1525663743681744897
1525663747250847744
1525663749847191553
1525663758961364993
1525663763134816258
1525663764858785792
1525663767475929088
1525663775768326144
1525663779056500737
1525663780461588481
1525663783137550336
1525663783494078464
1525663785121222659
1525663785788137472
1525663787327848448
1525663787927617537
1525663791819591680
1525663800342589442
1525663805136547841
1525663810547113984
1525663824321433600
1525663826175217666
1525663829094375424
1525663831707504640
1525663834819727364
1525663835117461504
1525663840523935745
1525663840989753344
1525663846270226432
1525663861201829888
1525663861529104387
1525663866851667969
1525663871280721921
1525663873105281026
1525663885541318657
1525663898606739456
1525663900036997120
1525663901832077312
1525663909440589824
1525663909658578945
1525663914624688129
1525663914914197506
1525663916814127104
1525663921754951680
1525663924095537158
1525663925836173313
1525663939400433666
1525663949072605184
1525663958639775745
1525663963068911617
1525663964608319489
1525663965002534916
1525663980664115200
1525663988138254336
1525663989446979584
1525664001262239744
1525664003376177154
1525664014880997376
1525664016332476416
1525664016416264192
1525664017045397504
1525664024976826368
1525664028139347968
1525664032732368896
1525664034258931712
1525664042119057410
1525664043733745666
1525664044283269120
1525664053154131968
1525664057101012993
1525664060494184449
1525664071479136256
1525664071889977344
1525664072422854661
1525664072926040065
1525664077749813248
1525664078445805569
1525664083290116096
1525664083978199041
1525664085525807104
1525664087983767552
1525664090135400448
1525664095248084992
1525664104941232130
1525664106442805249
1525664106618966017
1525664107562684416
1525664107747332096
1525664111526305792
1525664111996153859
1525664122691629058
1525664127229734913
1525664128211238912
1525664129264099328
1525664136688029697
1525664143730216961
1525664144120233984
1525664145252679681
1525664145550594050
1525664157760102402
1525664158628384770
1525664159462981632
1525664162613018625
1525664163284099074
1525664162990399490
1525664169084739586
1525664171051864069
1525664177456545794
1525664181424271366
1525664181978124293
1525664182854623232
1525664192606371840
1525664198969241600
1525664199086682113
1525664201053724672
1525664204220518400
1525664205864828928
1525664206267240453
1525664207651409920
1525664215352082433
1525664215914233856
1525664220909555713
1525664230694916098
1525664231529529345
1525664237934505985
1525664237909168128
1525664243315789825
1525664245068832768
1525664245895028736
1525664247618871297
1525664247882997761
1525664256720523265
1525664258293280768
1525664258880688129
1525664265939689472
1525664266476453889
1525664270712655872
1525664271358914561
1525664272742854656
1525664279684325376
1525664291508060160
1525664295693996034
1525664299322073088
1525664307861671937
1525664313972867073
1525664314773889025
1525664320876593153
1525664325280665600
1525664326950047744
1525664330808557569
1525664334164140033
1525664339432292357
1525664341965537282
1525664353365671942
1525664353244139520
1525664356184248320
1525664356733796352
1525664357547491328
1525664383182983168
1525664385418420225
1525664385745702913
1525664392582406145
1525664394222395392
1525664397875478529
1525664400102805504
1525664407551889408
1525664417702092801
1525664426065551360
1525664428330475520
1525664437306368000
1525664437910310912
1525664439214944256
1525664444872810496
1525664445111869440
1525664451768328198
1525664454830002176
1525664455056580609
1525664459724824576
1525664461268439041
1525664461335498752
1525664461830426626
1525664462618779649
1525664469183078402
1525664473612050432
1525664487650508801
1525664488317497344
1525664491249205248
1525664493799452673
1525664494776721410
1525664505069375488
1525664505660940290
1525664507061846016
1525664509897101312
1525664512421990400
1525664516067012609
1525664523750875137
1525664533385289730
1525664533544681475
1525664537508192256
1525664539349762050
1525664545058000896
1525664547616526336
1525664549432606720
1525664557456363520
1525664558979104769
1525664560820236288
1525664562065940480
1525664563726897152
1525664569649135617
1525664570303565824
1525664572526452738
1525664575412129793
1525664575475318785
1525664585444909056
1525664590306152449
1525664594173231104
1525664598040494081
1525664603832733696
1525664604688244738
1525664609566621704
1525664610296049664
1525664613164994560
1525664614901481472
1525664620022796289
1525664621344038912
1525664625785724929
1525664630672007168
1525664643011715074
1525664649957494786
1525664652197240832
1525664657263960065
1525664661424816129
1525664662267875328
1525664662410481665
1525664671147106305
1525664677195292673
1525664678327771136
1525664678319357952
1525664679321866240
1525664681456705538
1525664688054345729
1525664691544276992
1525664707964612608
1525664717557026817
1525664719717249024
1525664721441005571
1525664723252879360
1525664724167311360
1525664732190937088
1525664733457694720
1525664734749593600
1525664739686490112
1525664742915833859
1525664748892585985
1525664757650530305
1525664760926175239
1525664762415271943
1525664763237347330
1525664765334327297
1525664777661472768
1525664778374393858
1525664787081854978
1525664789678247936
1525664789669761025
1525664799367077888
1525664810213552132
1525664819369676802
1525664821164789760
1525664823492726784
1525664829167607809
1525664829389819905
1525664831805829120
1525664833009553410
1525664846397718529
1525664856531165185
1525664858188001280
1525664859207213056
1525664859773362176
1525664867700588547
1525664872121475073
1525664876508618759
1525664877443964930
1525664882196086786
1525664883747868672
1525664885639634944
1525664886948302851
1525664888814817280
1525664898528731138
1525664901405954048
1525664908116885507
1525664911598264320
1525664913020035072
1525664917155725312
1525664918975963136
1525664920565559296
1525664921018589185
1525664929788973062
1525664931764482048
1525664933391781888
1525664939792388097
1525664940056629253
1525664941813940226
1525664946830381056
1525664948172505088
1525664949145681920
1525664950265446400
1525664959186731008
1525664959341936640
1525664959899770880
1525664961489510401
1525664963108511746
1525664964362612738
1525664965213888512
1525664968623812608
1525664976987377664
1525664993546489858
1525664995454894080
1525664996490940417
1525664996792868870
1525665001989722118
1525665009115750401
1525665011900858369
1525665012613791744
1525665022176796673
1525665022370021376
1525665022608674816
1525665034403483648
1525665038228258816
1525665038538874880
1525665041093390336
1525665041613303809
1525665054154436609
1525665054905012224
1525665055810912256
1525665055890620416
1525665058516348929
1525665067664015366
1525665068297269248
1525665077596143616
1525665077747142657
1525665083166101505
1525665088618868739
1525665094302056450
1525665100648296448
1525665103953031169
1525665108797554689
1525665109346877441
1525665115584045057
1525665117819613184
1525665127751909377
1525665129307717632
1525665135033040896
1525665136220033024
1525665138195300357
1525665142339510274
1525665148412764161
1525665148706250752
1525665160383307776
1525665160689381376
1525665165189992448
1525665169988280320
1525665170227400704
1525665176393072642
1525665176854450177
1525665178033041408
1525665187717521408
1525665195770511360
1525665205799243776
1525665208299143169
1525665211860017155
1525665215383162881
1525665219350913024
1525665227899121664
1525665233179529217
1525665235595452417
1525665235830337536
1525665242671374336
1525665243258560512
1525665243694776320
1525665250820907009
1525665251970019329
1525665254155378688
1525665257334661123
1525665261356888064
1525665270001373184
1525665288477368321
1525665300989067264
1525665305095192576
1525665308236709889
1525665309729906690
1525665310833000449
1525665317439127553
1525665320706445313
1525665324862955521
1525665329086619648
1525665329879388162
1525665329929670657
1525665329992454145
1525665335256424449
1525665338775547905
1525665344559407106
1525665349517160448
1525665352130015232
1525665354835451904
1525665365522513920
1525665365208231937
1525665365866319874
1525665366566793216
1525665373789601793
1525665394203234304
1525665398028488704
1525665400150802432
1525665401488789508
1525665413127884801
1525665418106519553
1525665418962079745
1525665422561153026
1525665422766481409
1525665436037066753
1525665440239734785
1525665441128992768
1525665441833697280
1525665445017272320
1525665448305516545
1525665450566238209
1525665456069263360
1525665471470632960
1525665480115200000
1525665482321195013
1525665483361501184
1525665492026855426
1525665493281021955
1525665495147585542
1525665498196762624
1525665501887795200
1525665502332321793
1525665502755971077
1525665503636865025
1525665507113938946
1525665519873007618
1525665541066735618
1525665549941977089
1525665550004850691
1525665550071914496
1525665550101274625
1525665550189350914
1525665550201937926
1525665550030061574
1525665550223003649
1525665550273323009
1525665550252244992
1525665550260703232
1525665550227087367
1525665550357213192
1525665550336131072
1525665550428426241
1525665550474653696
1525665551661547520
1525665552269824001
1525665559001571331
1525665563036491776
1525665564643196928
1525665565079224320
1525665565272047622
1525665571614117889
1525665572343652354
1525665573761339393
1525665574147203073
1525665579348238337
1525665582942924800
1525665588642779139
1525665595794116608
1525665596100288512
1525665598138621952
1525665599606640640
1525665600193839105
1525665608960024577
1525665612055433216
1525665614861598720
1525665618489401344
1525665618589982720
1525665624831188994
1525665625888243713
1525665629864448000
1525665643508506624
1525665647463645186
1525665650223742976
1525665653448794112
1525665663397900291
1525665670154833920
1525665670972821504
1525665671362879488
1525665673061572609
1525665675489976321
1525665677255880706
1525665685522849792
1525665686416240641
1525665689893277696
1525665696037842944
1525665702602063873
1525665708151291904
1525665708142579712
1525665708457205762
1525665708700536833
1525665712903053314
1525665718729166853
1525665720310419457
1525665726039789574
1525665728120102913
1525665728040427521
1525665728757739521
1525665730750038016
1525665731576320001
1525665733006401536
1525665733417508864
1525665735803928578
1525665739297984512
1525665739918786561
1525665740258516992
1525665740161835009
1525665753025990656
1525665753604800513
1525665758596014081
1525665762567856129
1525665769274716160
1525665769878564864
1525665775968608256
1525665794151038976
1525665796986286082
1525665800832659457
1525665801793163266
1525665805299773440
1525665807082070016
1525665815584026624
1525665817903484933
1525665822793940992
1525665827550334976
1525665829559451649
1525665831635517440
1525665839772573696
1525665842255495168
1525665848584818689
1525665857795407872
1525665861297750018
1525665865856962562
1525665865793998848
1525665868012785664
1525665868063047680
1525665875612901376
1525665875801608192
1525665882914992128
1525665884961898497
1525665888338333698
1525665900707336192
1525665903480025088
1525665904218054659
1525665908731088896
1525665911469907968
1525665912908652544
1525665915718754304
1525665924099059712
1525665927282425858
1525665927429246977
1525665928003960832
1525665928372887552
1525665934093914112
1525665934748356608
1525665940532338689
1525665952611848194
1525665957003288577
1525665960564334594
1525665965664571392
1525665976225738753
1525665976666230786
1525665981309235200
1525665986590167040
1525665988905250816
1525665996245278721
1525665996681498624
1525665998338244608
1525666000628228098
1525666000988999682
1525666002557599745
1525666004319100929
1525666006886137856
1525666008610004999
1525666016080154624
1525666026288979969
1525666027257724928
1525666030202281986
1525666031485734912
1525666033402626049
1525666039719157765
1525666041799614464
1525666058723635201
1525666076222169089
1525666080689033217
1525666084510212098
1525666085948768263
1525666091418140682
1525666092026580992
1525666095410991105
1525666097567252480
1525666098544271360
1525666098594598913
1525666106211454976
1525666109726281728
1525666110888091649
1525666114973405184
1525666116630106112
1525666120224714754
1525666121017397248
1525666125866057728
1525666132316782595
1525666141242277888
1525666151136739329
1525666151694356481
1525666153321967616
1525666154731143168
1525666157025546241
1525666159764324352
1525666176759742467
1525666181931319296
1525666196581924867
1525666197785972736
1525666199782273028
1525666200889569281
1525666203238285313
1525666206304415744
1525666213086367744
1525666215460413440
1525666215800324096
1525666218333569029
1525666224083968005
1525666228584562688
1525666231583657984
1525666245852413953
1525666246250962945
1525666249786593281
1525666266421280768
1525666271555108864
1525666273383723009
1525666275988480001
1525666277859139585
1525666280757510144
1525666282166972417
1525666285928996866
1525666306925674497
1525666311862464512
1525666330128490496
1525666352266199041
1525666356179484676
1525666359740616704
1525666360323452929
1525666362244341760
1525666367957094405
1525666372252049409
1525666375997472768
1525666380439293956
1525666381013958656
1525666382427443201
1525666384226799616
1525666386227482625
1525666394658033667
1525666413259763713
1525666417667805185
1525666418770911232
1525666425570004992
1525666435145531392
1525666436550692864
1525666447627780096
1525666448223391744
1525666453848051715
1525666456926666752
1525666459317415936
1525666460953198595
1525666464564486144
1525666467617775616
1525666475050254337
1525666475524116480
1525666476547526657
1525666482398670849
1525666482872799238
1525666483967299584
1525666489285562368
1525666489239584768
1525666494385881088
1525666494939545601
1525666495321317379
1525666497527525376
1525666503168753665
1525666505253392384
1525666513931362305
1525666527491530752
1525666529257623557
1525666534298746881
1525666540670095360
1525666541844430848
1525666542389760002
1525666547599122432
1525666555249451008
1525666557094989824
1525666566720958465
1525666571896619010
1525666572848832512
1525666577567436801
1525666579110936582
1525666580864057345
1525666584232185857
1525666588887859202
1525666590267559938
1525666591538552837
1525666592327192576
1525666593619025920
1525666604427534337
1525666604637356034
1525666608114696193
1525666617086156800
1525666620210720768
1525666627907624960
1525666628439904256
1525666648266575872
1525666652477612032
1525666653203464193
1525666660618747904
1525666661721772032
1525666665404329984
1525666665404448769
1525666668101263360
1525666670328836097
1525666671368732674
1525666673340071937
1525666689484042244
1525666694835806210
1525666696224198656
1525666709495070720
1525666710476378112
1525666722405093378
1525666724535738368
1525666724447657990
1525666728696590337
1525666733058666496
1525666733910118401
1525666734413295617
1525666735050723328
1525666745633353729
1525666751840763909
1525666761969963008
1525666763765071872
1525666764771708936
1525666765455360000
1525666770245263360
1525666770266345474
1525666773592330240
1525666775567835137
1525666776935288836
1525666778101305344
1525666780299112451
1525666782685671424
1525666785059643392
1525666786363990016
1525666786775031813
1525666791955247104
1525666793267814403
1525666794408759298
1525666800851210240
1525666820304297985
1525666828600676354
1525666829028532225
1525666829661884416
1525666831796772869
1525666834644619264
1525666835005423616
1525666839262547968
1525666844765573121
1525666846271229952
1525666844262137856
1525666851073581058
1525666854450118656
1525666871475056640
1525666874729672704
1525666876440948736
1525666878537998337
1525666878705762304
1525666884753948673
1525666891603365894
1525666896053424128
1525666901040431104
1525666906920865793
1525666908946718720
1525666921252798464
1525666923744493568
1525666924667224067
1525666925543575553
1525666932904472576
1525666933995188226
1525666940546560000
1525666940781461505
1525666941020405760
1525666942966632448
1525666944199888899
1525666949748826114
1525666953125318656
1525666953163157507
1525666955591569408
1525666961803337728
1525666963921457152
1525666964500320256
1525666964718354432
1525666965926383618
1525666965854924801
1525666974780387328
1525666978224021504
1525666978689650689
1525666978677022723
1525666979054555142
1525666980757241856
1525666985274535936
1525666985870237705
1525666989825458182
1525666993550114816
1525666994216914949
1525666995554947073
1525666999853928448
1525667010646089729
1525667023585325056
1525667026676731904
1525667035543478272
1525667035757543424
1525667036889862146
1525667038865260544
1525667040509366272
1525667043059675142
1525667053763448833
1525667056401661953
1525667060780613640
1525667062948978688
1525667065624834049
1525667067864702979
1525667069466923010
1525667074059689985
1525667083006132224
1525667086198095872
1525667091361067008
1525667098818711552
1525667103776608256
1525667106481745920
1525667113809199104
1525667114366816257
1525667115004399619
1525667120813641730
1525667127386066944
1525667127419707397
1525667128455708672
1525667129751633920
1525667132222095360
1525667149339328512
1525667149951508480
1525667154560962563
1525667155789897728
1525667156716830721
1525667157274664962
1525667158218444802
1525667160970117121
1525667163700273154
1525667179097575424
1525667183472177152
1525667193609850880
1525667196411777026
1525667197816823819
1525667202191577088
1525667209170894848
1525667211188264972
1525667211947515904
1525667212052209664
1525667215625924609
1525667217676771329
1525667221070131200
1525667237683552256
1525667238946086917
1525667248890859520
1525667249268441091
1525667249213825026
1525667249784233987
1525667250941923329
1525667253655568384
1525667254498742272
1525667254909562880
1525667259787755520
1525667266121150464
1525667266020290564
1525667269543571456
1525667277651443713
1525667280507502593
1525667284072681474
1525667284634804226
1525667287381987330
1525667294160244736
1525667301726502913
1525667308806385665
1525667308928405504
1525667310106816512
1525667310807224320
1525667327827759104
1525667343682023425
1525667345515139074
1525667345104089088
1525667356109832193
1525667357775040512
1525667363609366528
1525667366104879104
1525667373235175424
1525667382043127809
1525667383964323841
1525667387244158976
1525667390029189120
1525667392726224896
1525667392591867904
1525667397432229888
1525667402205339653
1525667414398095361
1525667416470179840
1525667428817985536
1525667432735571968
1525667435025780736
1525667438930427904
1525667439031222275
1525667442030018560
1525667442776850433
1525667445255569409
1525667449835704320
1525667450980663297
1525667463764901888
1525667474099818496
1525667474087239680
1525667476238790661
1525667476876406784
1525667477459546112
1525667480621957120
1525667480789737472
1525667482060460032
1525667497550221314
1525667506777628672
1525667511965995009
1525667512620400642
1525667513983451136
1525667516785299456
1525667523001212929
1525667523647131648
1525667526818283520
1525667528378310662
1525667534812286976
1525667537547051008
1525667540030177280
1525667542492135426
1525667549702238209
1525667551686139905
1525667553577779202
1525667565132992512
1525667568257835010
1525667568790429703
1525667577975910400
1525667581348151297
1525667581608304640
1525667582149332994
1525667591628390401
1525667596250619905
1525667596682596352
1525667609441615875
1525667614256676864
1525667615284264960
1525667622326607872
1525667627036573696
1525667628114747393
1525667633835741187
1525667637765754880
1525667643553890306
1525667654069002240
1525667657130725376
1525667659131498499
1525667660306034688
1525667662143135745
1525667662298161152
1525667662675812352
1525667670334513153
1525667672192495616
1525667674000224256
1525667677859155969
1525667678433816579
1525667678588964864
1525667679167815681
1525667689418657793
1525667690576486400
1525667692908204032
1525667695684988929
1525667696687423490
1525667696905535488
1525667699199819776
1525667701913440256
1525667703746347008
1525667707936559104
1525667708322230273
1525667708473380867
1525667709526097921
1525667716178264064
1525667717226840065
1525667722188701698
1525667722717040641
1525667723778441217
1525667732217286657
1525667733139910656
1525667735845236736
1525667737183428608
1525667738211205121
1525667740316573698
1525667741386084352
1525667743651008513
1525667745228017665
1525667760491077632
1525667761854156801
1525667761988505601
1525667763594870784
1525667763515031552
1525667763754348544
1525667772063268864
1525667772734242816
1525667774093312000
1525667777071173634
1525667777457139713
1525667781500407809
1525667781970206721
1525667794154577920
1525667794339119104
1525667808008359942
1525667810747228160
1525667811376238592
1525667819135741952
1525667826576412672
1525667826937212928
1525667831328788482
1525667835057426433
1525667835065913345
1525667836131266561
1525667840895901696
1525667853487288321
1525667854917459968
1525667856121311233
1525667858717474820
1525667859015270400
1525667862962225152
1525667865139060737
1525667870792749056
1525667871472242688
1525667880146288640
1525667882851368962
1525667883573030913
1525667886270148608
1525667886202773504
1525667897250652160
1525667898609373184
1525667900664823809
1525667910588456960
1525667916074606593
1525667917995642880
1525667922009546752
1525667929664126977
1525667933271343104
1525667935888498691
1525667940489695233
1525667948718858240
1525667954926288897
1525667955400400897
1525667965533933569
1525667966938906624
1525667967052173314
1525667969556434944
1525667971183550464
1525667972311724032
1525667973830266881
1525667976791199744
1525667991114891266
1525668002468855808
1525668002766675968
1525668004947709954
1525668007632150531
1525668008005226501
1525668015278284800
1525668034144350209
1525668036174225408
1525668037759844352
1525668037923377153
1525668040406360064
1525668045213118465
1525668045741510656
1525668051860979714
1525668053832327168
1525668056894164993
1525668057011703812
1525668061688504320
1525668065505120256
1525668066423623681
1525668068504088577
1525668069770612738
1525668070437621760
1525668071125434368
1525668072945815553
1525668075114217472
1525668079371440129
1525668081678397440
1525668089622368257
1525668099994812422
1525668102796627970
1525668104117932032
1525668107276062720
1525668109696245761
1525668110900121601
1525668121725521920
1525668122816000000
1525668127417290752
1525668131921874945
1525668133696159744
1525668135868715010
1525668165564387328
1525668172891758592
1525668174808633346
1525668175853002752
1525668176796782592
1525668179862769664
1525668183201415168
1525668183830675461
1525668182861795328
1525668185621544962
1525668188574339072
1525668193527685121
1525668200024883202
1525668203099492352
1525668205301096449
1525668213589266433
1525668220887355394
1525668225265983488
1525668228789243906
1525668233331806210
1525668234518794240
1525668234560786433
1525668236812988417
1525668237123506176
1525668239455682560
1525668244069265408
1525668244773687296
1525668248070639617
1525668249345462272
1525668253649055744
1525668274016493569
1525668277816635392
1525668287840980992
1525668288432246789
1525668296724471809
1525668298020376577
1525668299782103040
1525668306912518150
1525668314835476482
1525668315280158720
1525668316840345600
1525668327355559936
1525668328701935616
1525668341620297728
1525668350738800641
1525668359827775488
1525668367117467649
1525668369738899456
1525668374650490880
1525668384213458944
1525668388130914304
1525668409416921088
1525668440043921410
1525668441902010369
1525668444162740224
1525668447195119616
1525668451272085504
1525668452304035840
1525668456657395712
1525668456833622018
1525668462793830400
1525668474172887042
1525668484658647041
1525668485409296384
1525668498785112064
1525668500706050049
1525668506099806209
1525668506808852482
1525668509614649344
1525668511883833344
1525668514534567937
1525668516027850752
1525668517252861953
1525668524580126720
1525668530208776197
1525668531613876225
1525668535447478274
1525668535552421889
1525668539943763968
1525668544284868609
1525668546524721152
1525668548600860672
1525668549426966528
1525668557417287682
1525668573380857856
1525668574949515264
1525668575880544256
1525668577973526532
1525668583572967430
1525668591407800320
1525668595560288258
1525668597770510337
1525668598173184005
1525668598810677249
1525668599347691521
1525668604163006465
1525668606322921474
1525668607111286785
1525668614149668864
1525668614279467008
1525668617626562562
1525668620985982978
1525668627965419523
1525668627902504960
1525668629798346752
1525668630343651328
1525668635238354946
1525668646072336385
1525668647217385475
1525668650161684480
1525668652565073920
1525668653336825856
1525668655060889600
1525668661486186496
1525668667496796168
1525668673024839680
1525668677621882881
1525668682814349314
1525668694654865411
1525668701458030592
1525668705023143936
1525668705925058561
1525668712820486145
1525668715005501440
1525668727718658049
1525668733183676416
1525668735184519168
1525668735570296832
1525668737629802498
1525668743598194688
1525668752678871041
1525668756315324416
1525668765337325568
1525668773763727360
1525668777962405890
1525668778067243008
1525668781028147201
1525668783507001344
1525668783624437760
1525668785503731712
1525668789064540164
1525668792780881920
1525668799533416449
1525668809813934080
1525668810237562880
1525668810413555712
1525668811084640256
1525668814976716801
1525668817887707138
1525668818244227074
1525668819368300544
1525668825730908160
1525668826007805952
1525668830520950791
1525668831158579200
1525668834362925056
1525668840847331328
1525668843947016194
1525668845452767232
1525668846962880512
1525668851811491840
1525668853979795458
1525668854432600064
1525668854604742656
1525668864146788352
1525668865530896384
1525668874477309953
1525668877832683523
1525668879049146368
1525668881850765312
1525668883490869249
1525668886108053504
1525668892206858246
1525668901660532736
1525668902998523904
1525668904026374144
1525668905993195520
1525668909520666624
1525668910917378049
1525668916667764741
1525668923516985345
1525668925648011264
1525668929124835329
1525668930265677824
1525668935592550402
1525668938620739585
1525668947017838593
1525668952109629440
1525668952562597889
1525668956463419393
1525668956991672321
1525668958711566338
1525668959726411776
1525668960200445953
1525668961676939265
1525668962456854528
1525668964302569474
1525668967234273282
1525668968333287424
1525668968324665346
1525668968416956416
1525668970040332290
1525668974918238208
1525668975429967873
1525668977615069184
1525668978646974464
1525668983827009536
1525668986876309505
1525668988495224832
1525668994241503232
1525668999102611457
1525669006551695361
1525669009676709888
1525669009722683392
1525669011522039809
1525669012809596928
1525669021634416641
1525669030237024258
1525669032745213953
1525669032959086592
1525669039615401989
1525669045210599426
1525669048415051777
1525669057671753728
1525669069403443200
1525669070057910274
1525669072838578176
1525669074042331136
1525669074658893824
1525669077263450113
1525669077737426945
1525669080971231234
1525669081160077313
1525669082229395456
1525669084980994050
1525669087489277952
1525669098285600768
1525669100009185280
1525669100407644162
1525669109308047361
1525669118694674433
1525669124424228866
1525669125221142528
1525669128190644224
1525669130103410690
1525669130115981313
1525669130510254081
1525669133337108481
1525669134532587520
1525669138546495489
1525669146632912896
1525669148902187009
1525669153113350145
1525669154036109312
1525669154799468544
1525669159853490177
1525669168644775936
1525669169437749248
1525669171853500418
1525669171920510977
1525669179214417921
1525669180191784961
1525669182188269570
1525669182301413376
1525669188131426305
1525669190996316162
1525669194410381315
1525669199279964163
1525669204766113793
1525669205089165312
1525669223489425408
1525669223988617216
1525669235153854465
1525669235560693762
1525669236013535232
1525669237636972546
1525669239222312961
1525669239817895936
1525669246499401728
1525669249724862469
1525669270927159302
1525669271220760577
1525669271539441664
1525669280544530432
1525669281480036352
1525669305077141508
1525669306515734528
1525669309619523584
1525669313608396801
1525669324303872007
1525669330540711937
1525669331945803776
1525669334697361410
1525669344314904576
1525669346315468800
1525669349461266432
1525669352661467137
1525669355199115269
1525669358252736512
1525669358231592962
1525669361490575361
1525669375377801216
1525669380759101440
1525669382181072896
1525669384219414528
1525669386702532608
1525669393832747008
1525669394398986240
1525669401143431169
1525669401256673280
1525669401600614403
1525669403769069568
1525669406541758464
1525669407216787456
1525669407556526080
1525669415185956864
1525669415374692352
1525669417085984768
1525669417576808449
1525669426120507392
1525669427752075264
1525669428674891777
1525669429211807744
1525669429387874304
1525669434135814144
1525669438481125377
1525669439424839682
1525669442063155201
1525669451466788867
1525669451546370049
1525669453689630720
1525669458823495682
1525669460882989057
1525669461818228740
1525669466754908160
1525669472610095104
1525669474212499457
1525669477307797504
1525669480491364353
1525669482362032128
1525669484144513024
1525669484526292995
1525669485549608961
1525669492612661248
1525669492558286850
1525669493082554369
1525669493434875910
1525669495162908673
1525669496878415872
1525669508270129153
1525669509268381698
1525669511210356736
1525669512644907008
1525669514628763649
1525669526762930179
1525669538251022336
1525669553283268608
1525669554755706881
1525669558169788419
1525669561135251458
1525669566327803904
1525669567875399682
1525669571851603968
1525669577975160832
1525669585130864640
1525669587815174144
1525669592147845120
1525669592760295425
1525669602793263104
1525669608253964289
1525669608597901313
1525669617292779520
1525669620006670336
1525669620396466178
1525669623697485825
1525669628776697861
1525669629993033730
1525669631050108928
1525669631222071297
1525669634032148481
1525669634405441537
1525669637723000837
1525669641124978689
1525669646820589570
1525669652445151236
1525669654517137409
1525669669906030598
1525669677376098305
1525669678181384194
1525669686221885440
1525669687153262592
1525669689359212544
1525669693046067201
1525669700969148416
1525669708078383104
1525669712713207809
1525669715863011328
1525669716483776513
1525669716559290369
1525669722368245761
1525669726709551104
1525669728185982977
1525669734435504129
1525669735291142145
1525669736998178818
1525669737639952384
1525669743885438978
1525669745273479170
1525669752563195906
1525669757663514624
1525669759295143936
1525669764206432256
1525669764584001538
1525669769671737345
1525669769999007747
1525669773543100417
1525669779431907329
1525669782523084801
1525669793512177666
1525669794850152448
1525669801095532546
1525669804350361601
1525669805520732161
1525669806397063168
1525669810415321088
1525669812080365568
1525669815674863616
1525669818573197313
1525669819546312704
1525669826034810880
1525669828731752448
1525669834444374016
1525669834532368385
1525669835543576576
1525669836013113344
1525669837812424706
1525669839427231747
1525669844603084801
1525669846247170048
1525669847052562432
1525669847572824065
1525669850760232960
1525669851527782400
1525669854057058306
1525669869336686592
1525669877414998016
1525669881689038848
1525669884297977858
1525669891113684992
1525669891528851456
1525669897661030406
1525669903407128577
1525669905651093504
1525669910290042880
1525669910868901889
1525669911359459328
1525669917273559040
1525669926387822592
1525669930464595971
1525669934671568896
1525669935044870144
1525669935535362048
1525669947531268098
1525669953428496384
1525669958461575169
1525669959552143360
1525669962089906176
1525669976300044289
1525669984185221121
1525669985825304576
1525669989461569538
1525669996126359552
1525669996453666816
1525670000345980928
1525670002673721344
1525670006800924672
1525670008176640001
1525670010810679298
1525670024404512768
1525670027311075328
1525670028036608002
1525670031413100544
1525670039155785733
1525670041844334594
1525670049108959232
1525670060181929984
1525670060878086144
1525670062866169857
1525670063986155521
1525670064204259328
1525670071783370753
1525670073154916353
1525670073435815936
1525670074148917248
1525670074044096513
1525670083409989633
1525670094478594048
1525670101705314309
1525670102733312000
1525670105199542273
1525670107732664320
1525670109158596609
1525670113701244928
1525670121670320128
1525670129840930818
1525670130654531585
1525670131300548609
1525670144810393600
1525670147872129026
1525670148392177665
1525670151147986945
1525670152414584833
1525670154452992000
1525670158857035777
1525670161151164416
1525670162422448128
1525670165722976258
1525670166855446528
1525670168948514817
1525670173964914688
1525670175776841730
1525670185180463104
1525670188603035648
1525670189328637953
1525670191035830273
1525670191211880449
1525670195175514114
1525670195003539456
1525670196706430976
1525670198069665792
1525670205716074496
1525670205707403264
1525670209037774848
1525670209180389376
1525670212019838976
1525670214398103552
1525670220525932544
1525670222837039104
1525670223638056961
1525670255766294528
1525670258391928832
1525670258857623552
1525670261206536197
1525670262892544001
1525670263936823297
1525670274477490176
1525670279304949761
1525670280928145408
1525670288364515331
1525670296228966400
1525670298384846850
1525670298674151424
1525670298984628224
1525670299773149184
1525670312804769793
1525670316969631744
1525670320300244993
1525670329124798464
1525670331310039040
1525670336246730754
1525670338390290433
1525670338352259072
1525670338893422595
1525670344249458688
1525670349186154496
1525670350591500290
1525670351551733760
1525670353669963776
1525670356681248770
1525670359428734979
1525670360468934657
1525670363098669058
1525670367796379648
1525670380379131905
1525670387647819776
1525670388541407233
1525670401719795713
1525670406664904704
1525670411924561920
1525670416110567424
1525670417603497985
1525670418803150850
1525670419981914113
1525670421445627904
1525670425597911042
1525670426990485509
1525670428856963072
1525670429792378880
1525670436972929024
1525670437425975298
1525670439850323968
1525670440634654720
1525670440957579264
1525670441397981184
1525670443885240320
1525670446766628865
1525670454337339393
1525670468212105217
1525670471152373760
1525670472616140800
1525670473656373248
1525670477057904641
1525670479398424577
1525670485228408832
1525670490186174465
1525670494074073088
1525670500038582272
1525670515339366400
1525670516614365185
1525670520481513478
1525670524793364482
1525670536482893824
1525670543722262529
1525670547883012098
1525670550709870595
1525670552085602304
1525670553927004161
1525670558116900869
1525670561426325504
1525670561829068800
1525670566216314880
1525670570154663936
1525670570637017088
1525670571232489473
1525670572356780035
1525670576001585158
1525670580535537664
1525670581290795008
1525670585715634176
1525670585778311168
1525670599179239424
1525670600206737409
1525670603084431362
1525670606855114754
1525670607806947329
1525670609425944576
1525670611049226240
1525670612961722368
1525670615390113792
1525670616493350912
1525670616644210688
1525670618397564928
1525670620331409409
1525670627528495105
1525670628791132160
1525670645496938497
1525670651524173826
1525670653994541057
1525670659535294467
1525670661150101506
1525670664262369280
1525670671761686530
1525670675637276673
1525670682109087750
1525670682268295169
1525670682847506432
1525670692699643905
1525670692984958977
1525670693282643968
1525670704124936192
1525670704930234369
1525670710198382592
1525670714040360960
1525670724161179650
1525670724752523267
1525670731773771778
1525670733598572544
1525670735829643265
1525670738371522561
1525670738807730176
1525670746709704705
1525670747246579712
1525670748731363329
1525670750329479168
1525670751050809345
1525670751776280577
1525670753701486592
1525670756071264257
1525670756407033856
1525670773238554625
1525670777026097153
1525670777550430208
1525670786463326215
1525670792532467716
1525670792691953665
1525670804016533504
1525670805526421507
1525670810169622529
1525670811310469121
1525670813172645889
1525670822593036288
1525670827622117376
1525670828792160256
1525670829760995328
1525670832432893952
1525670834723262464
1525670838850179073
1525670840225996800
1525670842830667776
1525670845342957568
1525670854067093505
1525670855589695489
1525670879291752448
1525670887180996608
1525670888179482626
1525670893120266241
1525670900024102912
1525670901877944320
1525670906328236032
1525670906449649664
1525670914238472192
1525670917090725888
1525670919594713088
1525670923671687170
1525670923839340544
1525670929824636929
1525670931011624960
1525670932307664896
1525670935558119424
1525670950628466691
1525670952154980352
1525670952142610432
1525670953459634177
1525670956429197317
1525670957964304386
1525670965870333953
1525670973659402241
1525670977513959426
1525670980651143168
1525670986732929024
1525670988083408897
1525670996010729472
1525671009516412928
1525671011240136704
1525671014444634112
1525671018877972481
1525671031347810305
1525671031280529409
1525671033071620098
1525671036943060992
1525671037542838277
1525671043469299712
1525671050247254017
1525671052080304128
1525671055456620544
1525671056983216129
1525671069524406273
1525671081209634822
1525671087618461697
1525671087824154624
1525671088331468800
1525671091439648768
1525671093943472128
1525671093985366017
1525671095281471488
1525671102026072065
1525671107877126144
1525671109873778689
1525671110347481090
1525671111333232640
1525671116450193408
1525671117213638657
1525671120506060801
1525671120786976768
1525671123404333057
1525671128152547329
1525671130719305729
1525671131381784576
1525671134208851970
1525671136243097600
1525671150042288130
1525671153406296064
1525671155331321857
1525671158082899968
1525671159257251841
1525671159559344129
1525671161387884545
1525671167926976512
1525671170019840000
1525671181285838856
1525671184213364736
1525671195739361281
1525671196565577729
1525671197958094848
1525671203209457664
1525671215347773440
1525671218933813248
1525671219231481857
1525671223765745665
1525671229155328000
1525671230430396417
1525671230568902656
1525671239846711300
1525671245315985408
1525671261766131712
1525671262529331201
1525671262256738304
1525671264211374080
1525671264920150022
1525671265004138497
1525671268917420033
1525671269793865728
1525671270494490626
1525671279054962688
1525671292472532993
1525671293886074881
1525671297207902208
1525671297556021248
1525671298374017032
1525671309618782208
1525671321857708032
1525671334780477440
1525671334554083328
1525671335258636288
1525671336877494274
1525671339742437376
1525671345983475712
1525671350022864896
1525671358167928832
1525671362693853184
1525671364652421120
1525671364925222914
1525671385976160256
1525671388606042115
1525671397401444353
1525671399255416832
1525671400585015296
1525671402723913728
1525671403134996480
1525671406729498625
1525671412601655297
1525671420302344192
1525671425608232962
1525671426279321601
1525671428414132224
1525671428455927808
1525671431933026304
1525671433233387522
1525671433384370177
1525671437155147777
1525671439289962496
1525671442095955968
1525671447653494784
1525671452959076353
1525671461532336129
1525671474928963586
1525671487843143680
1525671488354926592
1525671498039566337
1525671498714820608
1525671499989929984
1525671506914996224
1525671507858313218
1525671509469044737
1525671512300199938
1525671512870596608
1525671520407678976
1525671521984782337
1525671523419406337
1525671523582869506
1525671527424724992
1525671528221876225
1525671536400662530
1525671537868783616
1525671545741385728
1525671547683364865
1525671558865473537
1525671571225968640
1525671579400675328
1525671579593625600
1525671584035381249
1525671584979202049
1525671589412753408
1525671591174103042
1525671599663419393
1525671606382649344
1525671612351139840
1525671613181571072
1525671615740399616
1525671619447988225
1525671622958534662
1525671624296370177
1525671627975020544
1525671633561825280
1525671636464173057
1525671644697591808
1525671645297315843
1525671647004479488
1525671648690569216
1525671650011729920
1525671656303247362
1525671666759745538
1525671669980753922
1525671671272972288
1525671671956492289
1525671685344874496
1525671685730750464
1525671689144745987
1525671695515803649
1525671716952891392
1525671718748053505
1525671719104659456
1525671719695966208
1525671725156950016
1525671726671077377
1525671729498038277
1525671735046967297
1525671735277850624
1525671736628465664
1525671741342855176
1525671743679082496
1525671744996098052
1525671751610400768
1525671753321676802
1525671755075014657
1525671763765407745
1525671765216841728
1525671771478687744
1525671773404028928
1525671776080080899
1525671777732419585
1525671778550353920
1525671781574623233
1525671791246594049
1525671794690117632
1525671801065381888
1525671803988983810
1525671806107013121
1525671809269452800
1525671823517564929
1525671830127644675
1525671835186122752
1525671835559505926
1525671838763732992
1525671839808245760
1525671851476795394
1525671857025912834
1525671857327833088
1525671860163190784
1525671864126799874
1525671866844815362
1525671870200152067
1525671872226021376
1525671873434079233
1525671873924673536
1525671876550270977
1525671877502443520
1525671880606240768
1525671888776835072
1525671890873991174
1525671891704623106
1525671892736217091
1525671898826285058
1525671899585515521
1525671900583796737
1525671907260895233
1525671918103322624
1525671921936900097
1525671923706896385
1525671926936621056
1525671931256745992
1525671932204662784
1525671938101809153
1525671948424028166
1525671949455835140
1525671950051201024
1525671950311374848
1525671951070547968
1525671952026935296
1525671951930368000
1525671965025083393
1525671970460811264
1525671972071428096
1525671978002173952
1525671979621163010
1525671980736909312
1525671995429593088
1525672001066655744
1525672009304358912
1525672011682422784
1525672024630255616
1525672032800849920
1525672032993787904
1525672041927565312
1525672042191790082
1525672052757344256
1525672054720057344
1525672062466940929
1525672069085667328
1525672076564111362
1525672083975393280
1525672085346996224
1525672091118354432
1525672093081378816
1525672095841038336
1525672103793418240
1525672109598461953
1525672118813335552
1525672121871044608
1525672129227808770
1525672131383525376
1525672160496234497
1525672161335197696
1525672164795482112
1525672165680496647
1525672167035523072
1525672173364461568
1525672173498961920
1525672176778633216
1525672182000459776
1525672194822512640
1525672198127685633
1525672199826247680
1525672216792547328
1525672218033901568
1525672226045014019
1525672228142080000
1525672228347686913
1525672235410784258
1525672236178636800
1525672238980427776
1525672240167038976
1525672242247372800
1525672244533420032
1525672252485906432
1525672283276296194
1525672285713362944
1525672289420836865
