1525626995488563200
1525626998772617216
1525627000433541120
1525627000567865345
1525627001968680960
1525627003034017792
1525627009350656000
1525627012664025088
1525627013268119552
1525627013599580161
1525627014346153986
1525627014681706499
1525627016296517632
1525627017424674816
1525627020364812288
1525627021287690241
1525627028384501762
1525627032658448385
1525627037117042688
1525627037452382208
1525627037754564612
1525627041969840128
1525627047086854145
1525627047594319872
1525627048017920000
1525627050295545863
1525627053613236227
1525627054196137987
1525627057866059776
1525627064958824448
1525627065143287809
1525627065579470849
1525627065998921738
1525627068855230466
1525627069929082881
1525627075520040963
1525627077017628673
1525627082834952193
1525627084265201665
1525627092452376576
1525627092687278081
1525627093102514176
1525627094805450763
1525627096470544386
1525627100203569155
1525627101625434113
1525627114753601537
1525627121648943105
1525627122466885632
1525627123544772611
1525627127496048640
1525627128766775296
1525627128817008640
1525627130045923329
1525627139965472769
1525627139982344197
1525627140745662464
1525627141060182016
1525627141760634880
1525627151826968581
1525627157829062656
1525627159280242689
1525627162195333122
1525627169128517636
1525627172525940737
1525627173280915456
1525627183196143618
1525627187646406659
1525627188279648260
1525627189504491520
1525627192494985216
1525627195124862988
1525627196638904320
1525627198811652098
1525627205207871489
1525627206159900672
1525627206973759488
1525627209205047302
1525627209360322561
1525627218684149761
1525627224984010752
1525627226225627140
1525627231791329281
1525627234282790918
1525627234589061121
1525627236279255040
1525627240612040708
1525627247406759938
1525627251236032513
1525627251345301504
1525627251894673409
1525627253736017921
1525627261231185921
1525627278092341248
1525627280457973760
1525627280814391306
1525627284044058624
1525627285763723264
1525627290016694273
1525627292101271552
1525627295045758979
1525627294936711169
1525627296123498496
1525627297574834180
1525627297566445568
1525627297755193344
1525627298564562946
1525627300250804224
1525627303794987008
1525627303933489152
1525627304722018305
1525627306999422976
1525627307469197312
1525627309008601088
1525627314280747008
1525627316277223431
1525627317350957063
1525627322522640394
1525627322530992132
1525627322069655554
1525627325068591105
1525627325089456128
1525627325618049024
1525627331867459598
1525627333469675521
1525627334308642822
1525627340038066176
1525627342219055110
1525627346006560768
1525627347424133122
1525627347508023299
1525627350364348417
1525627352557969408
1525627355393302528
1525627355426865155
1525627357800824832
1525627358929117184
1525627362691391488
1525627362800324610
1525627364453007361
1525627374125125634
1525627375802896387
1525627377690230786
1525627378558373889
1525627381926469632
1525627384237420545
1525627386183696384
1525627401757241345
1525627407922778114
1525627409554350081
1525627411068506113
1525627415820701699
1525627420153458691
1525627422577672193
1525627424226127874
1525627427644444673
1525627431163416581
1525627433218543616
1525627434216968195
1525627440244088835
1525627441095401472
1525627443830214656
1525627443335335936
1525627444409032706
1525627456132198400
1525627456056606722
1525627457000333314
1525627459034660865
1525627460246818817
1525627460259307521
1525627461672652800
1525627462410960898
1525627462780166144
1525627463455412228
1525627463933607936
1525627464331976704
1525627465670053888
1525627469461655553
1525627480119181312
1525627480991834112
1525627487039930369
1525627489548115969
1525627491091611650
1525627492505202688
1525627496057774080
1525627499249643520
1525627506417537024
1525627510335086593
1525627512163819520
1525627514609143812
1525627516391673863
1525627516651700224
1525627517939458048
1525627520128786433
1525627522091732993
1525627525547835392
1525627525585686532
1525627526273503232
1525627527334612993
1525627533391429632
1525627535001886721
1525627538093256709
1525627539015839745
1525627540865433600
1525627543037935616
1525627543939948544
1525627545164685315
1525627551917277184
1525627554928988160
1525627557122560005
1525627560612220928
1525627566064795648
1525627568220667906
1525627568707149826
1525627570657677314
1525627571068715012
1525627573279113217
1525627573233156097
1525627574017466370
1525627574608662529
1525627577666355205
1525627578584735744
1525627579817943042
1525627582351396869
1525627584570081280
1525627586457571329
1525627585945812992
1525627587321528322
1525627597006295040
1525627599434592257
1525627599615148034
1525627600290435074
1525627601464840192
1525627603570278401
1525627607756177408
1525627608695812098
1525627611115839488
1525627611501797376
1525627612340568066
1525627618535645185
1525627619043155969
1525627622012616705
1525627628077686784
1525627630661292033
1525627630455861248
1525627632326410244
1525627632934604803
1525627637372174337
1525627639674949633
1525627642401128450
1525627642891759616
1525627647539150848
1525627649930022912
1525627651309948929
1525627652194942976
1525627655760101376
1525627657265811456
1525627659539173376
1525627659790823427
1525627659883102210
1525627662110183425
1525627663213379587
1525627664257757190
1525627669404082177
1525627670490402817
1525627671778050050
1525627671887085568
1525627676274446337
1525627677347983360
1525627678539259904
1525627689255813120
1525627690153279489
1525627692493770752
1525627692829360133
1525627693189963777
1525627695421263872
1525627697375940608
1525627702312673285
1525627703256395777
1525627703738523648
1525627708943880194
1525627712597114881
1525627716829171714
1525627721677737998
1525627722730393600
1525627725242896391
1525627726819885056
1525627727117594624
1525627729013620743
1525627729420361728
1525627730850729985
1525627736861073409
1525627737301569536
1525627743920070657
1525627751465725952
1525627752988147714
1525627755571863553
1525627756754526209
1525627760726753287
1525627762031091712
1525627763176218626
1525627765277569025
1525627765768208384
1525627766233776132
1525627768574181376
1525627769182355458
1525627769245278209
1525627769719345153
1525627771040542720
1525627774433640448
1525627783090667520
1525627785032744960
1525627791718371328
1525627791559073796
1525627791684911106
1525627793920475136
1525627797196136450
1525627797623939072
1525627798068645888
1525627798123171846
1525627800362831872
1525627810143928321
1525627812995997697
1525627814073860096
1525627815676215301
1525627823381159936
1525627830154952704
1525627832763809793
1525627834181484544
1525627838627553282
1525627842003976199
1525627847095771137
1525627849943785475
1525627853076832256
1525627853336895492
1525627853735399424
1525627857929641984
1525627858659557376
1525627869107343360
1525627870885838850
1525627877496172545
1525627884127363073
1525627884710383617
1525627888296394752
1525627892692049921
1525627895544172545
1525627896005480448
1525627897490415616
1525627899574878208
1525627901227442176
1525627902615859205
1525627902435414016
1525627904016760834
1525627906415894531
1525627919695065089
1525627925281886209
1525627925818638336
1525627926078701570
1525627927618002947
1525627932005261313
1525627933867524097
1525627934102388737
1525627934563762177
1525627934949756934
1525627935646011393
1525627936790953985
1525627938120552448
1525627939924090880
1525627946479796225
1525627947536760833
1525627948690296832
1525627949063577601
1525627951026520064
1525627952918061063
1525627953031393280
1525627956793593856
1525627969498136577
1525627972165976066
1525627973692440578
1525627977228111872
1525627978314567684
1525627979128352768
1525627981670105088
1525627982794084352
1525627986203930627
1525627986589908994
1525627990784212992
1525627991660937217
1525627992013262854
1525627992562606081
1525627993288331272
1525628000791838720
1525628001542672384
1525628004826767371
1525628005535580162
1525628008979128320
1525628015132172288
1525628018475077640
1525628019053821952
1525628018877767682
1525628019976585217
1525628022652551168
1525628023562723328
1525628023470297088
1525628026951716865
1525628028528824324
1525628028671471616
1525628030147776512
1525628030978248706
1525628031397679105
1525628037810757635
1525628039278772227
1525628043603103746
1525628046690099202
1525628047038238721
1525628047709323265
1525628050813366272
1525628052524281856
1525628053262680067
1525628055825309698
1525628056647385090
1525628057549152259
1525628064713015302
1525628065686093826
1525628070501224449
1525628070312419328
1525628070937481218
1525628071394611200
1525628073445564419
1525628072845709312
1525628076842950662
1525628077035900928
1525628078067798026
1525628079200256011
1525628080303349761
1525628080420708352
1525628080492257281
1525628084992364545
1525628085143576576
1525628085764235264
1525628094429769729
1525628097671880708
1525628099114696705
1525628107075596290
1525628110925926401
1525628110858764291
1525628111164948480
1525628111521472512
1525628116412030976
1525628116697333760
1525628117192171520
1525628118576267270
1525628119180365828
1525628118970638336
1525628123156561920
1525628127514443776
1525628140730695680
1525628142601248768
1525628145650507776
1525628146158309376
1525628147294785540
1525628155582627840
1525628157197418499
1525628158296444930
1525628159512690691
1525628163753115658
1525628171281960961
1525628171500015616
1525628171852337153
1525628172921880578
1525628174553559042
1525628174758989825
1525628177011380224
1525628177384722432
1525628179666325504
1525628181536985089
1525628193583124482
1525628196233875456
1525628197475434499
1525628197710200834
1525628199920615425
1525628200751190017
1525628203922083840
1525628210607710208
1525628218442653696
1525628224205643781
1525628225707249666
1525628227611504641
1525628228290871297
1525628229385703427
1525628229624668161
1525628234615889922
1525628243625267200
1525628243881209856
1525628245802090496
1525628247400144897
1525628247962267654
1525628251456126979
1525628253553278977
1525628257969876995
1525628260595515399
1525628265246777346
1525628271534170113
1525628272066846720
1525628275023912963
1525628275241783296
1525628276558946305
1525628281575579648
1525628283802603521
1525628284842688512
1525628286532976641
1525628288005296129
1525628290727399424
1525628291876638722
1525628292069568513
1525628294170812416
1525628296158793729
1525628297639612416
1525628299237642241
1525628299392819200
1525628305667399681
1525628311493279744
1525628311610609664
1525628319785316352
1525628320234319872
1525628321328943104
1525628323467890688
1525628323321237505
1525628325858725889
1525628328803291137
1525628329096884224
1525628331667902466
1525628334201184256
1525628337321873410
1525628338227798019
1525628343701348352
1525628343995052040
1525628344674373632
1525628346679410689
1525628355097382912
1525628356888170496
1525628357114839041
1525628357353672704
1525628360105332737
1525628361489399808
1525628364190621696
1525628366086356994
1525628370691792898
1525628372956618756
1525628376530276352
1525628380539932672
1525628380795764739
1525628381068288002
1525628382926581761
1525628385652887552
1525628388857085952
1525628388878307328
1525628388144304128
1525628391394877441
1525628394045579267
1525628397161963520
1525628397170438144
1525628397061296129
1525628400072896514
1525628405437325312
1525628406427172869
1525628407014367237
1525628407777832962
1525628409329614849
1525628410877382656
1525628410923405312
1525628418032816128
1525628419890896899
1525628421769990144
1525628425456828416
1525628427511992323
1525628429202337793
1525628431744000000
1525628431714631680
1525628433379778560
1525628435992829952
1525628441604894726
1525628442015846401
1525628444159131650
1525628446751219713
1525628455915859972
1525628460139483137
1525628465034186752
1525628471531081728
1525628472231534593
1525628475616419841
1525628473544417283
1525628477810130944
1525628478292635648
1525628479118659585
1525628483786969088
1525628487322767361
1525628491982639104
1525628493329047553
1525628495644311552
1525628496302727168
1525628497984638977
1525628499389726720
1525628499905679361
1525628504498388994
1525628509502201856
1525628513130119168
1525628514552143872
1525628515290386432
1525628516749959168
1525628517811118082
1525628518591127553
1525628518868172802
1525628520260591621
1525628522332495872
1525628523242733571
1525628526795403264
1525628528624078852
1525628535204982785
1525628539751366657
1525628541735514112
1525628545577406466
1525628546680606720
1525628547234160640
1525628548312354816
1525628548303794176
1525628549712994305
1525628550874812416
1525628551139151874
1525628559573884928
1525628562845351937
1525628564741033984
1525628566783856640
1525628568784478209
1525628570596515841
1525628589626036225
1525628589961519104
1525628590347386880
1525628590418800646
1525628594940256257
1525628597947535362
1525628598396366853
1525628601030221824
1525628605014822913
1525628608282247168
1525628610870132739
1525628615764979713
1525628620986793989
1525628624027758595
1525628625424457730
1525628626095509505
1525628627399892992
1525628627219521538
1525628629174165504
1525628637927690241
1525628638732894208
1525628647234732032
1525628652293169152
1525628655094865922
1525628655908569090
1525628657515040769
1525628657884180480
1525628658219683845
1525628660807610373
1525628661424173058
1525628662296477697
1525628662825074689
1525628663517036544
1525628664292990976
1525628669758251008
1525628675261190144
1525628677127651328
1525628683335131142
1525628688850722819
1525628689194565632
1525628690905714688
1525628691543470081
1525628695544733696
1525628699621707776
1525628701928456193
1525628703543377922
1525628706236022784
1525628707121029122
1525628711625560067
1525628713928474624
1525628719984955392
1525628720798638081
1525628722157654016
1525628723881562118
1525628724334428161
1525628726310060033
1525628732135944197
1525628736057532418
1525628737454231555
1525628741510111232
1525628741648621569
1525628742521036800
1525628745297580032
1525628745557712898
1525628746736205826
1525628748208431105
1525628748648914945
1525628757675069441
1525628760359424000
1525628761198280704
1525628763295387648
1525628764431998976
1525628768059936768
1525628771755229186
1525628774175367174
1525628774343122946
1525628776218075136
1525628776763342848
1525628778441064452
1525628778302406656
1525628783478325253
1525628784954703873
1525628785512546304
1525628789614690306
1525628798699732992
1525628803741007873
1525628810045100034
1525628812783910912
1525628818932776960
1525628821709496320
1525628822007304194
1525628822896386048
1525628825509298177
1525628830429454336
1525628831498911745
1525628837559689216
1525628839489044481
1525628842873856000
1525628843649810432
1525628846208319489
1525628846183223296
1525628847475023872
1525628847819214848
1525628855343513606
1525628857952387073
1525628857944100864
1525628862213890050
1525628866538180608
1525628884942741505
1525628892165328904
1525628895235657728
1525628899970924544
1525628904932839425
1525628908791554048
1525628912239353856
1525628912901947395
1525628913153720325
1525628917041844224
1525628917423513600
1525628919701032967
1525628920091090945
1525628922582425605
1525628922817290243
1525628928127225856
1525628937342177280
1525628939976290307
1525628942648020992
1525628942903824384
1525628946934530049
1525628946313883650
1525628957902749696
1525628964592566272
1525628966094131200
1525628974784827392
1525628974994534406
1525628978660261899
1525628981416022016
1525628982342959106
1525628983047557120
1525628989896683520
1525628991297691649
1525628992132419585
1525628992782585857
1525628999745011713
1525629000294473728
1525629005889691651
1525629007286284288
1525629007361978370
1525629010809479168
1525629011191283712
1525629012001058816
1525629016367153152
1525629017109454849
1525629026567602176
1525629027494506496
1525629031940558848
1525629033492492288
1525629036462018561
1525629036680060929
1525629036881498113
1525629038592761857
1525629038504595456
1525629042770296833
1525629043789504514
1525629044791947266
1525629051070717952
1525629053817999361
1525629061925675008
1525629067701420032
1525629070125449216
1525629070628749314
1525629072851623936
1525629073384345600
1525629078576963588
1525629080418279425
1525629085996703745
1525629088110481408
1525629090593746947
1525629093621993473
1525629098860617728
1525629102572675072
1525629103260450818
1525629103323418625
1525629104393003008
1525629104841801733
1525629108574892032
1525629110092976129
1525629110411833345
1525629125968412672
1525629132519899138
1525629135405686785
1525629144788353024
1525629145631313920
1525629154200363011
1525629154791669760
1525629156754698240
1525629157593403393
1525629159145349121
1525629162261819392
1525629164598050816
1525629166300839939
1525629171292155906
1525629180779585536
1525629180775383043
1525629184269238272
1525629185842196480
1525629186500599809
1525629187050164234
1525629191215058945
1525629196696965122
1525629199570325504
1525629207488958465
1525629208290017282
1525629208550072330
1525629212295569410
1525629212987736065
1525629219388153856
1525629220944224257
1525629222013763584
1525629223607615491
1525629226585554945
1525629228947058689
1525629231383863297
1525629231426056193
1525629243174047744
1525629247284461568
1525629248148582400
1525629249037770752
1525629261603819522
1525629265173176320
1525629265957556227
1525629267601551360
1525629269543641088
1525629270235697154
1525629271431122949
1525629276942368768
1525629277005398016
1525629283586256901
1525629284328546310
1525629284412444674
1525629285037395970
1525629290590752773
1525629296185843718
1525629298723500036
1525629304008212491
1525629309293043712
1525629311188930560
1525629311818014721
1525629314477314051
1525629318898262018
1525629321750138880
1525629325227175936
1525629332248580096
1525629333137661967
1525629333179711488
1525629339257253891
1525629340074987520
1525629345410256896
1525629345691213824
1525629348958674954
1525629351571726337
1525629357343092736
1525629358387372032
1525629365853245507
1525629366608216064
1525629366771777536
1525629369279995904
1525629369590419463
1525629370269851653
1525629371704348674
1525629371880464384
1525629371960238082
1525629375210741761
1525629377735712773
1525629381074333696
1525629381690933248
1525629382680711168
1525629385789050880
1525629388888449036
1525629389777653762
1525629391350509568
1525629393808285703
1525629393896452098
1525629394081009664
1525629394609672192
1525629397151141890
1525629403677483014
1525629406659633152
1525629412489801731
1525629412544335872
1525629415786528768
1525629424237936640
1525629428340084736
1525629431632363520
1525629434048438272
1525629436045021184
1525629439345827840
1525629443611496448
1525629443548512259
1525629445524135937
1525629446572675075
1525629451681292288
1525629453031903232
1525629454881640448
1525629457444139008
1525629461919580163
1525629463798726656
1525629466071924748
1525629469410697216
1525629470845063168
1525629471214084096
1525629471721721858
1525629484031942656
1525629484547747841
1525629484682051585
1525629489446780928
1525629490680025088
1525629496300281863
1525629498242351104
1525629498292576256
1525629498489720832
1525629501648019457
1525629502289846272
1525629507717287936
1525629517703806976
1525629520996360201
1525629523395497984
1525629523412271106
1525629524188311552
1525629531742162951
1525629535277940736
1525629535609397249
1525629539019366401
1525629540789280768
1525629542022381569
1525629543226261504
1525629545130467329
1525629552130674689
1525629552357154818
1525629557872676866
1525629558845628416
1525629563648282625
1525629564139061248
1525629566202568705
1525629569503531015
1525629571265093638
1525629576990412801
1525629583894011904
1525629586511372288
1525629587031568385
1525629590546391040
1525629593113219073
1525629596321947648
1525629600755515392
1525629604261679107
1525629610070839297
1525629612889448448
1525629617780170752
1525629619260559360
1525629629662371841
1525629629850976256
1525629631482707973
1525629631990218754
1525629633470902273
1525629638139068417
1525629645642678277
1525629648431992833
1525629650894041093
1525629655147065346
1525629663564943362
1525629663799922688
1525629664848400385
1525629665376882691
1525629667247636480
1525629670703652864
1525629672788221953
1525629673979404288
1525629679671066624
1525629684435795968
1525629689519284230
1525629691327037440
1525629693625520129
1525629694904877056
1525629696821579776
1525629697417412608
1525629700357382146
1525629700529344512
1525629708448239616
1525629709870145536
1525629711350734849
1525629714844491778
1525629717604352005
1525629718300610561
1525629720783618048
1525629726433361921
1525629735291822081
1525629736835244032
1525629738018127877
1525629739574099968
1525629740027105280
1525629748285612032
1525629750491873280
1525629752773582849
1525629761149718532
1525629764739866624
1525629765205606408
1525629768049340416
1525629769248690178
1525629775737458690
1525629780573437952
1525629783161315328
1525629786676203520
1525629799015890944
1525629802220343299
1525629812571877379
1525629812936564736
1525629817969844224
1525629820008284160
1525629823946788865
1525629824722935808
1525629834570997760
1525629834948448256
1525629835346956291
1525629835896299521
1525629836336803840
1525629839671181312
1525629841076277248
1525629841604849671
1525629844335120384
1525629846914797568
1525629848810569728
1525629858860003328
1525629859849961476
1525629860449857539
1525629863331258372
1525629865369784320
1525629869622759424
1525629869136220160
1525629871787057152
1525629873292824578
1525629875243065345
1525629878191767552
1525629882377682944
1525629886534238208
1525629891168837633
1525629896294531072
1525629897191870466
1525629898802487296
1525629900325105664
1525629900895531024
1525629908805894147
1525629911259660290
1525629912304037888
1525629917832036355
1525629919430066176
1525629924404510720
1525629925188939778
1525629927470546945
1525629927541952512
1525629929555169282
1525629932990242816
1525629934668062721
1525629936911925249
1525629938832916482
1525629942658224128
1525629943966998528
1525629943966736384
1525629945837408256
1525629949322973186
1525629948811104256
1525629949650018305
1525629952103677953
1525629958780878848
1525629966053949440
1525629970764242951
1525629975323463680
1525629975327653888
1525629976288055297
1525629977513046016
1525629977797984257
1525629980893388800
1525629985691774981
1525629986270593024
1525629991865749504
1525629997582516224
1525630004016586755
1525630009620189186
1525630017002213378
1525630018243674113
1525630018734510082
1525630025306976256
1525630042646233089
1525630044743270401
1525630047373213700
1525630048019132416
1525630050552406017
1525630054230794240
1525630059297505284
1525630060568485891
1525630062506217473
1525630065312206848
1525630065681129472
1525630068852146177
1525630069640769538
1525630072253820933
1525630072383741953
1525630072144777216
1525630078624866307
1525630078620684289
1525630077907501056
1525630079887613952
1525630082173247488
1525630082181644290
1525630083536502784
1525630086682132489
1525630088477347841
1525630089639211011
1525630091845373954
1525630094504599554
1525630104059133952
1525630108345638912
1525630108438040576
1525630115744468993
1525630117032116226
1525630123654922244
1525630125752066048
1525630126498758656
1525630127555629056
1525630129355079681
1525630130189631488
1525630131024318465
1525630133402468353
1525630138897031170
1525630139559706624
1525630142227394561
1525630145452728321
1525630147856158720
1525630149475049472
1525630150519533570
1525630153665159172
1525630157951844354
1525630159495340034
1525630163597279232
1525630173126832128
1525630178172575744
1525630180311670787
1525630181578358785
1525630185718140929
1525630188444327937
1525630189987823618
1525630191229456384
1525630191674040320
1525630194588999680
1525630197214629889
1525630202491162630
1525630208019206144
1525630208346398724
1525630209097191425
1525630212565868548
1525630213006184448
1525630218169368577
1525630221365526529
1525630222510456834
1525630224389615616
1525630227723845634
1525630228189544451
1525630232392105984
1525630233877131268
1525630236540424196
1525630241351294976
1525630241602801665
1525630243045888006
1525630243633090566
1525630244241166338
1525630250415280130
1525630250620788736
1525630251912548354
1525630252386508802
1525630252554280960
1525630253967753216
1525630258732572674
1525630262721368064
1525630267641036803
1525630269813841921
1525630272665952259
1525630277011267584
1525630282644303874
1525630284615524354
1525630285848657920
1525630288893685760
1525630292740165632
1525630293662654466
1525630296653238273
1525630297273942018
1525630297718632449
1525630299706691585
1525630302265020416
1525630303540109312
1525630304525856769
1525630304899170304
1525630304974938112
1525630307784724481
1525630308296671233
1525630309756293120
1525630311388037120
1525630312176230400
1525630314449707015
1525630314831400960
1525630318736187394
1525630325111537664
1525630326587936769
1525630327133200385
1525630328462880768
1525630335345520640
1525630335760883713
1525630338663333888
1525630339498053635
1525630339821219840
1525630339669966850
1525630342283120641
1525630344375980033
1525630350126374917
1525630350935957505
1525630354383577088
1525630355100864512
1525630355344064514
1525630356065599489
1525630357101596675
1525630367968944128
1525630369508229122
1525630371412553728
1525630373203529731
1525630379419369474
1525630379696214016
1525630381164154880
1525630383986991104
1525630386427990022
1525630388424609792
1525630387938017281
1525630392023359490
1525630394409922560
1525630394309259269
1525630395101880321
1525630395722747904
1525630402454487040
1525630403104624642
1525630404367196169
1525630407085113345
1525630408007761922
1525630408221773824
1525630408905326592
1525630412638367745
1525630414894817286
1525630415276474370
1525630416430026752
1525630425623891968
1525630427876274176
1525630428039860225
1525630429969010688
1525630433748303872
1525630437334339584
1525630440631050240
1525630447815995392
1525630450378719232
1525630450626179074
1525630452383490051
1525630453293662209
1525630459073511426
1525630461887885317
1525630466958630912
1525630473678073857
1525630476102385664
1525630479730368513
1525630483232698369
1525630487011762177
1525630495500951552
1525630496750837760
1525630497111564291
1525630498265088002
1525630505428733952
1525630507236704257
1525630508922638336
1525630509786750976
1525630509774258178
1525630511439302658
1525630511674458113
1525630513276493824
1525630518456651776
1525630526165504004
1525630526429749248
1525630527159640068
1525630527604400129
1525630528619270144
1525630533119639554
1525630534059188229
1525630537775431682
1525630538991681536
1525630540937941000
1525630544398143488
1525630550613995520
1525630557954183170
1525630561666080770
1525630564920958976
1525630567227727872
1525630567575867393
1525630571879157760
1525630576304209923
1525630577101090816
1525630580922122241
1525630582662778881
1525630583019282432
1525630585007398912
1525630585405853697
1525630589432307712
1525630592150564865
1525630597204529153
1525630601566511105
1525630602539589632
1525630603235938305
1525630606683648005
1525630606868107270
1525630611221884928
1525630611658051584
1525630613390299136
1525630613721649153
1525630618310168576
1525630624081526785
1525630628967763970
1525630630234492928
1525630630729596929
1525630631979401218
1525630637989892096
1525630638778368001
1525630640091193348
1525630640787439617
1525630644067368966
1525630645417934849
1525630648316207106
1525630654138171392
1525630661624840193
1525630661725495298
1525630661901656066
1525630662140624896
1525630664007196672
1525630665273794561
1525630665378738177
1525630670000758787
1525630670923513856
1525630672588746754
1525630676300611584
1525630677651275776
1525630678540464129
1525630685045829632
1525630685515481091
1525630685792305155
1525630688111869952
1525630690733305856
1525630699331637248
1525630702712246275
1525630705065238528
1525630708667994112
1525630710836383749
1525630711025238016
1525630713357385728
1525630716859514880
1525630717299859456
1525630719053250565
1525630722488291330
1525630724652642304
1525630725071941634
1525630728305885187
1525630737596178432
1525630740129632258
1525630742922989568
1525630745133387777
1525630745162698753
1525630746882453507
1525630747205324805
1525630751173230594
1525630759016583168
1525630760971128832
1525630761185202177
1525630761864507392
1525630765286948866
1525630764557410304
1525630773386166272
1525630775592460288
1525630776175468546
1525630780801679360
1525630786510127106
1525630789316227074
1525630791819988993
1525630791719346176
1525630797423730694
1525630798744932354
1525630799458054144
1525630805753663489
1525630807611678722
1525630808173723649
1525630811839598593
1525630814494539776
1525630821461377024
1525630823952699392
1525630829384421378
1525630831980466177
1525630832400027654
1525630833528291328
1525630835713523713
1525630839488491526
1525630844953567234
1525630847013072896
1525630851941269504
1525630851773616128
1525630852725628929
1525630855045160960
1525630855179341825
1525630855712059392
1525630863110701058
1525630864947679232
1525630866638372865
1525630867380572161
1525630871121829888
1525630880139599872
1525630881276350467
1525630885978071042
1525630891527131136
1525630896140959744
1525630901899632642
1525630902209916928
1525630905682911238
1525630906303754241
1525630908614811653
1525630908459630594
1525630910166704128
1525630912205037568
1525630916567113728
1525630921008984064
1525630922019725313
1525630923764645888
1525630927417786370
1525630929770672128
1525630930148368387
1525630932589371404
1525630934162329601
1525630935479222273
1525630936142036992
1525630936175587335
1525630937010143233
1525630944882966534
1525630948619931648
1525630949354049536
1525630952961191936
1525630958631780352
1525630961228079109
1525630961802682369
1525630963178512385
1525630966051504128
1525630966324252673
1525630971533565958
1525630976696717316
1525630977447452672
1525630977451630592
1525630978479243268
1525630979649458176
1525630981557866497
1525630982799466496
1525630981612240896
1525630986163191808
1525630990168752130
1525630990676262912
1525630993532694529
1525630998851076096
1525631001355030528
1525631001786929152
1525631003787665410
1525631012675497984
1525631013363363840
1525631013300363264
1525631014193745925
1525631015821115393
1525631019335958529
1525631022242594819
1525631027317702656
1525631027586076673
1525631029628637185
1525631031059030016
1525631033974169600
1525631035722985473
1525631039699202048
1525631040710184961
1525631041733533698
1525631046796058626
1525631046884139009
1525631050998751232
1525631051682422784
1525631051456196608
1525631053695750150
1525631058531819520
1525631061035655168
1525631064865181696
1525631068841336834
1525631073304059904
1525631076454080512
1525631077150244866
1525631080010760198
1525631082477010945
1525631083542364161
1525631085958381569
1525631089234042881
1525631090206965761
1525631097610158082
1525631099199791104
1525631100118351872
1525631108762767361
1525631109488320518
1525631111564607488
1525631122796847104
1525631124462002179
1525631125934297089
1525631126974476288
1525631126710231041
1525631129935650816
1525631133169369088
1525631143600586754
1525631145307787264
1525631150751748096
1525631150340849664
1525631158352060418
1525631159581003776
1525631162906968066
1525631166023356421
1525631166208004097
1525631166338027522
1525631173812264962
1525631179675811840
1525631182427365376
1525631183064793090
1525631185283579909
1525631189800869888
1525631194490093571
1525631193856634880
1525631196646060032
1525631197719805953
1525631198680293376
1525631200571826176
1525631202882879488
1525631203050672129
1525631204896165888
1525631210533396480
1525631210738921473
1525631211422593025
1525631211904851969
1525631217026072577
1525631217881710596
1525631221094572032
1525631224949182467
1525631232549212162
1525631240606474243
1525631245304139776
1525631249305444356
1525631251666948096
1525631253189361668
1525631262932840452
1525631265659027460
1525631267609489410
1525631276497219586
1525631277629579265
1525631280091516928
1525631282717380614
1525631284785053696
1525631286357987328
1525631286756495366
1525631291047219201
1525631297086967808
1525631297158365184
1525631301155446784
1525631309883768833
1525631311561515009
1525631317890969600
1525631319493025792
1525631321942286336
1525631323435589635
1525631329542385664
1525631330767208450
1525631337444540416
1525631339357159424
1525631339965333505
1525631340149874690
1525631341492158464
1525631341752205312
1525631349046104065
1525631351826825216
1525631353315803138
1525631356298043392
1525631363365363712
1525631363906412545
1525631367165394944
1525631371192172544
1525631377152036864
1525631382868832257
1525631391446228993
1525631391647555584
1525631392222220292
1525631395456069633
1525631397683253249
1525631405828542467
1525631407086780423
1525631408579878912
1525631411889262592
1525631412187152386
1525631417190756359
1525631419862724609
1525631428490416128
1525631436090396673
1525631442537046017
1525631443975782401
1525631448664899584
1525631448631361536
1525631450413793280
1525631451781275650
1525631457674289152
1525631458156625920
1525631458270130176
1525631458748301312
1525631462606876672
1525631470945161222
1525631480411607050
1525631479174283264
1525631481002983424
1525631489018368001
1525631490444656640
1525631495737683968
1525631495938908162
1525631502716964864
1525631502809280523
1525631507196526592
1525631511906635776
1525631512770936832
1525631517292216321
1525631517556461569
1525631522388180992
1525631528180523008
1525631529787052032
1525631531930136577
1525631533058498561
1525631536753688579
1525631538402050048
1525631540755148800
1525631553120108544
1525631555758080000
1525631557230153728
1525631559457460224
1525631566483013633
1525631572329779204
1525631577748910081
1525631577807527936
1525631581532176389
1525631585009156099
1525631588402446340
1525631591304908802
1525631593213489152
1525631594924482560
1525631595499114497
1525631595574616064
1525631595348213762
1525631600246943744
1525631605414535169
1525631608409280512
1525631611672338432
1525631615141089280
1525631622233706496
1525631623156449281
1525631629997359110
1525631638079668224
1525631644123770880
1525631644652249089
1525631653560868864
1525631656689688576
1525631657180643328
1525631661584547844
1525631664612904962
1525631664205901824
1525631666663968769
1525631678345011200
1525631682094632960
1525631685047492609
1525631686188404742
1525631692458926082
1525631697781497858
1525631698125443073
1525631711224160256
1525631713560473600
1525631715959615489
1525631718396395520
1525631721273577472
1525631721303158785
1525631721970012160
1525631724008488961
1525631725103202304
1525631726126608388
1525631729205125123
1525631731839254529
1525631736515858435
1525631739560972289
1525631742308130827
1525631746573754369
1525631750948327425
1525631751049076740
1525631753645436928
1525631754438057989
1525631759039221761
1525631759190265856
1525631759668219906
1525631761853476864
1525631763095203842
1525631766148616195
1525631766874431488
1525631769424318464
1525631771672444928
1525631775711678465
1525631776110088192
1525631781533274112
1525631783471136768
1525631788059590657
1525631788973903872
1525631789754114050
1525631792174211072
1525631792149016576
1525631793478647808
1525631798419632130
1525631802206998530
1525631806900523009
1525631819596562432
1525631820888363008
1525631821882474496
1525631829990068224
1525631831038578688
1525631835748847619
1525631838273798146
1525631839154720768
1525631839255379969
1525631840899502083
1525631840635215872
1525631840853413890
1525631842518503424
1525631846566047745
1525631847899668480
1525631848302399488
1525631853117460480
1525631853612392448
1525631859455148033
1525631859887054848
1525631867260747779
1525631874340618244
1525631875804450819
1525631880258887680
1525631881894670337
1525631888236453889
1525631888286699520
1525631891344396289
1525631893802307586
1525631894762790913
1525631900659875840
1525631902782263296
1525631903625269249
1525631904594149379
1525631905584058369
1525631907291181057
1525631908029337600
1525631910109757447
1525631915189051393
1525631919546896385
1525631921073569794
1525631923023929344
1525631925632761857
1525631926601756672
1525631928208080897
1525631930040889344
1525631931819376642
1525631931932717058
1525631932066942977
1525631933367058434
1525631934352740355
1525631939402731521
1525631941931937796
1525631945023143936
1525631946918961152
1525631949792059392
1525631950282801158
1525631953566846977
1525631955076775937
1525631958406967296
1525631958960816129
1525631960604766208
1525631964115517440
1525631964140675074
1525631966556602368
1525631966569275392
1525631967227744259
1525631967009591296
1525631975104598017
1525631980997574665
1525631983937892354
1525631988576702465
1525631989860257792
1525631993370841088
1525631994356502530
1525631995212140544
1525631996185157634
1525631996944424963
1525631999729233920
1525632001054633984
1525632003151912960
1525632010596884480
1525632016007299073
1525632022248660992
1525632028917567489
1525632029102153730
1525632031195021312
1525632031878782976
1525632034621751297
1525632034554753025
1525632036924444672
1525632037104889857
1525632047171223553
1525632047523540998
1525632049779920897
1525632052548276225
1525632055559589890
1525632055719206917
1525632058437033984
1525632061897609216
1525632062564159489
1525632063256289280
1525632063642161152
1525632067400192001
1525632068453031937
1525632071099723779
1525632075667226624
1525632076963364864
1525632077063921664
1525632077898698752
1525632078989107201
1525632079060402176
1525632082940149762
1525632084898766848
1525632085251219457
1525632090339004418
1525632093518168065
1525632095758045184
1525632103294963712
1525632106793156609
1525632109100077058
1525632113764073472
1525632114271694849
1525632115580231680
1525632116435734528
1525632121058086913
1525632131380264961
1525632142901776385
1525632152901144577
1525632156768210944
1525632163667972098
1525632165920264194
1525632166113296384
1525632167367286785
1525632167476350985
1525632168327774208
1525632169661562881
1525632169644904448
1525632170471079938
1525632179752955905
1525632183154663424
1525632189316079616
1525632193195827200
1525632193711771652
1525632194101796864
1525632194315689986
1525632198442946561
1525632210304348160
1525632213487845377
1525632217040527360
1525632217761865729
1525632221457022976
1525632221834518529
1525632225143922688
1525632226410520576
1525632227798835200
1525632227740090368
1525632229380083715
1525632229468143616
1525632230143545346
1525632241094774785
1525632259033812994
1525632261516939264
1525632271260196864
1525632272648622080
1525632273391005697
1525632274196090882
1525632274758348806
1525632275567738880
1525632275878227969
1525632280236113921
1525632282962305028
1525632285906698242
1525632285831225344
1525632287236399104
1525632289035718656
1525632298187726848
1525632301744508928
1525632304030576640
1525632308467978240
1525632309340188672
1525632318030897152
1525632319419256832
1525632320056619009
1525632324834041857
1525632326801035266
1525632327182864384
1525632328327995393
1525632328881553409
1525632332400668672
1525632332836884481
1525632333243486209
1525632340306890752
1525632340860477442
1525632340952768512
1525632347797954565
1525632349001621504
1525632352562515968
1525632359801962498
1525632360938713089
1525632362981183489
1525632363476267010
1525632363383898117
1525632365338427397
1525632365887901697
1525632375069192192
1525632381150822400
1525632384783331328
1525632385068457985
1525632386633015297
1525632402688720896
1525632405041709057
1525632411148685313
1525632411756789761
1525632414860644352
1525632415959756802
1525632418455101440
1525632427468595201
1525632435215429632
1525632435396005890
1525632439535689728
1525632444199731206
1525632445542023170
1525632453594972160
1525632460364599296
1525632462822465536
1525632464680587264
1525632472184197120
1525632477015973888
1525632481759617024
1525632482338652160
1525632483307692032
1525632484532183042
1525632488474804226
1525632496771207169
1525632496612044800
1525632498587381760
1525632505667272705
1525632510926811138
1525632518367617024
1525632518510329856
1525632526609395712
1525632528832413697
1525632540522041345
1525632545471496192
1525632546658295808
1525632549820702720
1525632551452561408
1525632552240877577
1525632555537547265
1525632558360367109
1525632563846467585
1525632573027799041
1525632582125338624
1525632587875528704
1525632601272201216
1525632602618617856
1525632604774584325
1525632609295925250
1525632610218786817
1525632610826846218
1525632610831048705
1525632612563185664
1525632614089887745
1525632614794764289
1525632617550315520
1525632621719433216
1525632621899816961
1525632622017249280
1525632623686590466
1525632624097624070
1525632630313582593
1525632634830962693
1525632636231753728
1525632638563786753
1525632640258396160
1525632640539414528
1525632642061717504
1525632643337015301
1525632648252727296
1525632649481568256
1525632651499028480
1525632651821989888
1525632652904173569
1525632654812520448
1525632663104770049
1525632667869450240
1525632670138507265
1525632671417880576
1525632671522635776
1525632688085950467
1525632688325120003
1525632689264533504
1525632690191536129
1525632693525958657
1525632694721335296
1525632697716342784
1525632707421536256
1525632709342572545
1525632711561445378
1525632719853539330
1525632721107795968
1525632723964121089
1525632729399828488
1525632734336540672
1525632734173216769
1525632734441484290
1525632737620725761
1525632741093646337
1525632749532549120
1525632750056783878
1525632750316838914
1525632752317612034
1525632753257132039
1525632757052891136
1525632768327110657
1525632769019285506
1525632769962942464
1525632770457972737
1525632774425743368
1525632778670317569
1525632791513288706
1525632791915921408
1525632793455300611
1525632799457300482
1525632800145154048
1525632801156247552
1525632803290984457
1525632804675018752
1525632805165600768
1525632811989884928
1525632812031918080
1525632817379540994
1525632818109464576
1525632820575719425
1525632831510220800
1525632835721240576
1525632838602838016
1525632841404530688
1525632843577180160
1525632845095522305
1525632851651317760
1525632856445399040
1525632867623178241
1525632877026607105
1525632883007934466
1525632884387852290
1525632892528779265
1525632893858353152
1525632898346455041
1525632899734769666
1525632904138727424
1525632908928733184
1525632909876535296
1525632913873817600
1525632923415760901
1525632926699753472
1525632929564704769
1525632930713845760
1525632936275456001
1525632939844837376
1525632940792610816
1525632942453792769
1525632943607189504
1525632946702516225
1525632949730910210
1525632951152689154
1525632954159882240
1525632957679009792
1525632959725948930
1525632966835245057
1525632975286697988
1525632977039806464
1525632980508606464
1525632980835831808
1525632982517788673
1525632982853328896
1525632986099683329
1525632991875289088
1525632995884994560
1525632997860462594
1525633003141050368
1525633004772663297
1525633006010089472
1525633007763218436
1525633009780948993
1525633010560811010
1525633010967662594
1525633016562913283
1525633018211221506
1525633018693656576
1525633021231218688
1525633022099439616
1525633022342615041
1525633026205556736
1525633026666930177
1525633029154254851
1525633034862706688
1525633040277458946
1525633040881332229
1525633043880456195
1525633045180588032
1525633045939773440
1525633046564708352
1525633046963265538
1525633051434397696
1525633052558258176
1525633052562579456
1525633057482584071
1525633058724093954
1525633059260928000
1525633071206178816
1525633076071636993
1525633076587548677
1525633079427092480
1525633080144318471
1525633080597389314
1525633081318703104
1525633088155533314
1525633091141877761
1525633093104570368
1525633098007945217
1525633098158952449
1525633100579065856
1525633106140467200
1525633106312675329
1525633108589957120
1525633117809410048
1525633119264579585
1525633125040242693
1525633127124705281
1525633129590972417
1525633135211331585
1525633137077886976
1525633141628608513
1525633142765273089
1525633145063841794
1525633152403783682
1525633155889344518
1525633168878993408
1525633169352974337
1525633171458383873
1525633171404070913
1525633173127942144
1525633173195051008
1525633176034476033
1525633176437129216
1525633178484224001
1525633182275719168
1525633186838876160
1525633195076509696
1525633203960258560
1525633204824293377
1525633206380371968
1525633211853840385
1525633212071960576
1525633216291405825
1525633217973432320
1525633218866724864
1525633223207813120
1525633226047381504
1525633231999074304
1525633233395888128
1525633235778158592
1525633236310835205
1525633237959294977
1525633238533824512
1525633238730846208
1525633240224223235
1525633241780064256
1525633245987098624
1525633248071663617
1525633250890219521
1525633252328886272
1525633260763680768
1525633267008946176
1525633267843538944
1525633271606165505
1525633274768416768
1525633277515730948
1525633277838729218
1525633281013653504
1525633282720735233
1525633286462218247
1525633288668590080
1525633295316295681
1525633303973339137
1525633306930335746
1525633308872392704
1525633310717882368
1525633312458514433
1525633313687449600
1525633313662189568
1525633314895298560
1525633316539473922
1525633332574400512
1525633333903990787
1525633338773577728
1525633339142639617
1525633342862786560
1525633344633024513
1525633345115283457
1525633345274658817
1525633347413852161
1525633348043001857
1525633355534024705
1525633359166197761
1525633361422827520
1525633364207751169
1525633364329476102
1525633371958804480
1525633372558614528
1525633376056655878
1525633374852853761
1525633383233110016
1525633389230817280
1525633393211363328
1525633409640501248
1525633411053936642
1525633411918049280
1525633414837182465
1525633417685086209
1525633421644636161
1525633422965649408
1525633423871705089
1525633425692049408
1525633433870925824
1525633434365767681
1525633440221212672
1525633443933167618
1525633451353047040
1525633454485999616
1525633459011690496
1525633460202708992
1525633465672138752
1525633469249904645
1525633470084657153
1525633472655663104
1525633474626932736
1525633477168726017
1525633477588180992
1525633478770819074
1525633482755555328
1525633484382945284
1525633488900313088
1525633489164324865
1525633491655958529
1525633497431429122
1525633498907914240
1525633503588757509
1525633506474446848
1525633507581644802
1525633511549444096
1525633512618991617
1525633513210490880
1525633513545994241
1525633517446582272
1525633522203082753
1525633526854557696
1525633527131295744
1525633531711479810
1525633533628366853
1525633538338476033
1525633544227278849
1525633545661816832
1525633552251076611
1525633554604081157
1525633555619008513
1525633560690016260
1525633563219075072
1525633565752541184
1525633570382954497
1525633575982313473
1525633578767376384
1525633579723669505
1525633580369575937
1525633580390555648
1525633580696842240
1525633582827446272
1525633584840773633
1525633585042145281
1525633587885789186
1525633589945180161
1525633589890752512
1525633590742089728
1525633590754791424
1525633590754680835
1525633593439051778
1525633594030723072
1525633596823838721
1525633597595607040
1525633598228922370
1525633599164276738
1525633607410360320
1525633618231676931
1525633620261707784
1525633620228046850
1525633622052679682
1525633624753725440
1525633625156354051
1525633635440902145
1525633635822493696
1525633635797417984
1525633637189832705
1525633637894524928
1525633641535180800
1525633643238019074
1525633645221920768
1525633645712756738
1525633652536725505
1525633658727456773
1525633659021271041
1525633662758297603
1525633663601463299
1525633665610526721
1525633672224776192
1525633676184367105
1525633676788252672
1525633678780641281
1525633678952505344
1525633695293575170
1525633696161751040
1525633697747283968
1525633698070204417
1525633698233782276
1525633700553269250
1525633700939145219
1525633702759387136
1525633710690820096
1525633716688650245
1525633717015826432
1525633717762408448
1525633717833637890
1525633719876276224
1525633722317475841
1525633723332542465
1525633726461497348
1525633727455436800
1525633729649119233
1525633731293487105
1525633732820058113
1525633733906223105
1525633737395998721
1525633742731100161
1525633742945009664
1525633749496565766
1525633750016610306
1525633756022939648
1525633759101325312
1525633760737337344
1525633765799870464
1525633765711683587
1525633766902730753
1525633771940237315
1525633772049268740
1525633775291727872
1525633778240061441
1525633788016984066
1525633792760766464
1525633800662925313
1525633806660689922
1525633809076592643
1525633812138545155
1525633821202432002
1525633822318010371
1525633822850592769
1525633825023397888
1525633827330314240
1525633837337718784
1525633838310993923
1525633845587955712
1525633850340163586
1525633851757842432
1525633855272648704
1525633866895134720
1525633868988030976
1525633869407461377
1525633874688200705
1525633883676475392
1525633885127819264
1525633887312953344
1525633892711075860
1525633893117870083
1525633894405505024
1525633895315775489
1525633897576407041
1525633899921084418
1525633905965117440
1525633913669922816
1525633919177089024
1525633919562956800
1525633922117341184
1525633924495335425
1525633931298627590
1525633931453816834
1525633932351389696
1525633937577586694
1525633939469115401
1525633942036029441
1525633943667675138
1525633944900739072
1525633948327591937
1525633949191524352
1525633953452941312
1525633958184202242
1525633959035641856
1525633959169622017
1525633961736736771
1525633962684690439
1525633964119101440
1525633966363095041
1525633967201951744
1525633967550042112
1525633969194250254
1525633969529753600
1525633971731632128
1525633973803790338
1525633976442015749
1525633979495456770
1525633980053200903
1525633984813707265
1525633986084708352
1525633986139242498
1525633987653271553
1525633990845030400
1525633993315700738
1525633995505078272
1525633996398514178
1525633997203595264
1525634003893731334
1525634007479853056
1525634008872255492
1525634012488028162
1525634013913817088
1525634014567993345
1525634019723038722
1525634019819261952
1525634024890327040
1525634026127630339
1525634026287120386
1525634031144017920
1525634038194634752
1525634039390081027
1525634040849739777
1525634041462067200
1525634043336876033
1525634044867780610
1525634047061508097
1525634050450407427
1525634051561771008
1525634056825753602
1525634057899581443
1525634058306338818
1525634058318929923
1525634064329449472
1525634068154564610
1525634073473040384
1525634075008040965
1525634078887641088
1525634080343216128
1525634084323610625
1525634086353702913
1525634086475157504
1525634088345952262
1525634098160709635
1525634102690471938
1525634103923679233
1525634104498106368
1525634109997043712
1525634114375802880
1525634120360923136
1525634129915789312
1525634134105808898
1525634141165072384
1525634141311668224
1525634143681449985
1525634146093121536
1525634146768277505
1525634147884093440
1525634149947670531
1525634156612538368
1525634157191340035
1525634160517341184
1525634165927968769
1525634166590787586
1525634166435377152
1525634170441064448
1525634171829370882
1525634174014595072
1525634174320771072
1525634174543085569
1525634175327412225
1525634189667749888
1525634198668820482
1525634200111566848
1525634200648437761
1525634201931882496
1525634202166779904
1525634206000365568
1525634209657790465
1525634214363815941
1525634216213499904
1525634218901925889
1525634219996848128
1525634224618872835
1525634225336209408
1525634229433995268
1525634229945737217
1525634230377668613
1525634230948069376
1525634232676229120
1525634233150197760
1525634233267544065
1525634233917751296
1525634234911801344
1525634242432184320
1525634243422035968
1525634245145804803
1525634246592831488
1525634263655276550
1525634267375624193
1525634275994902529
1525634281787338754
1525634289169076224
1525634289244811265
1525634290091892737
1525634291396378626
1525634291777957888
1525634294793879552
1525634298233094150
1525634304897859587
1525634304960765952
1525634311231352832
1525634327706447872
1525634334698397696
1525634340289249281
1525634342663471105
1525634343347134465
1525634345570119680
1525634346710867969
1525634348732583945
1525634350175354888
1525634350468894720
1525634351739838464
1525634355326074881
1525634358736044032
1525634360300515330
1525634360883527681
1525634363043373056
1525634367917129728
1525634367728525315
1525634369339420672
1525634370433851395
1525634373273395200
1525634373235748865
1525634374384992258
1525634378071678976
1525634382010228737
1525634385038516225
1525634389480185857
1525634394668548097
1525634394786041857
1525634401371029506
1525634401899536384
1525634403325575170
1525634406165237760
1525634410627977223
1525634420065161219
1525634422086811648
1525634430638907398
1525634441141436416
1525634448506732545
1525634448498229248
1525634451295944706
1525634452432605188
1525634456668844034
1525634462033256448
1525634465208406019
1525634464881197056
1525634468442165250
1525634471587880961
1525634471550124032
1525634475228811265
1525634475304136711
1525634475715346434
1525634476428398593
1525634479108198400
1525634488230764544
1525634489061359619
1525634490391048194
1525634490843922433
1525634493289312258
1525634508954951684
1525634511165394944
1525634514671882243
1525634515011391489
1525634523341684737
1525634528072589322
1525634531914563585
1525634533403643905
1525634534573854722
1525634545155989508
1525634553473388546
1525634556858093573
1525634557252358145
1525634557550157824
1525634562143191040
1525634567121543171
1525634568807669763
1525634569285693441
1525634570556690434
1525634573211664386
1525634573740163073
1525634575153737731
1525634579222102017
1525634582523035649
1525634585056395266
1525634592429989888
1525634598675394560
1525634599522402304
1525634602953580551
1525634612885610501
1525634613971927042
1525634627205009408
1525634634100391936
1525634634918281217
1525634640236711937
1525634647559905280
1525634649904619521
1525634655688572928
1525634659845128193
1525634660595814402
1525634666707013633
1525634666920914948
1525634668518944768
1525634668560891904
1525634668837621760
1525634671379456001
1525634672260177920
1525634672339963904
1525634677196865536
1525634678388039685
1525634678690140160
1525634679856107520
1525634680208470016
1525634682159009792
1525634689632960515
1525634695026950145
1525634697530855424
1525634711774801923
1525634712542257152
1525634713678778368
1525634713125277696
1525634718028468224
1525634719597084672
1525634721035825153
1525634722906488834
1525634727855673346
1525634732028993536
1525634734457606144
1525634740845309952
1525634747015254017
1525634747808063492
1525634748906872837
1525634751595421696
1525634754367959041
1525634756750319618
1525634756662149125
1525634757924532224
1525634759732482048
1525634762395815936
1525634762496430081
1525634767932227584
1525634774076997632
1525634776467656712
1525634781664489473
1525634782721282048
1525634784344559618
1525634787733426176
1525634791156207618
1525634791500300289
1525634793966383105
1525634795610546179
1525634794931032064
1525634799632777217
1525634800719220736
1525634803013500929
1525634807627137026
1525634807962685441
1525634822303100931
1525634823196487681
1525634826748977152
1525634828716187649
1525634831056613376
1525634831597592577
1525634837196906497
1525634839663513601
1525634840887975936
1525634841940701184
1525634842251108353
1525634847284264960
1525634847640780801
1525634848412557313
1525634851042480132
1525634858151723008
1525634860324294656
1525634860484038657
1525634860630540291
1525634862689959936
1525634865315684352
1525634868801114113
1525634877672005639
1525634879953719297
1525634881165963264
1525634882327793664
1525634890284285953
1525634899369238528
1525634900183109632
1525634905358712835
1525634912652500993
1525634916507172864
1525634923368964096
1525634925700980736
1525634928200892422
1525634934785855488
1525634934974595074
1525634938086768643
1525634949637885952
1525634952326369280
1525634953240883200
1525634953924464644
1525634955736403969
1525634971234336769
1525634972501123079
1525634974770155521
1525634977282637825
1525634978872274944
1525634981837434881
1525634983070773251
1525634983154663424
1525634987164196864
1525634989815214081
1525634990700056577
1525634992197574656
1525634995871703041
1525634999134863364
1525634999327682560
1525635000682569729
1525635003513806848
1525635007326339072
1525635011088723972
1525635012825071617
1525635016914509825
1525635019137507329
1525635023134662657
1525635024913149955
1525635028654465026
1525635036011237377
1525635048564719616
1525635049042870272
1525635052444475395
1525635052381835264
1525635054176813058
1525635055418327045
1525635058224218113
1525635059784593409
1525635060204032000
1525635062234062849
1525635069083369474
1525635071587373057
1525635071532744705
1525635072367403008
1525635075030786048
1525635079728517120
1525635094874148867
1525635099261296640
1525635105431199745
1525635108690083840
1525635116407656448
1525635118496468992
1525635119641501696
1525635121696477184
1525635121776312321
1525635123173068801
1525635124402049024
1525635130131456012
1525635149404176386
1525635149748133888
1525635151459405831
1525635162335285248
1525635169109032961
1525635174242951168
1525635174448476160
1525635174737670144
1525635176813973505
1525635180278456326
1525635181188722689
1525635185995309056
1525635189749293059
1525635196007108610
1525635201535291392
1525635204513136641
1525635208137134086
1525635208791445504
1525635211282857989
1525635214004846600
1525635216320122880
1525635221672034307
1525635221877669890
1525635224528470016
1525635231792762880
1525635232841576459
1525635233130979330
1525635233810456578
1525635235261689858
1525635237983698944
1525635238143180813
1525635239753793537
1525635241041625088
1525635248767356930
1525635247953653762
1525635255390052357
1525635256849678336
1525635258221318144
1525635264680452098
1525635269235556353
1525635273064960000
1525635273501003776
1525635283651375111
1525635284003696642
1525635286771941376
1525635286864117764
1525635288353079296
1525635296217268224
1525635297823887362
1525635299757400067
1525635301779054592
1525635303662297089
1525635303884500992
1525635304647974915
1525635306644455426
1525635310549344256
1525635311145037827
1525635312222932993
1525635312575201281
1525635317029556226
1525635317780426754
1525635326001160192
1525635325992779776
1525635327775453184
1525635331625828352
1525635332854583296
1525635336478523393
1525635336692441089
1525635337573179393
1525635338953281538
1525635339972485122
1525635341444468736
1525635343277559808
1525635352660156419
1525635354870554624
1525635355290083329
1525635355893972994
1525635355994619905
1525635356388954112
1525635357072666628
1525635358343450626
1525635364274286596
1525635366316920840
1525635369018044418
1525635370737606656
1525635371853176837
1525635372557942784
1525635373845876736
1525635377205510144
1525635380698939392
1525635384755077120
1525635387829456896
1525635389066596352
1525635389804924928
1525635390232743936
1525635395337302016
1525635395819536385
1525635402350178306
1525635406133436418
1525635412940705793
1525635421346177024
1525635422919041031
1525635425481654272
1525635426622574604
1525635429315362817
1525635431999623170
1525635436680564736
1525635438685429771
1525635448315465729
1525635448726503424
1525635459241623553
1525635459501654016
1525635465155596288
1525635466686513153
1525635471891644416
1525635473435250688
1525635473854681088
1525635475742023680
1525635477419839488
1525635482423635969
1525635482801037315
1525635483031699456
1525635483711201285
1525635483849609217
1525635486999617536
1525635488627019778
1525635493899210753
1525635498206760962
1525635498349314049
1525635502241730561
1525635504137461761
1525635509485244416
1525635519262216194
1525635526203777026
1525635528439353348
1525635533719973888
1525635535976398848
1525635544923123713
1525635546789322753
1525635547964014592
1525635553068302338
1525635559883939840
1525635563222495235
1525635564065673217
1525635564560650240
1525635580465389569
1525635593262227460
1525635595938275329
1525635602162630657
1525635603710283776
1525635613000613889
1525635613520797699
1525635615374589952
1525635616859246592
1525635619933888512
1525635622471405568
1525635630050512896
1525635629941501952
1525635630025285632
1525635632055439361
1525635631765929984
1525635634416734208
1525635634517491715
1525635640284569600
1525635650262736896
1525635656218816517
1525635657569378307
1525635658173251586
1525635660417212416
1525635667828547584
1525635669669847045
1525635672496820224
1525635675227410438
1525635675025985537
1525635678637268992
1525635681392791552
1525635681984434179
1525635686782607361
1525635693095321600
1525635694990921735
1525635699738677248
1525635709566038017
1525635711277445120
1525635712250531842
1525635712242143232
1525635714368557067
1525635715626946560
1525635724137086979
1525635726343385088
1525635730386698240
1525635732156596229
1525635743019851777
1525635748422111232
1525635752817745922
1525635757272096768
1525635771658432512
1525635775790206977
1525635777002102784
1525635779594166272
1525635785587818497
1525635793640902657
1525635797130653697
1525635799382999040
1525635801039745024
1525635805133299712
1525635807603838977
1525635807834279936
1525635808954400769
1525635809029791744
1525635817980383232
1525635824548716547
1525635827300290564
1525635828415877120
1525635829644902401
1525635833444941825
1525635834514391040
1525635843439960066
1525635849156759555
1525635857062952966
1525635858098962432
1525635858644230144
1525635858799509509
1525635860867293184
1525635865661394944
1525635866676416515
1525635867825647617
1525635867859206144
1525635868689580032
1525635868093972481
1525635872548347906
1525635874934906880
1525635875090182145
1525635876201631746
1525635877900271616
1525635878755909635
1525635879427088384
1525635880811044864
1525635885001125888
1525635885601017859
1525635887429783552
1525635887907979266
1525635890076233728
1525635892873859072
1525635894396563459
1525635898330824704
1525635899417042946
1525635899752599552
1525635905788289033
1525635906606333952
1525635909063933952
1525635909563174912
1525635911354032129
1525635918400561152
1525635919595950081
1525635920753459201
1525635923123351554
1525635923781861378
1525635924641648640
1525635927153991680
1525635930341707778
1525635931759329280
1525635934460563457
1525635940294840321
1525635943130079232
1525635944086478853
1525635948465295361
1525635949065027585
1525635952156221441
1525635954140237824
1525635954706468866
1525635955323027456
1525635955457024000
1525635957076242434
1525635961589227523
1525635966643445761
1525635966890872832
1525635971370438656
1525635972133699584
1525635981893898243
1525635983114489857
1525635988881608704
1525635990076915712
1525636001611276288
1525636002945146880
1525636006808109062
1525636011623010304
1525636018535292929
1525636019474731009
1525636020510724096
1525636025317576707
1525636025896341512
1525636030895898626
1525636031495942144
1525636035840921600
1525636037720129536
1525636038844104704
1525636042967105538
1525636047702458379
1525636048130383874
1525636048705007616
1525636054413361156
1525636054316875776
1525636054816014341
1525636056099397632
1525636055923404801
1525636058901274627
1525636067159949312
1525636070699835392
1525636072931065857
1525636075938521088
1525636082590785536
1525636088324407296
1525636088530075648
1525636102597627917
1525636105609125889
1525636108750561282
1525636115939696642
1525636116891807749
1525636117831221249
1525636122231054336
1525636123405570050
1525636139088072710
1525636139494817792
1525636143735250945
1525636151540842497
1525636161615577088
1525636169249304577
1525636172810264577
1525636176526336001
1525636177109434368
1525636178296332289
1525636181546909702
1525636207312519169
1525636207446827010
1525636209397088257
1525636210336595969
1525636211624263680
1525636215097028608
1525636216116371456
1525636219207663618
1525636222927904768
1525636223733202944
1525636224249118720
1525636231442333703
1525636232620957696
1525636240791453698
1525636241395437570
1525636244679626753
1525636246298578944
1525636246931918848
1525636258499899392
1525636259523215361
1525636262136270853
1525636263746863104
1525636264329990147
1525636265877688322
1525636266514997248
1525636269325312000
1525636271028281345
1525636272315719680
1525636274975129600
1525636276011118592
1525636278561214464
1525636279773368321
1525636279781703681
1525636287167873026
1525636290774958082
1525636290976223232
1525636294356893698
1525636295388590081
1525636299994038273
1525636305799069703
1525636305878671360
1525636307476692992
1525636313587884032
1525636313583697920
1525636316393881603
1525636318679773184
1525636318839062531
1525636322005753858
1525636328012271616
1525636330507599875
1525636334416699392
1525636351218941952
1525636353450549250
1525636356000649217
1525636356428513280
1525636361197342721
1525636361876697089
1525636364074725378
1525636369824960512
1525636378163392515
1525636378398232577
1525636379195199491
1525636384597454848
1525636385960366081
1525636387424305154
1525636388435402752
1525636389357899777
1525636390297518080
1525636396735770624
1525636403152945152
1525636404381990914
1525636404969103361
1525636406617554945
1525636409482219520
1525636409482268672
1525636409629020163
1525636409880727556
1525636414993489920
1525636416532713472
1525636416658558977
1525636418814500864
1525636425001181184
1525636425307279362
1525636435356831746
1525636435583418368
1525636438322208768
1525636442000457729
1525636442231300099
1525636444664090627
1525636446886866944
1525636449588101122
1525636450213036033
1525636452293480449
1525636452939403264
1525636453337907200
1525636461252714496
1525636462603026433
1525636463827746816
1525636466449203200
1525636466671599616
1525636479594143744
1525636481389367296
1525636486133075969
1525636486275932160
1525636488087670784
1525636488959930370
1525636495167602688
1525636495524216835
1525636505322106880
1525636506135982080
1525636507977007106
1525636509696774145
1525636512150331394
1525636514427830276
1525636519012466688
1525636521654632449
1525636529263091712
1525636530068508674
1525636531293151232
1525636531460837376
1525636533545537536
1525636536556998656
1525636539929268224
1525636541846114305
1525636553149755392
1525636554483433472
1525636554911358977
1525636561357791232
1525636563253665792
1525636567565467648
1525636567846604801
1525636578390966281
1525636581167620100
1525636585743650816
1525636591057780736
1525636591200477185
1525636593289150464
1525636595654832130
1525636597898682370
1525636605687566338
1525636613220536322
1525636616487948288
1525636619511939072
1525636620669665280
1525636624524013568
1525636641825640449
1525636644593860608
1525636648469417987
1525636653242621952
1525636658682642432
1525636660922306572
1525636661849247745
1525636662188990464
1525636671621955584
1525636674339872768
1525636678144208897
1525636681168297984
1525636681709256705
1525636686553784321
1525636689968140288
1525636690521509888
1525636696804663296
1525636698918600704
1525636701405827079
1525636703175819264
1525636705931661312
1525636708447813632
1525636709609783296
1525636724973518850
1525636727074848768
1525636728526196736
1525636729876660224
1525636731520684032
1525636738773061632
1525636748197384192
1525636749480939520
1525636753238917120
1525636756325933058
1525636758586654720
1525636768242012160
1525636769206505473
1525636772620816384
1525636773686149120
1525636774696976387
1525636782825410561
1525636785782546432
1525636787351212032
1525636788877938688
1525636796029317120
1525636797786738689
1525636802706608140
1525636804761853952
1525636807299309570
1525636815868375041
1525636819085402114
1525636821903884290
1525636827423588352
1525636827415199744
1525636828145000448
1525636832851070978
1525636838874030081
1525636844767129600
1525636850773278721
1525636851733876745
1525636852211978241
1525636852123897857
1525636855634477062
1525636860852183043
1525636861514788864
1525636866824888326
1525636868330733569
1525636873774845953
1525636874487971840
1525636874924064769
1525636882234736641
1525636887737782274
1525636891135057922
1525636898177286144
1525636901956354048
1525636902208131079
1525636902921043968
1525636903185293312
1525636908356886528
1525636913100726272
1525636918779645954
1525636919719256064
1525636928380469255
1525636929823264769
1525636930624438280
1525636935003291648
1525636938966917124
1525636945208086530
1525636946512515073
1525636947644977152
1525636947586469889
1525636950635446272
1525636950853844992
1525636953835814918
1525636955832209408
1525636956251635714
1525636960542461952
1525636962148929537
1525636964103475201
1525636963952361472
1525636970436771847
1525636973343428611
1525636974387810304
1525636975046303745
1525636976430522368
1525636976950579200
1525636987067195395
1525636989126516736
1525637001785098243
1525637001625669634
1525637005983596549
1525637007527010305
1525637010664349696
1525637011557818369
1525637012291731456
1525637016637083648
1525637020516745217
1525637021720526849
1525637023322804225
1525637036211941377
1525637036534816769
1525637038019584001
1525637039655469057
1525637040494157824
1525637041018621953
1525637047188443139
1525637048387850240
1525637059309977600
1525637069858836480
1525637069883813888
1525637070554812416
1525637072341581824
1525637076573532160
1525637076779139078
1525637078276616192
1525637078247215104
1525637078712832001
1525637087365632001
1525637101362061317
1525637102980956160
1525637105338155009
1525637105707278342
1525637109909970944
1525637113764536321
1525637116340092928
1525637117522726915
1525637120718688256
1525637123554041856
1525637126460542976
1525637126859137026
1525637127501119493
1525637131347054592
1525637132152360961
1525637132865478657
1525637134018912256
1525637135730372608
1525637138821300224
1525637140436369408
1525637142038421505
1525637143191855105
1525637146723463168
1525637147163779072
1525637152687759360
1525637155904700422
1525637155908792322
1525637157162983427
1525637159033507840
1525637162301112327
1525637162569543680
1525637162519220229
1525637164578521089
1525637165396512769
1525637167946530818
1525637171893481472
1525637172040187907
1525637172967231489
1525637174720446464
1525637176180019202
1525637178327441409
1525637186904895490
1525637188850966529
1525637189962502145
1525637191052967936
1525637198690893826
1525637200695672837
1525637200741814272
1525637205145829377
1525637209096871936
1525637211663777792
1525637214880731136
1525637219133841416
1525637220320813056
1525637226691952641
1525637230496301058
1525637231720947712
1525637232333164544
1525637233998446595
1525637234711576577
1525637234703097856
1525637234338177027
1525637237538537474
1525637240461971457
1525637241435049984
1525637244618301440
1525637250360410114
1525637252302389248
1525637253892083715
1525637254210797568
1525637255825887233
1525637257578921985
1525637260619792386
1525637261810929665
1525637262427537409
1525637266659500032
1525637266781130757
1525637268094046208
1525637270795075584
1525637284254650376
1525637287945678853
1525637287987449856
1525637289992507393
1525637291582050310
1525637298272014340
1525637300033671168
1525637301883240455
1525637302126624776
1525637306929008640
1525637307193335813
1525637309684666368
1525637314399154184
1525637318740258816
1525637324050153475
1525637343356588032
1525637345407651842
1525637349937487872
1525637352466653185
1525637353120882689
1525637355268362240
1525637356627406848
1525637361018740737
1525637364953014273
1525637367771631616
1525637368434372608
1525637376088891392
1525637376445382656
1525637380706811904
1525637386297782272
1525637386985668613
1525637389502259201
1525637389569339392
1525637397362397184
1525637398851465218
1525637399296065536
1525637404329222146
1525637406757625856
1525637408926187521
1525637409232375810
1525637409643167744
1525637411052601344
1525637413850296321
1525637414999441409
1525637415406280704
1525637415515394049
1525637418749153280
1525637419567038465
1525637420036853765
1525637422599512065
1525637427569774595
1525637439225724929
1525637441322991616
1525637440920338433
1525637445986951169
1525637455226888192
1525637457219407881
1525637458737635328
1525637460415418373
1525637461644394496
1525637465465290752
1525637473811963904
1525637479214235649
1525637481655422976
1525637494410182656
1525637494582042625
1525637494754226178
1525637494963855361
1525637499816640512
1525637500491816960
1525637503524524033
1525637506137464833
1525637507123015680
1525637507676786688
1525637511795642368
1525637511841820675
1525637512437256193
1525637512869339136
1525637514475741184
1525637516673503232
1525637520578564097
1525637521551544321
1525637522172395522
1525637524152012801
1525637530758127616
1525637533412884480
1525637537540210689
1525637541822611459
1525637546373533696
1525637546922975233
1525637550123229185
1525637551423381505
1525637551746424832
1525637552132313088
1525637554762129409
1525637555932258309
1525637558801207296
1525637563800858625
1525637565096898561
1525637566577385473
1525637568125091842
1525637568674545664
1525637586726838273
1525637592099717120
1525637595924992001
1525637600307978240
1525637605223694338
1525637605592686592
1525637611716485121
1525637613058678788
1525637615780872196
1525637622965620736
1525637626002382848
1525637627894013952
1525637629127049222
1525637631119335430
1525637634390900738
1525637635691134979
1525637640032247808
1525637640149618688
1525637643328860160
1525637644117491715
1525637650341928961
1525637651885195264
1525637653617487873
1525637653890224128
1525637666318045187
1525637667895005187
1525637671019855873
1525637675545509888
1525637684332331008
1525637688329658369
1525637689638277121
1525637692851109888
1525637693065285632
1525637693618929664
1525637698157006848
1525637700145098752
1525637702921641985
1525637704465141762
1525637704758738945
1525637708655230979
1525637709083164674
1525637724304289794
1525637725931589632
1525637727135453185
1525637728192405505
1525637733020012548
1525637737671450624
1525637737960747009
1525637739043082242
1525637740863299584
1525637742784262144
1525637744810250241
1525637749096726528
1525637749197381633
1525637752792002561
1525637761616728064
1525637765735624704
1525637767774015489
1525637767698558982
1525637775948750848
1525637779287429120
1525637781845860353
1525637796198768641
1525637797121470464
1525637799738609664
1525637802985238528
1525637812132802560
1525637813026164736
1525637814108438536
1525637814741762049
1525637817250070529
1525637819661799425
1525637830235627520
1525637831040946176
1525637831691014145
1525637831992958978
1525637834958315520
1525637837219037184
1525637839085510661
1525637840092135426
1525637841803436034
1525637844005294081
1525637844823425025
1525637854038204417
1525637854856040448
1525637862473048064
1525637862892486658
1525637864876298241
1525637864826052608
1525637864972865537
1525637865891414016
1525637869225684992
1525637869880098816
1525637872501522432
1525637872593903617
1525637873118203905
1525637875194265600
1525637879799681025
1525637887802368000
1525637892046995457
1525637892378353666
1525637893410144261
1525637896031588355
1525637898196099072
1525637898556559367
1525637898565038080
1525637899953311744
1525637900175540225
1525637902255804417
1525637903686283265
1525637903837237248
1525637906676822016
1525637908614586369
1525637909822394370
1525637913685417990
1525637913983205376
1525637921738481667
1525637924024250368
1525637924561178626
1525637925295337474
1525637926272520192
1525637926683557888
1525637927006572544
1525637927438626818
1525637931305672705
1525637934162001920
1525637935881719809
1525637943658004484
1525637945159458818
1525637952096845827
1525637962439991297
1525637965082415104
1525637967619969025
1525637968123265024
1525637971248041984
1525637972686774272
1525637975928864768
1525637986691567617
1525637998167080965
1525638000922828800
1525638003271651329
1525638003741274112
1525638010389266432
1525638015514824704
1525638016567476225
1525638021676154880
1525638032111439874
1525638033340776448
1525638036985466884
1525638037358649344
1525638043092279298
1525638048729505793
1525638049840914433
1525638057218670593
1525638057717862400
1525638059970076672
1525638062297972737
1525638072133636096
1525638073853394944
1525638074809700356
1525638075447140354
1525638080257921024
1525638086612377604
1525638090546610177
1525638092220137473
1525638092912304129
1525638093520478209
1525638102752141312
1525638113300717568
1525638119172759552
1525638119751659521
1525638120456302593
1525638122742157312
1525638132338634752
1525638132468793344
1525638133781614592
1525638136436596736
1525638136864378880
1525638140525953024
1525638144720347137
1525638146360283138
1525638156976066561
1525638157420707844
1525638158213210114
1525638162432892929
1525638164743966726
1525638170599211014
1525638174055202820
1525638178681528322
1525638180531228672
1525638180795559937
1525638184251469825
1525638185279168512
1525638187720269824
1525638189016285184
1525638189452562433
1525638198721974273
1525638200131309570
1525638200584183808
1525638208154910726
1525638208335265794
1525638214920425473
1525638237393457152
1525638238689316865
1525638243953348608
1525638245471723522
1525638246943928320
1525638248818946050
1525638249699594242
1525638251104464896
1525638253969387521
1525638256544698373
1525638258478170113
1525638261988904961
1525638264228659201
1525638267831451653
1525638269958070274
1525638271769923587
1525638273795862529
1525638276220129280
1525638277071622144
1525638279084875776
1525638283023237120
1525638283740454912
1525638292401700864
1525638294171680770
1525638303222996994
1525638308763770880
1525638311322259458
1525638312794509317
1525638315474669570
1525638319547240449
1525638320381902849
1525638327684276226
1525638330557288450
1525638331706404864
1525638341928136706
1525638344721457152
1525638349070942208
1525638353592496131
1525638367467098113
1525638367781830658
1525638371808538624
1525638372055826432
1525638372533968898
1525638375260266497
1525638378385035264
1525638378955460617
1525638380817682433
1525638380876357632
1525638383170625537
1525638391018278913
1525638392171491328
1525638392750276609
1525638394038083585
1525638395048886272
1525638397590749187
1525638404276379648
1525638405111046145
1525638405505355776
1525638406889517057
1525638407883575300
1525638416217538560
1525638437730242560
1525638438904598528
1525638446924144640
1525638455254032385
1525638455572566016
1525638466641469442
1525638469099438081
1525638471955660800
1525638474182934534
1525638480037982208
1525638480604307457
1525638487151726593
1525638493728387072
1525638496643424263
1525638498069450752
1525638502678945799
1525638503538823170
1525638515270496259
1525638524996812801
1525638525479227393
1525638529019174913
1525638530483068930
1525638531774877696
1525638541258153987
1525638542042484737
1525638546303885312
1525638547147038720
1525638549672202240
1525638554797359104
1525638554776260608
1525638557502779399
1525638557716860929
1525638567711604736
1525638572287705090
1525638573801631745
1525638577245364226
1525638578876956672
1525638583230648320
1525638583973036034
1525638584283299840
1525638592550289408
1525638603279310850
1525638607490678784
1525638609830920192
1525638609818165248
1525638614234763266
1525638615144931328
1525638619674836992
1525638620010405888
1525638620979290113
1525638633784496130
1525638636158562304
1525638636619833345
1525638640017227778
1525638644173709312
1525638646937833472
1525638648540053506
1525638652751134720
1525638656010108929
1525638659906719748
1525638667305353217
1525638671042486274
1525638672976166912
1525638679099752448
1525638682643939328
1525638691632435201
1525638693486268417
1525638694681686018
1525638701681983488
1525638704987049984
1525638722636619778
1525638729439887360
1525638730383605760
1525638732837228545
1525638736440180736
1525638745239588864
1525638756052639744
1525638756480458754
1525638772045529089
1525638775942135808
1525638780014706689
1525638784666243072
1525638786134298625
1525638787988172800
1525638796145963009
1525638799061094401
1525638799685984256
1525638800331898885
1525638800403222529
1525638805876641792
1525638807525138432
1525638815024553987
1525638820061847552
1525638820686974981
1525638822305878016
1525638827917860864
1525638832162590722
1525638832850362369
1525638835132153861
1525638835987677185
1525638842463752192
1525638850751651840
1525638851774976000
1525638855277391873
1525638856233701381
1525638858003689473
1525638867021348867
1525638868652986369
1525638868900388865
1525638874206175234
1525638878564081664
1525638879704907776
1525638880405463041
1525638884658450432
1525638887057547265
1525638904082182144
1525638906229665799
1525638907311935495
1525638920423325698
1525638928526585856
1525638928560279552
1525638930267250689
1525638932007903233
1525638933085884417
1525638936328130560
1525638936512499712
1525638939276632066
1525638940077699073
1525638943450050561
1525638951297490946
1525638952106999809
1525638952350359555
1525638954795556866
1525638958809354240
1525638958817878016
1525638966300508162
1525638969228247041
1525638975737802753
1525638976178094081
1525638985724338176
1525638989838831617
1525638993064431616
1525638993752346631
1525638996063395841
1525638996818333696
1525638998034509825
1525639001851453440
1525639010793799680
1525639015747264512
1525639029751939074
1525639037087887362
1525639036978835456
1525639044008493057
1525639049054023680
1525639049184157698
1525639060500676609
1525639062270402561
1525639069610430464
1525639079890649088
1525639088333897728
1525639092100292611
1525639093551497217
1525639102737141762
1525639103441780737
1525639104838393856
1525639105215877122
1525639105614315520
1525639105966751745
1525639109280006144
1525639114648866816
1525639117031211008
1525639117891149830
1525639122844631040
1525639127349268481
1525639130943717378
1525639133158330374
1525639135012200449
1525639140607508481
1525639141081464835
1525639158462443520
1525639160924721153
1525639160983343105
1525639163621556228
1525639167002267648
1525639167190892544
1525639171116785666
1525639174275178496
1525639176573448193
1525639180461740033
1525639181808148483
1525639183603310592
1525639184576389120
1525639184668667905
1525639185889124352
1525639197087907843
1525639205837225984
1525639206529376258
1525639217023717377
1525639217321222144
1525639223243640835
1525639230336208896
1525639240800944128
1525639247369101312
1525639247700578306
1525639251257327616
1525639252163239936
1525639253249622016
1525639257397678081
1525639261122437121
1525639263022620673
1525639266155503618
1525639267996864512
1525639268709896193
1525639270852988928
1525639275819282432
1525639277563895808
1525639281607311360
1525639282760753152
1525639283444531203
1525639284258217984
1525639285629665280
1525639299718430721
1525639307142352898
1525639307486273536
1525639309000331266
1525639309726216193
1525639311206522889
1525639315409223681
1525639317405716480
1525639318160789505
1525639324422877184
1525639327430098944
1525639330341040128
1525639330433212417
1525639331423350784
1525639331926487040
1525639334447042560
1525639336112398337
1525639338465165312
1525639355410403329
1525639358547632131
1525639364167991296
1525639368207220736
1525639373840076800
1525639374431477760
1525639375866023938
1525639378860658688
1525639384757948418
1525639391745540098
1525639394677366784
1525639394706825219
1525639395965026304
1525639397588221953
1525639399056322561
1525639405272113152
1525639409474883588
1525639413786722304
1525639431268581387
1525639442836463617
1525639446342901761
1525639447961817088
1525639448763023361
1525639449371090944
1525639449475878912
1525639454135930880
1525639456585404416
1525639457789165570
1525639462650269697
1525639472813162496
1525639473341640704
1525639475526778881
1525639478903283713
1525639479054290945
1525639479041703937
1525639482111840256
1525639484875976705
1525639483886010369
1525639487811985408
1525639497903316993
1525639499790831617
1525639503649681411
1525639504618463232
1525639504916365313
1525639515607552000
1525639519684415490
1525639526168899585
1525639533735329792
1525639534813356035
1525639540114956291
1525639547261837312
1525639547937296386
1525639551896543233
1525639555352625152
1525639564135735296
1525639564819320834
1525639567595937792
1525639568887791616
1525639569034600450
1525639569915273217
1525639588252991489
1525639588835954688
1525639591574704128
1525639600290545672
1525639600701681665
1525639602849165313
1525639615306162178
1525639619781574656
1525639622470078465
1525639623355121666
1525639625271820289
1525639627717099523
1525639632615927808
1525639647849861126
1525639661867220994
1525639669542801413
1525639671002255360
1525639675519434752
1525639677843234817
1525639681915904001
1525639687615946752
1525639690048749568
1525639690795245568
1525639693668433920
1525639703512240130
1525639704028270593
1525639706595102720
1525639712848744448
1525639717081038852
1525639721208135684
1525639722449506304
1525639725784215555
1525639726136537088
1525639742301290496
1525639748953448450
1525639751113576448
1525639751340118016
1525639756427759616
1525639757555978241
1525639762341658624
1525639763386302465
1525639763767791616
1525639771892158465
1525639778062020613
1525639786769301504
1525639788929458176
1525639794856017920
1525639796328120321
1525639798479806466
1525639799717220354
1525639801298632704
1525639810068758528
1525639812627177474
1525639815810756609
1525639815970037761
1525639823037300736
1525639823209512961
1525639826883723264
1525639826803896321
1525639827949068291
1525639834437439488
1525639836421472257
1525639844659093504
1525639846663962625
1525639849629437952
1525639850719854592
1525639856759914496
1525639860492849152
1525639861348077569
1525639863126589441
1525639864632365058
1525639865668354048
1525639866620706816
1525639867430014977
1525639867451027458
1525639870621921282
1525639877118803968
1525639884957958144
1525639884995706886
1525639890049843200
1525639890708443136
1525639894160138240
1525639898639781894
1525639902842474496
1525639906017611778
1525639911222792192
1525639912070033409
1525639913529565187
1525639914531979265
1525639921670754306
1525639928599781381
1525639929304317952
1525639932575993860
1525639933783859202
1525639943976009735
1525639946379591681
1525639947801214977
1525639949604864002
1525639951508983809
1525639951584440323
1525639961269108736
1525639966281601024
1525639970962018309
1525639971662618628
1525639975135432704
1525639981980651522
1525639988951584768
1525639990377693187
1525640001580584964
1525640014872432642
1525640016004890626
1525640016768249856
1525640022468222976
1525640026528292866
1525640036502446082
1525640043607498752
1525640043892682752
1525640044886646784
1525640046132486147
1525640046669332481
1525640051664859139
1525640056232284160
1525640068685242369
1525640074485846016
1525640075249319937
1525640076658716674
1525640081507221505
1525640088906088448
1525640095373705219
1525640100054540288
1525640109000753152
1525640112780062720
1525640115225210880
1525640126562553859
1525640131390095362
1525640134057676800
1525640135026556928
1525640136117178368
1525640137073377280
1525640137622794241
1525640142983151616
1525640144971304962
1525640148075040768
1525640149631217664
1525640152927772672
1525640160020377601
1525640160527917056
1525640166328639489
1525640169881149440
1525640171684626432
1525640182602645504
1525640189909118977
1525640192945799168
1525640193817972736
1525640194707410944
1525640197878484992
1525640203313893377
1525640203435757569
1525640206581391362
1525640209928421376
1525640218338111489
1525640221739581442
1525640223253839878
1525640225992675328
1525640226470875137
1525640234918084609
1525640239238332417
1525640243906596864
1525640248151224325
1525640252458536961
1525640252769161216
1525640257525493760
1525640259635134464
1525640261719756800
1525640266220285952
1525640276542357504
1525640282900942849
1525640286382301185
1525640288022167558
1525640297618849792
1525640298277257216
1525640302148583424
1525640304111624192
1525640304371585026
1525640310579134465
1525640311032229890
1525640318279897088
1525640322444939264
1525640329248002052
1525640333781917696
1525640335765999616
1525640340312498176
1525640345823985665
1525640346180284416
1525640346629046273
1525640350282530820
1525640351557500928
1525640357710635008
1525640359258337285
1525640365679820802
1525640367625973760
1525640369869926400
1525640370884947968
1525640380221468673
1525640392573652994
1525640405575925760
1525640406905589760
1525640407006294018
1525640412228112384
1525640415726260231
1525640416896466945
1525640426044149761
1525640426903982081
1525640433098964992
1525640438933245952
1525640439990206465
1525640441533808641
1525640453906915332
1525640453994840064
1525640454934605824
1525640459783127042
1525640463092531201
1525640467827892225
1525640473515380738
1525640473381064704
1525640476417736712
1525640476623114241
1525640478665891840
1525640482994503686
1525640485636911104
1525640487805325313
1525640498504933376
1525640506625097728
1525640520579661830
1525640525033852928
1525640526132822016
1525640526497583106
1525640526501777408
1525640530037702656
1525640535813369856
1525640539139358720
1525640540619939840
1525640540829663232
1525640542218031104
1525640542243196928
1525640544734552064
1525640551005048833
1525640563059576833
1525640567970930688
1525640568356970496
1525640575218765824
1525640575764111360
1525640579304108032
1525640581292122112
1525640583145996289
1525640586719535104
1525640589659758594
1525640593887662082
1525640594957156363
1525640594940477440
1525640596760690688
1525640598799020033
1525640607342989312
1525640608391475200
1525640614674587649
1525640615668723712
1525640616750850048
1525640627219832833
1525640628327030786
1525640631317630978
1525640631464476672
1525640640385662978
1525640643074195458
1525640648820498432
1525640648829054977
1525640665450876929
1525640666252025858
1525640668877574146
1525640674288480256
1525640678654590976
1525640685164056577
1525640686875336708
1525640687395520513
1525640687278075904
1525640688259452928
1525640691497549825
1525640693263257601
1525640705774854144
1525640707431616513
1525640710640308225
1525640714310365186
1525640716671655939
1525640724468928513
1525640725697687554
1525640727123972103
1525640727811698690
1525640754827350017
1525640757821984769
1525640758061109249
1525640758950342656
1525640762897182721
1525640767036850176
1525640769184227328
1525640769574514692
1525640772481077248
1525640772791541761
1525640775001731072
1525640794774065152
1525640797768384512
1525640810879979522
1525640834082914304
1525640840273608704
1525640842131607552
1525640845378179073
1525640854362267648
1525640860695531520
1525640862167973890
1525640862163783680
1525640868123840512
1525640870568988674
1525640870644617224
1525640871210893315
1525640878836043778
1525640881071706112
1525640887312736256
1525640888784936960
1525640891083460608
1525640892190982145
1525640912730214400
1525640915985080323
1525640922448515072
1525640922570149889
1525640923098628097
1525640924365209601
1525640925371805696
1525640930757312513
1525640932799946753
1525640933181620224
1525640938139406338
1525640941087997952
1525640943046623233
1525640950407634947
1525640952978841601
1525640956833370114
1525640959970656265
1525640970926276610
1525640973384024065
1525640976739483648
1525640980510257152
1525640981688635392
1525640984305991680
1525640985220460544
1525640988781334528
1525640991771852800
1525641000294703104
1525641001024606210
1525641011912970245
1525641012676280325
1525641019974307840
1525641020477612032
1525641022138634240
1525641022725832704
1525641025926090753
1525641027561742336
1525641027763290112
1525641032376918016
1525641034050543624
1525641040933187584
1525641044125175816
1525641046046154752
1525641050353766400
1525641051343560705
1525641052841037825
1525641056255082498
1525641061296644097
1525641066250129408
1525641066770272256
1525641068473032705
1525641075184082944
1525641092321902592
1525641096109375490
1525641098382946305
1525641101981454337
1525641106431660032
1525641109942128641
1525641110378500096
1525641110563049473
1525641117412237315
1525641120650104833
1525641121212276736
1525641122462285824
1525641127168135168
1525641136177438720
1525641144922685442
1525641149125468160
1525641149607714816
1525641151847575552
1525641152111812608
1525641152757743617
1525641153193906176
1525641156599681028
1525641166535942144
1525641166770712576
1525641170713554947
1525641170776473601
1525641177642377217
1525641200731975680
1525641201772371968
1525641218906013697
1525641219031834632
1525641220772478979
1525641221833637888
1525641222076891137
1525641223800750083
1525641225520521216
1525641226325721091
1525641231522353153
1525641233137291265
1525641243702743040
1525641244675817478
1525641251583926278
1525641264175235072
1525641264368074753
1525641272945520641
1525641277353742338
1525641281891880960
1525641283410198534
1525641284966354944
1525641292914388992
1525641293296197632
1525641311864381441
1525641312984354816
1525641314179629062
1525641316901830657
1525641325122465792
1525641330470178816
1525641330621399041
1525641333016346624
1525641337902665729
1525641339072831488
1525641340675321856
1525641343867011072
1525641344722604032
1525641353295712257
1525641354625286144
1525641360929439745
1525641362468528130
1525641374799896581
1525641388741775361
1525641394995568642
1525641399592435712
1525641399659634688
1525641416730415104
1525641417347022849
1525641422535282688
1525641424926126085
1525641431917936642
1525641432131850241
1525641432194752512
1525641434199621633
1525641435927793665
1525641438943334400
1525641441237553152
1525641441883705349
1525641443712323585
1525641449672429573
1525641454420381698
1525641457729667077
1525641467317846021
1525641467993235458
1525641473559080966
1525641477153595395
1525641476348293120
1525641483994406912
1525641485697310720
1525641486955692032
1525641488708796417
1525641496518598657
1525641506589138944
1525641507478323201
1525641508929552384
1525641525509689344
1525641543511597058
1525641544753106944
1525641570464178186
1525641577858838528
1525641577825280003
1525641580216037377
1525641581717598208
1525641585412784131
1525641587132403712
1525641596435197954
1525641619705417728
1525641621215318016
1525641624059092992
1525641640077053958
1525641641738248192
1525641642773864451
1525641646825775104
1525641646892797954
1525641647165423617
1525641655310852098
1525641657227612162
1525641657445519360
1525641657906888704
1525641660163674113
1525641663829377025
1525641669688930309
1525641669776920576
1525641670481653761
1525641692401250304
1525641694313578496
1525641699132833793
1525641710667186176
1525641712806543360
1525641724575551488
1525641734331441153
1525641734675472384
1525641739440111618
1525641739687665664
1525641740421570560
1525641751284879360
1525641752949964800
1525641753612767232
1525641757135970306
1525641759463575552
1525641762026721281
1525641776631005184
1525641784101044229
1525641784142995456
1525641784524783620
1525641787007807489
1525641788282662912
1525641788991619073
1525641789742489605
1525641794817515520
1525641796491132928
1525641798110289920
1525641798089048069
1525641806591008768
1525641813998059522
1525641815046492160
1525641815835418624
1525641824152469504
1525641827482644480
1525641833824542720
1525641835162570752
1525641836055896065
1525641836966076417
1525641836961857539
1525641838819934209
1525641845572763651
1525641847359651841
1525641852136849410
1525641852824604672
1525641854171095040
1525641857874726912
1525641866015916032
1525641876640088066
1525641878749650944
1525641879429464064
1525641881161302016
1525641894029557761
1525641898299383808
1525641905966616576
1525641915118518272
1525641917769326594
1525641922114617346
1525641924262100993
1525641932843655169
1525641934957645824
1525641937490960384
1525641939395260416
1525641948295471104
1525641956403060736
1525641956927348737
1525641956843454464
1525641959532003328
1525641962338111489
1525641966918287361
1525641967199465477
1525641968423936001
1525641969581563904
1525641970235805697
1525641976795766784
1525641977651417088
1525641978771382273
1525641979429896192
1525641981745057792
1525641984618242048
1525641992994181120
1525641997964517378
1525642008848637954
1525642009351819264
1525642010715115521
1525642011004375043
1525642019238027266
1525642023553867779
1525642036363264008
1525642036858302464
1525642038187700224
1525642039550959618
1525642047402778626
1525642048702976001
1525642048480907264
1525642050238038017
1525642050804260864
1525642050917617664
1525642051571703808
1525642057083064321
1525642059180298240
1525642059884990476
1525642061348847624
1525642062259011584
1525642081997230081
1525642085319200769
1525642087567437824
1525642088645332992
1525642091921031170
1525642092407664640
