1522380617656283136
1522380619090739201
1522380619237498880
1522380623196868608
1522380626837520386
1522380627806404608
1522380628393660416
1522380628812959745
1522380629471600641
1522380630675406850
1522380632223064072
1522380632650706944
1522380639407857664
1522380642532614146
1522380646030655489
1522380647335088129
1522380648740139008
1522380649029582849
1522380651953074183
1522380656738803713
1522380656826847239
1522380657317449735
1522380658131226624
1522380658743648257
1522380659146305536
1522380661541191680
1522380662828904448
1522380669153947648
1522380685364940800
1522380688162537475
1522380701550747648
1522380703966670850
1522380710232969217
1522380714376892416
1522380714657951746
1522380715442192384
1522380715891044353
1522380715694108673
1522380717451227136
1522380718516625408
1522380722522267649
1522380724451651584
1522380727056310274
1522380729103134722
1522380730311057409
1522380732961746945
1522380733825884163
1522380736178892801
1522380741698588673
1522380742592016384
1522380743460093952
1522380748057108482
1522380752444350464
1522380762003263488
1522380762485428224
1522380766709264385
1522380768789643265
1522380769255206912
1522380772610801665
1522380772690251777
1522380772862308352
1522380775211122689
1522380787986874373
1522380788582465538
1522380791703117827
1522380792722341890
1522380798250262529
1522380800670502914
1522380800804671488
1522380802704691204
1522380809029791746
1522380818739605505
1522380819003854856
1522380830173188099
1522380832480149504
1522380832861786113
1522380835407552512
1522380844010295297
1522380844039606273
1522380845574668288
1522380849982889984
1522380851627110403
1522380857780183040
1522380860217085954
1522380859956936705
1522380865879392256
1522380867045404672
1522380868429381632
1522380869268393984
1522380869415100416
1522380869461110785
1522380873634615296
1522380875299983360
1522380879812775937
1522380880404221954
1522380886041317376
1522380888687976450
1522380893373014016
1522380893754560512
1522380900297846784
1522380907147055105
1522380908304732165
1522380916093505537
1522380917175640065
1522380924305825792
1522380924880576513
1522380930760990720
1522380932396822529
1522380933256859648
1522380935161073664
1522380939745280002
1522380941435588608
1522380942811226115
1522380946917494784
1522380949903839234
1522380953406083079
1522380958644768769
1522380962021187584
1522380966764945411
1522380972397928449
1522380974042058758
1522380979515670530
1522380987023376386
1522380987195441152
1522380987589701632
1522380993570738176
1522380999723782149
1522381003616141312
1522381007646871554
1522381012772270080
1522381013430714368
1522381017415397377
1522381022968516608
1522381023870439429
1522381023991980032
1522381034251243520
1522381038634381312
1522381042488905728
1522381042736324611
1522381046628913153
1522381050797821955
1522381050885910528
1522381052127453185
1522381058678812673
1522381060029685761
1522381060880875525
1522381063187705856
1522381063401750530
1522381071509295105
1522381075258904576
1522381075619753984
1522381076353753090
1522381079503679489
1522381082045431808
1522381095743930370
1522381109761294336
1522381109685858305
1522381109832601602
1522381110650544134
1522381112630255616
1522381113947303936
1522381115172003841
1522381126534414336
1522381135514198016
1522381136911298562
1522381139213795328
1522381149435138048
1522381149041004544
1522381155802263553
1522381157580607494
1522381157630943232
1522381162865434625
1522381164899618816
1522381166925410304
1522381167403671558
1522381169546964994
1522381170410934272
1522381173212676096
1522381177948188674
1522381179059642373
1522381181081333764
1522381183887486976
1522381188677128194
1522381190740811776
1522381190996672512
1522381193169227776
1522381193882308615
1522381195530715137
1522381202770079744
1522381209577443328
1522381210487513089
1522381212920258561
1522381214803537920
1522381219991678977
1522381221027880962
1522381222248337411
1522381230288818179
1522381234172747779
1522381236802576384
1522381237616226304
1522381240334172161
1522381240468492289
1522381242540380161
1522381242578186240
1522381251637923842
1522381254943031297
1522381259846168576
1522381278657449986
1522381281438449665
1522381301906612225
1522381304561610752
1522381304586719232
1522381305408798720
1522381312362905600
1522381313415778304
1522381321670205440
1522381323620556801
1522381330709123072
1522381331082186764
1522381333930123264
1522381336446611456
1522381339978309633
1522381340188020736
1522381346341011456
1522381350505955329
1522381355132375042
1522381355711352832
1522381362673688580
1522381372861657089
1522381373641613312
1522381374065451014
1522381375831085057
1522381376015814656
1522381376149987328
1522381377903247360
1522381378519805952
1522381379107004418
1522381380382081027
1522381381074051073
1522381390779723787
1522381394520907776
1522381396114874368
1522381398266503169
1522381398383898624
1522381403584966656
1522381404641841158
1522381411369508865
1522381411638190080
1522381413785509893
1522381414347456514
1522381419317764097
1522381422174031874
1522381423017082881
1522381424854196224
1522381427031089152
1522381430285811712
1522381436384337921
1522381437525188609
1522381446660468736
1522381458295300096
1522381458823864326
1522381459088097281
1522381463110373376
1522381465157132288
1522381465929068549
1522381468701450243
1522381472585371648
1522381475294760960
1522381480848240640
1522381486959300608
1522381488163012608
1522381494089564162
1522381494395801600
1522381496719396869
1522381499819085825
1522381507935051777
1522381510275481600
1522381511445549056
1522381515224666113
1522381517946769411
1522381522652868609
1522381525311971334
1522381531133710337
1522381533902000128
1522381543573966848
1522381544521932810
1522381546082254848
1522381555456434176
1522381558543441920
1522381559944335361
1522381559462047746
1522381562381316099
1522381564843200512
1522381567515111424
1522381569742147584
1522381572057542657
1522381579313631233
1522381582719496193
1522381584506179586
1522381589333876737
1522381592362164227
1522381592395763712
1522381593092005890
1522381595189067776
1522381601015046144
1522381612243210241
1522381613115768833
1522381633353097216
1522381633743171585
1522381634540273664
1522381636129730561
1522381636813438978
1522381637463552001
1522381648049971201
1522381648729411584
1522381654530088962
1522381656950288384
1522381658078461953
1522381662880948224
1522381672968294404
1522381675380068352
1522381676088860673
1522381677703704582
1522381678869630978
1522381683781079040
1522381689988788224
1522381692111048707
1522381693520420865
1522381696259215362
1522381704291311616
1522381708682743810
1522381709467168768
1522381712726056961
1522381716807110661
1522381728953864193
1522381729616609284
1522381730195599360
1522381735987662850
1522381740907667457
1522381742920900608
1522381742878904322
1522381743587799040
1522381744271466497
1522381745550725121
1522381746423091200
1522381746720976897
1522381749833117696
1522381753473802241
1522381754358800391
1522381760339849217
1522381763309416450
1522381766538969089
1522381773912559617
1522381779818139648
1522381780820582402
1522381780828966913
1522381786151460864
1522381786612781058
1522381792522743809
1522381793269366785
1522381797367160837
1522381799850229761
1522381800038932480
1522381801280442368
1522381801968259072
1522381801985040385
1522381803117547520
1522381808091815936
1522381809127993346
1522381810793132032
1522381816119709699
1522381818124771328
1522381819664080896
1522381820322586624
1522381823644663809
1522381827612319744
1522381828329553923
1522381834792968192
1522381835661193216
1522381836248399876
1522381839469584384
1522381840312684545
1522381840946016256
1522381844213239808
1522381846423691264
1522381857316388870
1522381859656720384
1522381864165597186
1522381865319112704
1522381866392825860
1522381868657778688
1522381880145891328
1522381885829169153
1522381886131163139
1522381891445399556
1522381891529318401
1522381892162625543
1522381893173489666
1522381894452719616
1522381897086771201
1522381897447399425
1522381902665166849
1522381906439901184
1522381909778706432
1522381909912961026
1522381909833261056
1522381910957301760
1522381912702074881
1522381918096003074
1522381919148724226
1522381924551041026
1522381934818914304
1522381938643845122
1522381939772166145
1522381941697302528
1522381944993959936
1522381947804262403
1522381949322489856
1522381953219051521
1522381953777172481
1522381953890091008
1522381957195251713
1522381957891596290
1522381966527635456
1522381967148281856
1522381970742943746
1522381975574786049
1522381977688715264
1522381979202764802
1522381979349565441
1522381981773971456
1522381982981885952
1522381991236231169
1522381991399858177
1522381992242917376
1522381992125468673
1522381995636142083
1522382002703507459
1522382006323187715
1522382008453898241
1522382018125844480
1522382020952924162
1522382021657509888
1522382040397664257
1522382041446334464
1522382042159271942
1522382046236135426
1522382046961840129
1522382048173993984
1522382056973606914
1522382058122850304
1522382059792211969
1522382066142355456
1522382071934894080
1522382072274460672
1522382074262560771
1522382079387918336
1522382079769690112
1522382083368402946
1522382089567584260
1522382090066698240
1522382099101196289
1522382099780616192
1522382101592559616
1522382102901268481
1522382103580717057
1522382104335630336
1522382104805400577
1522382108672643072
1522382117891674112
1522382125101690881
1522382126351634432
1522382128461328384
1522382129522479104
1522382132542332929
1522382139257409537
1522382143632158720
1522382145947578369
1522382150166790146
1522382154893721600
1522382155170848768
1522382157100064769
1522382159293599748
1522382159331446789
1522382161734770688
1522382162854559745
1522382166168313856
1522382166977617922
1522382169917825027
1522382170689572864
1522382172325306368
1522382175911436289
1522382175970250752
1522382181083103233
1522382194211123201
1522382194311892992
1522382200129597440
1522382200062230528
1522382200381050881
1522382203157901312
1522382209528778752
1522382209738579969
1522382213932847106
1522382214981423105
1522382216197722112
1522382218173239301
1522382219435782144
1522382220723429376
1522382221402906625
1522382222254538753
1522382227979579392
1522382237890748421
1522382238024966144
1522382240616902656
1522382241724260352
1522382246329880576
1522382250058436608
1522382256710463490
1522382257524449280
1522382258480594945
1522382262272024577
1522382264520220672
1522382265539518469
1522382269507416064
1522382277388509184
1522382278680203264
1522382285756112897
1522382299668566017
1522382300553568264
1522382303040843778
1522382305565757441
1522382307541364739
1522382307876868097
1522382309768544257
1522382313186750464
1522382315820929029
1522382319578869760
1522382329074917377
1522382330651938822
1522382342735732747
1522382346850160640
1522382348825862144
1522382350956519424
1522382353380769792
1522382354295181313
1522382354190594048
1522382354790105088
1522382356224561152
1522382365515038720
1522382369239572482
1522382369889689600
1522382371718320128
1522382374742372353
1522382384938856449
1522382386905952257
1522382389024014336
1522382391012122624
1522382396175355912
1522382397613953025
1522382402135498756
1522382403985154048
1522382406363267076
1522382408879853568
1522382413690974208
1522382415347527680
1522382415888531457
1522382416421265408
1522382416513572867
1522382422209449985
1522382432061775873
1522382432430956544
1522382436008615937
1522382438143561728
1522382438663655424
1522382446964224001
1522382452664287232
1522382454589374465
1522382458624393216
1522382458930442240
1522382461124198402
1522382462114058245
1522382462416048131
1522382466543017984
1522382468933955585
1522382473434337280
1522382479012864001
1522382481529397248
1522382489909710848
1522382490492710913
1522382495521685512
1522382503608258560
1522382509551484928
1522382509866057728
1522382516677754880
1522382518460329985
1522382523325550594
1522382523455709190
1522382527184445443
1522382528778317829
1522382533622743042
1522382533631033345
1522382535921045505
1522382537829625856
1522382542363627522
1522382550043406338
1522382550840320000
1522382551209418752
1522382562965942272
1522382564094353409
1522382565511938050
1522382571925032961
1522382573317488640
1522382574097686528
1522382579239997441
1522382580640800770
1522382583140659202
1522382584503840771
1522382589260353536
1522382598781218816
1522382606658064384
1522382625335394307
1522382629781315584
1522382632251760640
1522382633891553281
1522382638849396736
1522382641877688323
1522382645132414978
1522382646222983174
1522382649213558784
1522382649918119938
1522382653617496069
1522382653869150208
1522382654355738624
1522382654435479553
1522382662362710017
1522382664447275009
1522382665609011200
1522382673263702017
1522382678053556224
1522382678049574912
1522382688975347712
1522382689189478400
1522382692624515073
1522382700811898880
1522382704301510656
1522382709179437058
1522382709905145858
1522382710307803139
1522382711373144064
1522382713331793922
1522382714204311554
1522382720588029952
1522382720873410560
1522382726493622274
1522382732663345152
1522382735834337283
1522382737545601025
1522382743413616641
1522382744588013569
1522382744600420352
1522382747469242368
1522382749570519042
1522382756491055104
1522382758370287616
1522382763017621508
1522382763105689607
1522382765932613635
1522382766490492930
1522382768289849348
1522382768533123074
1522382771871748096
1522382779618631680
1522382780604289025
1522382788288303104
1522382792256020481
1522382794042843136
1522382796995584001
1522382798459342849
1522382798711312384
1522382800736768005
1522382802913841152
1522382810119643137
1522382812522991617
1522382814053863428
1522382816155217920
1522382820676620292
1522382828054454272
1522382828671049728
1522382829170139150
1522382831649009664
1522382832458416130
1522382835730063361
1522382843648913408
1522382844995289089
1522382846366728192
1522382847818051584
1522382847805378560
1522382848165957632
1522382850888151040
1522382853476036609
1522382863861227521
1522382866805575682
1522382868072312832
1522382870484070402
1522382875542573056
1522382878050557953
1522382881921843200
1522382884031635458
1522382886808211456
1522382887991005184
1522382893225582592
1522382903191261186
1522382908106940416
1522382908622835712
1522382909071634434
1522382914599763968
1522382917762265089
1522382921302167555
1522382923819020288
1522382924045115392
1522382929648791554
1522382930756128769
1522382932681412609
1522382938205302784
1522382940197556228
1522382942059835393
1522382943305576449
1522382946757267456
1522382949328556032
1522382950406443015
1522382952012951554
1522382955964149763
1522382956194680833
1522382956660203521
1522382959059386369
1522382967498235905
1522382974217596928
1522382975362646018
1522382986146197505
1522382990281777154
1522382994719535105
1522382994996031488
1522383002340233216
1522383004110573568
1522383008547983361
1522383012360556546
1522383012431900673
1522383015032283136
1522383019042119683
1522383019243356160
1522383020958826501
1522383024238694400
1522383027007066112
1522383033176932352
1522383034766479361
1522383035987070976
1522383036582572034
1522383038344310786
1522383048553025536
1522383050197319680
1522383055163256832
1522383055385731072
1522383055662772224
1522383056459415553
1522383062256209920
1522383066097930242
1522383070367821824
1522383071000993792
1522383071164698624
1522383075585445888
1522383082363498496
1522383082942251008
1522383082929668097
1522383088344522754
1522383089435127809
1522383098306088960
1522383101674074112
1522383106669486082
1522383109676998658
1522383110553407489
1522383117453045765
1522383118254153729
1522383128614084610
1522383132376416260
1522383134930599936
1522383136558047234
1522383141830553602
1522383141935013888
1522383144523075584
1522383146645401602
1522383149787136000
1522383153314377731
1522383153960259587
1522383154639745024
1522383155231035393
1522383160654315523
1522383161006690304
1522383165889081344
1522383166404800513
1522383175145730049
1522383179612577795
1522383182380908546
1522383193210503169
1522383193281896450
1522383193277702145
1522383194053562368
1522383194259079169
1522383197505470464
1522383197606227969
1522383198273032193
1522383208444268547
1522383209425686528
1522383212768546820
1522383214685585409
1522383215729987584
1522383226450370561
1522383228132556800
1522383230237818881
1522383239238856704
1522383240778055680
1522383243399544834
1522383261707784192
1522383264366931968
1522383265113731073
1522383265260318722
1522383266891939842
1522383269798498307
1522383273409851392
1522383282964353024
1522383285397372928
1522383286621908993
1522383288983244800
1522383290937786368
1522383300135948289
1522383302535303169
1522383302799155200
1522383302891646982
1522383303273291776
1522383307295580161
1522383311833681920
1522383314610532353
1522383316179210244
1522383317756219393
1522383318389596161
1522383319333322754
1522383325867958280
1522383330112548864
1522383332302020609
1522383334063628288
1522383334344691713
1522383337712754688
1522383340329836544
1522383343056306177
1522383347523231750
1522383347497975809
1522383357807857664
1522383359959306240
1522383361309908993
1522383361712480260
1522383363511832577
1522383364111675394
1522383364820549634
1522383367228039169
1522383368964423680
1522383371682394113
1522383375935447042
1522383381731938305
1522383385683021824
1522383390133080066
1522383402174984197
1522383407967313923
1522383409196191745
1522383410131570688
1522383410337095681
1522383412673363969
1522383430494965760
1522383438317301761
1522383439747436544
1522383447892836354
1522383462375858177
1522383462895964162
1522383467652296704
1522383474656972801
1522383475000713217
1522383478612013056
1522383478733479936
1522383481313103872
1522383481866575872
1522383482219028484
1522383483816927232
1522383484521693184
1522383500254588928
1522383503186350081
1522383505199702017
1522383508043452418
1522383512552177664
1522383518751412224
1522383521796747267
1522383525357531137
1522383525839728640
1522383530847789056
1522383531283996672
1522383531967541248
1522383533335093253
1522383538498457600
1522383541010636805
1522383541774032898
1522383543279800320
1522383543892160512
1522383545318232068
1522383547289550849
1522383547360849920
1522383548459720706
1522383550481321986
1522383551731281920
1522383554549846017
1522383565182357505
1522383567594135552
1522383567895994373
1522383570773606400
1522383574577598465
1522383578587402242
1522383578641932288
1522383580793430016
1522383582584442881
1522383587433226240
1522383594022481924
1522383596245368833
1522383597054930944
1522383602125737984
1522383609524539392
1522383610602561536
1522383612200501249
1522383612666122241
1522383614318727170
1522383617280069632
1522383623051227136
1522383623294525443
1522383627157389317
1522383630861021185
1522383631741771777
1522383636372283394
1522383638146519041
1522383640126230528
1522383640113692674
1522383640336166915
1522383643750154240
1522383645985718272
1522383646098968578
1522383645692026882
1522383648313552896
1522383650133790720
1522383657150865409
1522383661143842821
1522383663484260353
1522383667749957632
1522383676843216897
1522383682824286208
1522383683977723911
1522383688478367744
1522383690042679308
1522383692152418306
1522383693477732353
1522383695067459589
1522383701853806593
1522383703904763904
1522383713568366592
1522383722888286209
1522383723353755648
1522383726537506818
1522383734057492481
1522383737211830272
1522383740823089155
1522383741129089024
1522383744237068288
1522383743893348353
1522383745902383104
1522383752793628678
1522383753443696640
1522383754714656770
1522383755075325955
1522383757449494529
1522383767171899392
1522383772494307330
1522383774314643457
1522383775275098112
1522383775279235072
1522383777254842369
1522383779503001600
1522383780056551425
1522383782275436549
1522383783764369409
1522383793415467010
1522383803217547266
1522383806736576513
1522383807902625796
1522383810582790145
1522383810696036354
1522383823593484289
1522383826860838912
1522383830996471809
1522383832015638530
1522383833093529603
1522383835337482242
1522383836046368768
1522383839850647552
1522383841540952064
1522383843336019968
1522383843747053573
1522383846775443457
1522383847572348928
1522383853347872771
1522383861023490048
1522383866543022081
1522383866589286401
1522383868073979904
1522383873983848448
1522383874235502592
1522383880090796032
1522383880585723904
1522383884155076609
1522383887393071106
1522383901909528578
1522383904572952576
1522383912797970434
1522383918053294081
1522383926806953988
1522383936504184832
1522383939259797506
1522383941235359744
1522383946062995464
1522383946205605888
1522383952949960707
1522383956666105856
1522383957739900933
1522383958771646466
1522383960629780482
1522383963632934915
1522383967823044609
1522383976769413122
1522383981177708552
1522383982888951809
1522383990887436289
1522383991021572097
1522383995023118336
1522383995215958025
1522384000425287680
1522384000534421505
1522384003885674497
1522384009937965058
1522384014467911682
1522384014803361794
1522384022185332737
1522384023980548096
1522384033879138305
1522384037620367361
1522384038757027877
1522384042376646656
1522384047867109376
1522384054754365441
1522384058780684288
1522384065915068418
1522384067290800128
1522384068075311104
1522384079337009156
1522384080024788993
1522384081849356289
1522384085074731008
1522384085624455174
1522384086156906501
1522384087515901952
1522384089600380928
1522384096474849282
1522384098513281024
1522384098756632580
1522384100291579904
1522384100518248449
1522384102946746370
1522384105186463744
1522384107791167489
1522384108789420032
1522384109791703040
1522384112807555073
1522384125298053120
1522384128439914497
1522384131786686464
1522384132071907328
1522384136010440712
1522384138413780994
1522384145779163136
1522384145737039880
1522384148253581312
1522384149218496512
1522384162417782785
1522384163021668355
1522384167773822982
1522384172098146307
1522384175042416640
1522384178398076928
1522384180793032705
1522384181631856642
1522384182005088264
1522384187013177344
1522384188099416065
1522384193115893763
1522384193833078784
1522384197129842688
1522384197389721601
1522384197570154496
1522384202506854403
1522384202733441025
1522384202913701891
1522384205761679361
1522384209481977859
1522384215173746691
1522384215555428352
1522384217698623490
1522384225411887106
1522384225860829184
1522384230382190592
1522384235922923520
1522384235985874945
1522384237541789696
1522384244076597250
1522384253337616384
1522384253878775808
1522384255770370049
1522384256399466502
1522384259763294209
1522384259893317632
1522384265463402499
1522384267615088655
1522384272925020162
1522384273864634374
1522384275294801928
1522384276817592320
1522384278960717826
1522384280499929088
1522384279564607491
1522384282131615744
1522384289316450309
1522384292336353280
1522384293338701825
1522384295830110208
1522384297482760192
1522384298422194176
1522384302041874432
1522384313433612289
1522384317103886336
1522384319192477696
1522384322510086144
1522384323843874817
1522384331133566978
1522384331410493441
1522384333381816321
1522384345876606977
1522384348347092992
1522384353556320268
1522384356924268544
1522384368056033282
1522384371688353794
1522384374502723585
1522384377421959170
1522384380324630529
1522384387618316288
1522384388419371014
1522384393179852801
1522384395457466369
1522384396258615296
1522384398913519616
1522384400498966529
1522384400989753345
1522384404450054144
1522384404928159744
1522384405683134479
1522384407046283272
1522384411618119684
1522384416865394688
1522384420363288577
1522384422837932033
1522384425258000384
1522384428949192705
1522384436423241739
1522384445290029067
1522384445491355649
1522384445931720705
1522384448557305856
1522384453221294081
1522384458002878464
1522384469944115202
1522384478248783873
1522384479276474373
1522384487337934850
1522384487581163522
1522384489355558913
1522384497999859712
1522384499388166145
1522384499681931265
1522384503527948290
1522384507327950849
1522384508951040000
1522384511278977030
1522384514554765313
1522384517092290560
1522384517603856385
1522384517742448645
1522384524847505409
1522384525346865152
1522384527284342784
1522384533500407811
1522384533542252544
1522384538554486785
1522384541528297472
1522384547874287616
1522384553721188354
1522384558439768065
1522384560889212929
1522384561098928130
1522384562499866625
1522384563028307968
1522384574642536448
1522384572822048768
1522384575057600512
1522384576001318914
1522384576785666053
1522384576815013888
1522384577481875458
1522384583077019651
1522384586453536768
1522384589850910720
1522384590224207873
1522384590312296448
1522384590383587328
1522384594783330304
1522384594795995136
1522384598306799616
1522384610860011520
1522384615905845248
1522384622885249025
1522384625540243456
1522384625649209346
1522384627129892864
1522384627674980357
1522384629298343936
1522384630032257035
1522384638832001029
1522384641780559872
1522384641793142785
1522384647908315136
1522384651838500868
1522384652778020871
1522384655630098432
1522384655739142144
1522384656884248595
1522384657471389698
1522384663595126784
1522384663897161729
1522384670566105089
1522384673133019139
1522384673887899655
1522384674412281857
1522384676215689216
1522384682100436996
1522384683753172992
1522384684453437440
1522384687141769216
1522384692909158402
1522384695253782528
1522384699271884803
1522384701406822401
1522384705001517057
1522384707274436609
1522384712718815240
1522384713335414786
1522384714136535040
1522384721027731458
1522384722386722818
1522384727675650054
1522384727969529859
1522384732306038786
1522384732771987456
1522384733895905282
1522384734080303104
1522384741831520256
1522384743085576195
1522384752870838272
1522384765789351939
1522384775276679168
1522384777751535616
1522384782512074752
1522384783178878977
1522384788958679040
1522384791940874240
1522384793664737281
1522384802653302785
1522384804028854273
1522384806411128832
1522384811477897217
1522384814359605249
1522384816301383687
1522384820671762433
1522384825734336544
1522384829869965313
1522384830515736576
1522384836392062977
1522384841186197505
1522384844222775296
1522384852670107660
1522384855471955969
1522384859972481025
1522384863717900289
1522384865118851075
1522384865336958977
1522384867115384833
1522384875717812224
1522384878532182017
1522384880801300483
1522384880943964165
1522384882382798849
1522384883456389123
1522384883464691712
1522384883573792773
1522384885993943041
1522384897175965701
1522384898035798016
1522384904926994432
1522384906537603072
1522384906818658311
1522384908710256641
1522384911113801728
1522384915148513280
1522384917400801282
1522384918969528328
1522384923738451968
1522384924979998720
1522384925906907136
1522384929153298433
1522384935000191009
1522384935402811393
1522384944139583490
1522384945649528834
1522384948535205888
1522384948942053381
1522384950363934722
1522384953039736837
1522384956818870273
1522384960883150849
1522384962649194496
1522384967094910977
1522384972606226433
1522384973990400006
1522384998090739713
1522385001920315392
1522385008543125504
1522385019192365058
1522385019230208002
1522385020777865216
1522385027434172418
1522385037886476290
1522385047709523994
1522385061441675264
1522385062087561216
1522385070237040642
1522385076654428169
1522385079405797376
1522385083436609538
1522385085110104066
1522385085961584657
1522385086561280006
1522385086875725824
1522385087983235072
1522385088369025035
1522385093276413953
1522385094253723648
1522385096514355201
1522385096904527873
1522385101786652674
1522385104403939328
1522385106152873987
1522385106429747201
1522385106643656704
1522385121743376384
1522385127753539584
1522385138600099842
1522385141112442880
1522385144082051077
1522385148603420674
1522385159265337346
1522385161307971587
1522385162880880642
1522385163791048706
1522385170199982081
1522385182808018944
1522385186423558149
1522385186863951874
1522385189560717312
1522385192656248832
1522385194430480384
1522385194514321409
1522385200340213766
1522385202412142592
1522385205419462658
1522385206656868365
1522385208200282112
1522385210435944448
1522385213548281856
1522385220686778370
1522385221408153600
1522385225459851264
1522385225652875306
1522385226307096576
1522385237954637824
1522385240672587776
1522385245374398470
1522385249229066244
1522385253435944960
1522385264714334210
1522385266904043520
1522385273832759297
1522385280334020608
1522385281810411524
1522385287762128896
1522385289167220738
1522385292635766785
1522385292845592576
1522385296117186560
1522385300043202560
1522385301330616335
1522385302790328329
1522385306778882049
1522385315532525568
1522385316384055301
1522385317604380673
1522385317826908168
1522385318628007936
1522385320662216704
1522385327830142976
1522385328807497728
1522385328908251136
1522385330338471939
1522385330980106240
1522385331240247297
1522385331735212034
1522385333966495744
1522385337187676160
1522385343940546561
1522385347816181760
1522385367348957184
1522385374068322310
1522385376589066240
1522385378459758594
1522385378115792897
1522385381102129153
1522385383132176385
1522385386932219906
1522385390216388608
1522385395887054848
1522385399171137537
1522385401788440577
1522385403399053312
1522385406586761218
1522385406951510017
1522385408067317765
1522385415533211649
1522385417575743490
1522385421459673088
1522385421753278465
1522385422093111296
1522385424248971264
1522385425536630784
1522385426627051521
1522385431651749888
1522385431719026688
1522385433149255686
1522385435904954369
1522385446726164481
1522385447401447425
1522385451230785537
1522385451969093632
1522385456910020608
1522385456935092226
1522385460617691136
1522385464065413121
1522385464333725696
1522385481366867968
1522385483497623552
1522385485389258754
1522385485422903297
1522385509884039169
1522385514241925120
1522385515340648448
1522385518327119873
1522385519002492928
1522385522752114691
1522385530217852929
1522385531836911617
1522385536211636225
1522385537805561857
1522385539516616704
1522385541530255360
1522385541509042178
1522385546353704960
1522385547184193536
1522385547406512128
1522385551365591042
1522385551965384704
1522385554968559616
1522385554955898880
1522385559792111616
1522385560387694594
1522385561268326402
1522385562220601345
1522385565622046720
1522385565446025216
1522385565299052544
1522385568537231374
1522385569904480259
1522385572488261632
1522385574056841220
1522385583967903744
1522385597687484416
1522385606248214528
1522385610090102784
1522385612438970369
1522385616108990467
1522385625516756992
1522385626011619329
1522385628817592320
1522385629916631041
1522385634391908355
1522385636778561536
1522385638582112258
1522385639676674049
1522385646769299459
1522385646895181827
1522385655669604353
1522385658592911360
1522385658651811841
1522385658630729728
1522385663928061953
1522385667732377600
1522385671800905729
1522385675324203012
1522385675705851904
1522385676435542016
1522385677178003457
1522385679266852864
1522385681116545025
1522385683490369538
1522385687642664960
1522385689794338817
1522385694735351813
1522385695708692480
1522385701249110044
1522385707746021377
1522385707804766208
1522385708182384640
1522385711302778880
1522385712347291648
1522385712712192015
1522385713425231872
1522385720308031488
1522385730374356995
1522385730453995520
1522385736582025216
1522385738133913600
1522385739039875075
1522385739471896576
1522385740042317825
1522385744375029761
1522385746207944708
1522385748237844481
1522385753128509440
1522385755993251846
1522385757175955458
1522385759990296576
1522385761382846465
1522385765992382465
1522385767900844032
1522385770698346496
1522385771382067200
1522385771705118721
1522385776427900929
1522385780185833472
1522385784216731648
1522385785491795969
1522385790046715904
1522385793272229890
1522385794136162304
1522385797227454468
1522385803644649473
1522385808182943745
1522385808740790274
1522385813979504641
1522385814730285057
1522385827946549259
1522385831889186816
1522385832258285568
1522385834418520065
1522385840873394176
1522385841619877889
1522385842412699649
1522385844463620096
1522385846552387586
1522385847412314114
1522385853296910337
1522385854177632256
1522385860351741955
1522385864311115776
1522385870548086785
1522385871093309440
1522385872171446273
1522385874977185808
1522385875358912514
1522385876621348865
1522385877149884418
1522385883743367168
1522385886104670208
1522385886717124608
1522385887048486913
1522385889409728513
1522385889715900416
1522385894455586816
1522385895399346177
1522385904169586688
1522385904991625216
1522385908418453505
1522385911199289346
1522385915188068353
1522385924163842053
1522385924637683712
1522385926621700097
1522385929217970178
1522385934062215168
1522385934695776256
1522385947110912001
1522385948239183873
1522385948998316033
1522385950634123266
1522385954232844289
1522385957504303106
1522385958129258496
1522385960507678720
1522385962466226184
1522385962579505158
1522385962684358657
1522385967054831616
1522385979541229570
1522385981332238346
1522385981571276801
1522385992258400256
1522385998205890562
1522385999111806976
1522386000760258560
1522386004845420546
1522386010797129728
1522386018959507456
1522386020079128577
1522386020460761089
1522386021748547590
1522386023413841920
1522386026399903744
1522386038374682624
1522386042892005376
1522386047841226752
1522386048684277760
1522386050726957064
1522386050949255170
1522386054824837120
1522386056506707968
1522386064228466688
1522386066078064641
1522386066065563652
1522386066090700800
1522386066078064642
1522386073048997889
1522386082402291713
1522386082641420289
1522386084688130048
1522386088907714560
1522386092128931841
1522386092573532163
1522386092837814274
1522386097329872896
1522386099502473220
1522386102102986752
1522386110122446849
1522386112752365568
1522386113301827584
1522386114165841920
1522386117798121473
1522386118976720903
1522386119421493248
1522386120008691713
1522386122801831937
1522386123682889729
1522386126711013376
1522386129533603840
1522386132951965696
1522386134814564353
1522386135116300288
1522386141302906880
1522386149439942663
1522386149356060673
1522386156167520257
1522386160315682816
1522386165852164096
1522386168133861379
1522386177017495553
1522386179794120705
1522386182151319553
1522386194566463488
1522386195778621442
1522386197095587840
1522386202355187713
1522386202875285506
1522386206717202433
1522386207812038656
1522386209116459009
1522386210269933568
1522386212773838848
1522386213474385921
1522386215806603264
1522386217576325123
1522386225570713613
1522386226418012161
1522386226631909376
1522386231442739202
1522386233741164546
1522386239701327872
1522386240720543744
1522386241559445505
1522386244541554688
1522386249230819329
1522386249356652544
1522386252775018496
1522386256214118400
1522386262170402816
1522386263021527042
1522386264187580416
1522386265643048963
1522386265898950656
1522386266255503363
1522386276539899905
1522386277105946625
1522386287222824960
1522386287252099077
1522386290431381508
1522386292201254914
1522386296408363008
1522386309502750720
1522386312006979584
1522386312266985472
1522386312309125120
1522386315022639104
1522386323700699140
1522386329853698049
1522386331644616704
1522386334161199107
1522386342537216002
1522386344059801607
1522386345909489664
1522386347616522241
1522386349483040768
1522386350472933376
1522386351542448128
1522386353543020546
1522386355929690115
1522386357674516489
1522386362091012097
1522386364892864517
1522386365299658754
1522386366226735104
1522386368923672576
1522386372128088064
1522386373940027410
1522386379316994048
1522386379841413121
1522386383016505344
1522386384526401536
1522386394798247936
1522386415740411907
1522386418630340609
1522386421440466945
1522386427820060672
1522386428415647745
1522386434597994496
1522386435952816134
1522386439090155520
1522386439878680576
1522386441480904704
1522386441967476736
1522386442990800898
1522386449433305088
1522386455816986626
1522386460418138113
1522386462532161554
1522386471138770946
1522386472543924229
1522386476037722113
1522386483079909376
1522386492357763073
1522386493389656064
1522386496266792960
1522386497026113539
1522386500230561818
1522386507599945728
1522386514013003776
1522386514738565120
1522386525119463424
1522386526721789953
1522386529074782208
1522386535047442439
1522386539292069889
1522386548909559811
1522386554278322177
1522386554181898243
1522386556627075074
1522386556438392832
1522386563186966528
1522386563728121857
1522386571655327745
1522386576042606592
1522386576000655360
1522386577728581632
1522386582057148418
1522386585831886848
1522386586121474053
1522386586180149256
1522386586188402688
1522386587534954496
1522386589523005440
1522386590634496001
1522386596112515072
1522386600113623040
1522386602412105733
1522386607906639872
1522386618610376705
1522386620208623618
1522386627586318336
1522386632183320576
1522386635295502336
1522386635937230848
1522386637170397186
1522386640156639232
1522386642673278978
1522386642933362689
1522386643130490881
1522386646611726338
1522386652446007298
1522386653012443136
1522386654954205186
1522386661769986048
1522386663284092928
1522386665117032448
1522386666819833860
1522386673044275200
1522386675288387584
1522386677649620994
1522386678949814274
1522386679864041474
1522386680535293955
1522386686738583552
1522386688592523269
1522386697488834563
1522386703494881287
1522386704899923968
1522386705281691653
1522386708028960770
1522386712957227009
1522386715662602245
1522386716002115584
1522386717352906755
1522386717474529281
1522386717717975041
1522386725762482177
1522386727121211392
1522386727347888129
1522386728044085251
1522386741096767490
1522386744003473411
1522386746746486786
1522386749145567233
1522386752144560128
1522386754195496960
1522386758343745537
1522386760776486913
1522386766333939712
1522386769853001736
1522386771803316225
1522386772965138433
1522386780183478280
1522386781542531072
1522386782008008704
1522386785275457538
1522386790094716929
1522386795320774659
1522386798428700679
1522386804925681666
1522386806817366016
1522386809610805251
1522386814354534400
1522386818246877186
1522386818205089793
1522386825314193410
1522386825486254080
1522386829013573633
1522386830531956748
1522386831068647424
1522386838329212929
1522386852837457920
1522386856729403392
1522386857123885058
1522386857220358145
1522386858566692865
1522386860072386560
1522386863742459904
1522386864593846272
1522386876472119296
1522386879462535168
1522386881459232771
1522386885729042435
1522386888203681797
1522386888660856833
1522386896822972416
1522386897791823872
1522386898446340096
1522386902648688640
1522386903437398016
1522386909477154818
1522386914917109760
1522386917244952576
1522386919665152000
1522386924085956608
1522386928682864641
1522386938778439680
1522386939403456519
1522386939579666433
1522386939655200768
1522386951155986432
1522386951877410816
1522386960320544768
1522386962522406912
1522386962648383490
1522386963826937856
1522386964111970304
1522386969657057284
1522386970835566598
1522386976615370753
1522386977315774464
1522386982814560256
1522386985649950720
1522386987092791297
1522386988216864774
1522386992696373250
1522386993962962947
1522386997649813504
1522386997620486150
1522386999524614144
1522386999809916928
1522386999935905792
1522387006218719233
1522387006369710082
1522387006621368320
1522387008341315585
1522387010236862466
1522387014213115904
1522387014892535809
1522387016624877569
1522387018235498498
1522387019502137345
1522387023679528960
1522387025827352576
1522387029782323200
1522387034903568386
1522387035830554625
1522387039509004289
1522387041048219648
1522387042252034048
1522387044667994117
1522387044898844672
1522387050724536327
1522387050628067329
1522387052502962178
1522387053383667713
1522387058634985473
1522387064314114050
1522387064494432269
1522387072979509250
1522387073227014146
1522387072555929600
1522387073587683328
1522387074854367234
1522387077425475586
1522387077572268089
1522387079988228097
1522387081552666625
1522387082924199936
1522387091753156609
1522387093514641408
1522387093917421568
1522387095393812481
1522387097083994112
1522387111944536065
1522387119242678273
1522387121847349248
1522387122576973824
1522387133251883008
1522387133826228224
1522387134816137216
1522387136183508994
1522387137072619523
1522387142474969088
1522387148854419458
1522387151744348160
1522387151790424066
1522387152788951040
1522387154323886081
1522387159285600256
1522387164805410816
1522387168362180611
1522387168689332226
1522387177858076678
1522387182480244736
1522387184191377408
1522387188285067265
1522387196455575552
1522387201270718471
1522387204177375249
1522387205561409536
1522387208711417856
1522387209336238082
1522387210900840448
1522387212872081408
1522387213941624832
1522387224741953536
1522387224746151936
1522387225861885952
1522387229116702720
1522387232983855105
1522387237249613825
1522387245499568135
1522387246787473409
1522387250864078849
1522387258808053760
1522387259483467776
1522387269012934657
1522387269000253445
1522387272150450177
1522387273567936513
1522387273852985344
1522387274377351170
1522387277158273026
1522387283009163265
1522387283571269633
1522387286192709632
1522387291595022337
1522387293558161409
1522387295923589120
1522387299635449857
1522387300403097600
1522387303645126657
1522387305838821376
1522387306002399247
1522387308699394049
1522387309395689472
1522387313262792710
1522387316660178947
1522387323052343298
1522387330698338304
1522387331365408771
1522387332141182977
1522387332925640705
1522387338705391622
1522387341087842304
1522387342065078272
1522387347790311424
1522387349572833280
1522387350562738183
1522387354824097792
1522387355272945669
1522387355788890113
1522387365704130592
1522387368157892611
1522387371131650051
1522387373124100096
1522387376588345344
1522387379004354560
1522387382514892802
1522387392090587137
1522387395945058306
1522387396091949056
1522387397576728576
1522387401775230977
1522387403910127616
1522387406309232643
1522387409488523273
1522387409454960643
1522387418506276869
1522387418875412480
1522387425770803200
1522387433429430272
1522387434058797056
1522387437904924673
1522387441902288896
1522387445366595584
1522387447539249159
1522387453138685953
1522387453021196288
1522387455806124032
1522387457966231553
1522387458993922053
1522387462319923200
1522387474470912007
1522387479407599621
1522387486151954432
1522387487842308096
1522387493013884930
1522387497048842240
1522387509719838722
1522387510793367552
1522387517261111297
1522387520805388289
1522387521447022593
1522387523405848578
1522387527751159812
1522387528984244224
1522387531207221250
1522387532356403200
1522387533111324673
1522387541000916993
1522387542582120448
1522387543806914560
1522387547480940548
1522387561582252033
1522387561511010306
1522387570998534144
1522387573779443712
1522387577159958529
1522387579378749446
1522387580238680064
1522387582289866752
1522387588912353284
1522387589793296387
1522387600597823493
1522387609019990017
1522387613256232960
1522387626157875202
1522387635347595264
1522387636391923713
1522387638178754560
1522387649197187072
1522387654632898560
1522387659536179201
1522387663009034241
1522387663956889600
1522387670277959680
1522387676996980738
1522387681317208069
1522387684156755977
1522387688120373249
1522387696399699969
1522387696576081920
1522387700996792320
1522387705060937728
1522387709788053505
1522387722647875584
1522387724971520000
1522387728423337988
1522387730516353025
1522387730717683713
1522387734547079169
1522387742432317440
1522387742927302665
1522387743086718982
1522387749239926784
1522387752632864770
1522387757779329024
1522387762032558081
1522387767845609472
1522387768927735808
1522387777882574848
1522387778931204096
1522387779589578752
1522387786208317441
1522387793850290178
1522387804491235333
1522387805363654662
1522387808266166272
1522387809021145090
1522387810807783424
1522387816474460165
1522387819993473024
1522387828470169600
1522387833893359616
1522387834002313216
1522387835633999873
1522387847533191170
1522387848103710720
1522387848242028545
1522387851308158976
1522387851681349634
1522387866868805632
1522387871012835328
1522387877874831360
1522387879120580610
1522387883734310913
1522387885223206913
1522387885483245569
1522387887337181184
1522387890948431873
1522387892697452544
1522387895440617472
1522387896669507584
1522387899789897730
1522387912620396544
1522387915812257792
1522387917175414786
1522387925778022402
1522387926377590785
1522387929976479744
1522387932816027657
1522387933071880192
1522387934317584385
1522387937542885377
1522387939015147520
1522387939401027587
1522387940139315201
1522387944761401344
1522387955129761792
1522387955687456768
1522387956547596288
1522387961429602305
1522387972393512962
1522387975757303808
1522387981209845760
1522387981289639936
1522387982082269185
1522387982296227846
1522387986851188736
1522387988755456001
1522387991376842752
1522387991666307075
1522387992119287808
1522387997924155393
1522388008032366592
1522388010020581377
1522388015204605952
1522388021865336835
1522388025442856960
1522388031377920000
1522388039716286465
1522388042752745472
1522388043956736002
1522388045869330432
1522388048096505859
1522388057332277250
1522388060436000768
1522388060809449474
1522388066450743299
1522388066698248195
1522388067339980800
1522388071169282048
1522388073505599488
1522388077880442880
1522388077943132162
1522388077913817088
1522388080312950784
1522388081613197317
1522388082330382339
1522388099984244739
1522388103788658689
1522388107596898305
1522388109643636736
1522388110327263234
1522388110637776896
1522388114785935362
1522388115666706438
1522388120003559425
1522388120410509312
1522388124961320961
1522388125858684928
1522388128925126656
1522388128169869313
1522388128924901376
1522388129130459136
1522388131269468160
1522388138202697728
1522388147954405376
1522388149321834498
1522388157542502402
1522388160264564736
1522388160277323776
1522388161820868614
1522388171094429696
1522388175318040576
1522388176219824128
1522388175678701568
1522388183526354949
1522388186516840467
1522388187452252162
1522388192531521539
1522388193307414528
1522388196319023104
1522388202274713600
1522388205672280065
1522388218515271680
1522388221421924352
1522388224945106944
1522388231375015937
1522388233686036482
1522388235539918858
1522388236034740224
1522388237230256131
1522388238564040705
1522388241999085568
1522388242405933057
1522388243932717059
1522388244582834184
1522388252661059585
1522388254720471042
1522388257195302912
1522388258134577153
1522388258839490566
1522388261787811841
1522388262492512257
1522388264736468995
1522388267265630210
1522388268263878658
1522388270277328896
1522388271275384840
1522388271766151168
1522388281723396096
1522388282528653318
1522388285301182466
1522388285494022403
1522388288685981702
1522388290673930240
1522388292284534784
1522388295220666369
1522388297355792385
1522388299327107072
1522388299666522112
1522388299922702336
1522388301063274496
1522388301134581760
1522388305543069696
1522388306176077826
1522388311700037635
1522388312417353731
1522388314573230081
1522388315865063426
1522388322487836680
1522388329576153088
1522388345313181696
1522388348324782080
1522388350388383744
1522388350640037888
1522388355341701122
1522388356025532423
1522388360727248896
1522388376070111235
1522388376946626561
1522388382449639428
1522388384190238720
1522388386748801025
1522388393581330437
1522388393879035904
1522388393749094405
1522388395380645889
1522388401290452995
1522388404767445004
1522388408764710912
1522388412556361729
1522388414590500865
1522388421666299905
1522388430969311232
1522388431514619904
1522388439710281728
1522388447033397248
1522388449612947458
1522388450875351040
1522388451521355776
1522388454662983680
1522388456852271105
1522388458135855109
1522388463923904513
1522388466297970689
1522388470341193729
1522388471406637056
1522388474107674625
1522388479547777024
1522388484387921921
1522388491421859851
1522388497138601985
1522388497264484353
1522388497071591425
1522388500712153088
1522388502981267461
1522388503123959808
1522388504122171393
1522388504516382720
1522388505388896257
1522388505829285888
1522388506370359296
1522388516646408192
1522388516944195587
1522388518248628224
1522388520609931266
1522388521826328577
1522388527866073094
1522388528071680001
1522388531527790592
1522388532525895681
1522388534300135425
1522388537869492226
1522388538368552961
1522388538678984704
1522388547478634496
1522388555552727040
1522388564553707525
1522388565392564226
1522388567972102144
1522388572665487366
1522388578260733952
1522388583361003520
1522388587311947777
1522388588280881153
1522388589497176066
1522388589975384071
1522388597848121344
1522388597302771713
1522388598716342274
1522388601153019904
1522388606609854464
1522388607168028672
1522388607998300160
1522388609139097600
1522388615288041472
1522388616886034433
1522388619390066689
1522388622300831746
1522388622971920390
1522388623882166272
1522388627476598785
1522388627866763264
1522388630358138888
1522388634506252292
1522388639317118980
1522388646711672832
1522388656840974336
1522388658137051138
1522388662331138048
1522388669222502400
1522388673521762306
1522388675589406720
1522388676889792514
1522388679507025920
1522388685068591104
1522388689850363904
1522388695315324930
1522388695629897729
1522388695667855360
1522388695915008000
1522388697563414530
1522388698956025856
1522388701082533889
1522388706358878211
1522388709651451905
1522388709781479426
1522388710834290694
1522388715322195969
1522388716437843968
1522388716521672704
1522388716446224385
1522388716811026432
1522388717511786496
1522388718534991872
1522388720745435138
1522388720887820288
1522388724683730944
1522388724893589505
1522388725958914078
1522388727452024832
1522388729373114369
1522388731679977472
1522388740060164096
1522388748109025281
1522388751535775748
1522388752282365952
1522388754912223232
1522388769315475456
1522388780325429248
1522388786692431872
1522388791784267776
1522388795039047680
1522388795840159783
1522388803616452608
1522388803704479746
1522388807206772736
1522388813410193408
1522388815960317952
1522388817860337664
1522388820917948416
1522388824516710403
1522388830757793793
1522388830820646913
1522388831818944514
1522388831848312838
1522388835841327105
1522388840954093576
1522388841331671040
1522388842048806913
1522388845978914816
1522388854149373952
1522388854254325760
1522388854564478976
1522388867906744321
1522388870222028800
1522388870234521600
1522388872449171458
1522388879738818561
1522388881500512257
1522388884860116993
1522388903931650048
1522388905693265920
1522388913054171138
1522388925662302213
1522388927520419899
1522388929160298502
1522388937213419521
1522388939239301120
1522388944268283904
1522388945119719427
1522388945434259457
1522388946570731520
1522388947078328320
1522388946835349504
1522388956494667778
1522388956431921152
1522388962614169600
1522388963197083648
1522388964476346368
1522388971011153920
1522388976941867008
1522388980523745280
1522388991596662784
1522388992263692288
1522388997619785732
1522388998148308992
1522389001247801345
1522389001587634176
1522389002548293632
1522389007329542144
1522389011142266880
1522389014057205761
1522389018700353537
1522389019920850946
1522389021108105216
1522389021183385601
1522389022412320769
1522389022517178368
1522389030419107841
1522389040640704512
1522389044868620288
1522389045325688832
1522389046382710784
1522389048605782020
1522389053420630016
1522389057254436864
1522389061331259392
1522389062719578112
1522389069988302848
1522389072135741444
1522389073599545345
1522389073750634498
1522389075071803392
1522389078486007809
1522389080994041858
1522389081124179968
1522389082818686977
1522389084274106376
1522389084970307584
1522389090137780224
1522389090712244224
1522389092981370881
1522389093899976710
1522389096617975808
1522389099373797376
1522389102003429376
1522389102078963714
1522389111281180672
1522389111688024064
1522389114347208707
1522389114548596736
1522389114905153538
1522389117786595328
1522389118696710145
1522389119585902593
1522389119896375296
1522389120768610304
1522389121213378561
1522389125785137152
1522389137172549632
1522389138158374912
1522389143501877251
1522389145255124993
1522389153228468225
1522389153148669952
1522389154126090243
1522389154750996480
1522389156441333760
1522389162472751111
1522389167212318720
1522389167837261825
1522389169355558912
1522389170190262272
1522389171377258503
1522389173453430785
1522389173981786112
1522389177056247808
1522389180210368513
1522389180529131520
1522389181091168263
1522389181770891267
1522389186279624704
1522389186338246664
1522389187068104706
1522389187256897543
1522389189819437057
1522389193732853760
1522389194592731137
1522389197675446272
1522389198627655685
1522389199890042881
1522389201156644864
1522389209088147458
1522389209612443650
1522389211923591169
1522389225529827328
1522389225571852292
1522389230261096449
1522389231473242112
1522389244060209152
1522389256777256960
1522389257314254851
1522389264855871488
1522389265778286592
1522389269763002376
1522389271012855819
1522389274792013827
1522389277488861184
1522389283671351296
1522389284992344064
1522389286800220160
1522389288821874688
1522389289241178112
1522389292823240704
1522389293666377728
1522389295960670208
1522389298754035714
1522389301228670977
1522389317339205632
1522389319541006337
1522389328256712705
1522389330479648769
1522389330651717632
1522389335752216576
1522389336901173249
1522389337345773568
1522389337597485056
1522389345151471618
1522389347827388418
1522389351124066305
1522389356786462721
1522389362704539648
1522389362427768832
1522389366081040386
1522389366559051776
1522389369528717312
1522389373349777408
1522389375576772608
1522389376281501697
1522389381419573249
1522389390382743552
1522389393415278595
1522389399933173760
1522389403267698689
1522389411396214793
1522389413615046657
1522389426067943424
1522389430471901190
1522389433546199040
1522389435291250688
1522389443201622017
1522389445353353217
1522389449719660546
1522389463711854598
1522389464743616512
1522389466908094464
1522389467524476928
1522389469621592064
1522389473576767488
1522389473954254848
1522389475212636161
1522389479054770177
1522389479750873091
1522389479981568000
1522389484884664320
1522389498612658176
1522389500466454549
1522389501804482563
1522389509220057090
1522389513187721216
1522389513686896641
1522389515029352450
1522389515389652992
1522389515939332096
1522389516857843712
1522389519710015488
1522389525376475136
1522389527297466368
1522389527687532544
1522389528069251072
1522389530652950529
1522389535438655488
1522389538135584768
1522389541939777540
1522389542661238786
1522389548658876416
1522389551293075461
1522389561795559424
1522389563464994826
1522389572101025794
1522389575280304129
1522389575578144768
1522389589146705921
1522389589851320320
1522389589926756357
1522389592539910150
1522389598051176448
1522389600429350913
1522389605617651714
1522389607702319104
1522389607811371009
1522389609942036482
1522389612529922055
1522389612995432453
1522389615113641984
1522389621329518598
1522389627306455044
1522389634096979970
1522389634398887936
1522389636861079557
1522389638274588675
1522389638203195392
1522389644993830912
1522389648663883777
1522389649234276353
1522389650039619584
1522389654057930752
1522389658000400384
1522389661452279808
1522389665336250371
1522389666636472320
1522389668561567745
1522389669081718787
1522389681798848513
1522389687687602176
1522389688455159808
1522389689755394050
1522389694058618880
1522389694889275395
1522389697271668736
1522389697422630912
1522389701654634500
1522389704145915910
1522389708340404224
1522389709351268352
1522389725620887553
1522389729660047360
1522389731773976584
1522389732092780544
1522389733191602178
1522389740045180953
1522389742838558722
1522389743975206918
1522389744449118208
1522389749218091008
1522389752053436420
1522389755517980673
1522389755996086273
1522389755878649857
1522389760957898752
1522389763801718785
1522389767408820224
1522389769271263232
1522389772752375809
1522389775616987136
1522389779400339456
1522389781501468672
1522389783728766977
1522389786237022210
1522389790368448512
1522389791945502722
1522389792079679488
1522389803488141313
1522389805014863872
1522389813990764544
1522389820168978434
1522389820714233857
1522389821070712833
1522389823088177153
1522389825571201027
1522389826842279936
1522389828679180291
1522389839571996672
1522389840414789632
1522389841329233920
1522389848442744834
1522389850640601088
1522389855124267008
1522389855606800384
1522389866583105536
1522389871662452736
1522389873528909825
1522389881817038848
1522389883624603648
1522389883909812224
1522389895154704385
1522389898967322624
1522389901156618241
1522389906735177730
1522389910103248896
1522389910946205702
1522389913106276353
1522389915161530373
1522389918881882122
1522389922602450944
1522389925555015681
1522389929954885635
1522389933255806981
1522389933473816577
1522389934052585472
1522389934321111040
1522389940025585664
1522389942965772289
1522389947365441536
1522389948644708352
1522389949663760386
1522389952352292864
1522389954403258374
1522389966281662465
1522389978705281028
1522389980827594755
1522389991883776011
1522389992567361536
1522389993448259584
1522390000914030592
1522390004613406725
1522390007356571653
1522390009604718593
1522390012955873282
1522390017653493766
1522390019863887874
1522390020128219136
1522390029716365313
1522390030303604743
1522390030731333632
1522390033562542082
1522390041695240194
1522390046820782081
1522390050138374147
1522390058556350465
1522390060359954433
1522390062448529410
1522390065233731584
1522390069864284160
1522390070162071552
1522390071256702978
1522390072015958016
1522390073228021765
1522390075211976710
1522390077778931713
1522390078273765384
1522390079297175552
1522390088348491777
1522390096695250944
1522390097152421888
1522390098956136448
1522390104899297338
1522390107055177730
1522390109294891009
1522390109940707328
1522390111148777473
1522390124826435584
1522390132757868544
1522390135819616260
1522390136302059520
1522390141666758656
1522390142039859202
1522390146301276163
1522390149606387712
1522390149518266370
1522390151208607744
1522390159236476930
1522390159538495488
1522390160842895360
1522390168228884480
1522390169651130368
1522390182011588608
1522390183190183936
1522390184578338816
1522390192430227457
1522390194783141893
1522390197316595712
1522390198906142720
1522390202207121410
1522390204878929920
1522390204589514756
1522390205784895492
1522390206409699328
1522390208909651969
1522390212147650560
1522390222054559747
1522390227016425472
1522390227524153344
1522390231353151489
1522390240505253888
1522390241193213953
1522390243412000768
1522390245047681025
1522390245224120320
1522390246360588294
1522390247094755328
1522390249506234369
1522390249703235584
1522390260168200201
1522390273967415296
1522390276131594240
1522390281039065089
1522390283186442240
1522390287531843584
1522390290296078336
1522390291088650240
1522390291931672576
1522390293844217860
1522390294557339652
1522390296075673600
1522390299745472512
1522390300089786368
1522390301326954496
1522390305106022401
1522390312689324032
1522390313444294658
1522390315474300928
1522390323607240704
1522390323988684800
1522390325146361856
1522390327759294469
1522390333669183491
1522390345895620620
1522390347535597571
1522390349502504960
1522390349779451911
1522390350681284608
1522390351910162434
1522390352618995712
1522390354741407745
1522390356448489490
1522390363746574336
1522390364396654600
1522390369035763713
1522390371916988417
1522390373951315968
1522390375670898688
1522390377705091072
1522390380322373634
1522390381911977986
1522390385691086848
1522390389348614144
1522390392154513408
1522390395698782208
1522390398538326021
1522390410273771521
1522390410424946688
1522390414069800960
1522390418599591942
1522390419681980416
1522390421283946499
1522390432960770048
1522390446319747072
1522390447385108483
1522390447716544512
1522390450975514626
1522390453252935691
1522390454859407361
1522390456046399490
1522390456448991236
1522390461222207488
1522390468385984512
1522390473209532416
1522390475298295815
1522390479773577216
1522390483133153280
1522390487033917441
1522390487273029632
1522390494659198976
1522390497255383040
1522390502259281927
1522390503018614784
1522390506063511554
1522390508831711238
1522390510475829249
1522390519351066625
1522390535318740994
1522390537139073024
1522390537390727169
1522390539634495489
1522390541358583811
1522390541383749632
1522390542323224579
1522390543946321921
1522390549147394048
1522390550585954309
1522390552926429185
1522390557062045698
1522390562879512579
1522390567376007168
1522390569141608448
1522390574309027842
1522390575726612482
1522390577656041473
1522390578285191169
1522390581326004224
1522390581833515014
1522390586304741376
1522390586698997760
1522390587919507456
1522390589160964098
1522390593145561089
1522390595754409985
1522390596211642376
1522390600569470976
1522390604025679873
1522390606902968321
1522390608396042240
1522390612699488257
1522390612800122881
1522390619293118464
1522390622774169607
1522390622526742530
1522390633331281921
1522390651333234688
1522390651811344385
1522390657578450944
1522390658983600131
1522390662083190784
1522390662741921792
1522390666159996930
1522390669934972929
1522390669884628992
1522390672980033542
1522390674519298048
1522390676998082562
1522390677102993408
1522390680932425729
1522390691019694082
1522390691791482881
1522390695314657287
1522390698527322112
1522390707826270212
1522390708975513601
1522390713962733568
1522390715556376581
1522390718756622336
1522390723215212547
1522390724196671488
1522390725031522305
1522390728068198401
1522390732220289027
1522390732459413505
1522390744623087617
1522390748208975874
1522390757633581069
1522390758174638080
1522390760489816065
1522390763392446465
1522390765598556179
1522390767356026882
1522390767532003328
1522390770883387392
1522390773299224576
1522390774666702848
1522390781419524096
1522390782388416513
1522390782916898818
1522390784435277824
1522390789246046216
1522390791930458123
1522390798733651968
1522390801409622016
1522390805658415104
1522390819256532994
1522390821995261952
1522390825585582081
1522390827485515777
1522390855570829312
1522390860813451264
1522390864093458438
1522390869093101570
1522390873446703106
1522390874033987584
1522390877427179521
1522390877959823361
1522390885060726784
1522390889720594446
1522390895177482240
1522390900453875712
1522390901556973570
1522390903268200448
1522390909870084097
1522390912810483712
1522390922234933248
1522390924453724160
1522390935094677504
1522390938722709504
1522390939691630592
1522390940853411840
1522390943030079488
1522390943655211009
1522390944221388801
1522390945467191298
1522390948893925378
1522390950059945993
1522390951875948544
1522390951020298242
1522390954250059776
1522390956888281090
1522390957081214979
1522390960885452805
1522390963204902912
1522390963779424256
1522390968854622208
1522390971488559104
1522390977494884352
1522390986181259265
1522390988148334594
1522390994938961920
1522390998663503872
1522390999909212161
1522391001943453697
1522391004883562497
1522391011632336896
1522391011678371842
1522391015285534721
1522391026148728835
1522391028182962176
1522391030460563457
1522391033362862080
1522391036273827841
1522391038807220227
1522391038786252800
1522391047502204928
1522391047766265857
1522391047925800960
1522391055257198595
1522391057501151233
1522391059564802050
1522391063314538499
1522391063813660673
1522391063872393216
1522391066867085312
1522391067361890304
1522391073112342529
1522391077042413568
1522391078732632064
1522391095291822082
1522391101981827072
1522391108201951232
1522391109292470272
1522391109636399104
1522391111456772096
1522391112102592513
1522391112480137216
1522391113235300352
1522391118679265281
1522391119539195906
1522391125516034048
1522391125880975363
1522391127797776395
1522391128435212289
1522391136609972228
1522391138392551424
1522391142700130304
1522391143018905600
1522391153122807810
1522391161100505094
1522391169056993285
1522391171292618752
1522391175549784064
1522391175763832833
1522391180969127936
1522391182264791040
1522391183191904257
1522391184664154113
1522391184810950656
1522391188178935810
1522391190536171521
1522391191014166528
1522391203047739392
1522391205543301121
1522391214129131520
1522391215559393282
1522391215618117633
1522391219963314177
1522391224593915904
1522391225894068224
1522391230851735553
1522391233229996035
1522391233737408521
1522391242318901249
1522391243535364096
1522391243862548480
1522391247574478848
1522391250061697024
1522391250573225984
1522391252754477057
1522391254738378753
1522391257850564609
1522391258257256448
1522391267895767042
1522391269749653505
1522391270257221640
1522391278763266049
1522391282966237184
1522391285444882434
1522391286795448320
1522391288238198786
1522391296484253696
1522391301651673089
1522391304491220993
1522391316100907009
1522391321729978368
1522391322447036418
1522391326301757441
1522391335147384832
1522391341518393344
1522391341434474496
1522391349194289152
1522391350406172676
1522391352948015106
1522391354449580032
1522391357855260672
1522391358153138189
1522391363492458497
1522391366709428231
1522391366864707584
1522391371688124416
1522391389165731842
1522391394412810240
1522391397416030208
1522391400519712769
1522391400859697152
1522391412511481856
1522391414071611392
1522391416986611712
1522391421365506050
1522391422070140929
1522391424175640582
1522391426281226241
1522391427572895745
1522391428281819137
1522391432006455296
1522391441762304002
1522391445541462017
1522391451690278913
1522391460104003593
1522391465254658050
1522391471260844033
1522391471063805953
1522391479674626048
1522391482237399041
1522391486062546951
1522391488994459649
1522391491490066433
1522391493364924417
1522391494220517378
1522391509307465729
1522391511534833665
1522391513002614784
1522391515435356160
1522391521500311555
1522391522766954497
1522391523207299072
1522391525430341647
1522391525673553920
1522391527854649345
1522391529377181696
1522391530396434432
1522391532669702145
1522391534846439424
1522391536423608325
1522391539598729217
1522391543260532736
1522391549660876801
1522391555302174720
1522391567444676608
1522391568245997568
1522391571106512897
1522391571903262756
1522391575057346561
1522391578739982337
1522391582569377804
1522391588097429521
1522391592367271936
1522391599803678721
1522391605256278018
1522391608729260034
1522391612046852101
1522391615129759746
1522391634629079041
1522391634763210752
1522391635639820289
1522391639855149059
1522391644850561025
1522391652328951809
1522391655537680386
1522391660923330560
1522391668246609920
1522391674697170944
1522391675326414849
1522391691386269696
1522391695739994115
1522391702471946241
1522391704548085767
1522391714509750272
1522391714601873409
1522391718674731008
1522391720742330369
1522391725079240708
1522391725070815233
1522391725871882243
1522391727432249344
1522391730263408650
1522391732331102208
1522391734533201925
1522391735854419971
1522391737313943552
1522391738362572801
1522391738769358850
1522391740535443457
1522391742376550400
1522391746919170048
1522391748340813825
1522391748978176000
1522391763150901248
1522391765717823488
1522391781253558274
1522391789965094913
1522391795858087937
1522391802975719425
1522391814627549185
1522391815139340290
1522391826115743749
1522391826715586561
1522391827269181442
1522391828477235201
1522391832637939719
1522391835779518464
1522391838916763651
1522391840351260674
1522391840464547843
1522391840938512387
1522391841768984577
1522391846101598208
1522391847062032390
1522391854813257728
1522391857149452290
1522391882537574401
1522391882940174336
1522391895967559681
1522391901856735232
1522391903152611330
1522391902573658112
1522391908852641796
1522391910391992324
1522391910370971648
1522391913915207681
1522391914351366152
1522391916188508161
1522391916444360704
1522391922861477893
1522391927890800640
1522391928377069568
1522391930134568964
1522391933389221888
1522391935960428544
1522391936619151365
1522391938623807504
1522391939630256128
1522391940410781697
1522391943568715778
1522391949394649088
1522391951865229312
1522391955908403200
1522391956894146562
1522391959012323334
1522391962019823616
1522391971398316032
1522391973352689664
1522391975240114176
1522391975252709378
1522391980642381825
1522391980835278848
1522391985683845124
1522391991916584966
1522391993187323904
1522391995301343234
1522391999835385856
1522392001353854981
1522392014821765126
1522392021419364353
1522392028461502464
1522392030462238722
1522392035491262464
1522392038062567425
1522392040159719424
1522392040268566529
1522392041577144322
1522392041728184327
1522392049428975616
1522392050125127685
1522392058736132103
1522392063354015756
1522392063295344645
1522392065509924865
1522392066688356352
1522392074921852928
1522392076323004416
1522392080965939202
1522392082270371841
1522392097038512128
1522392099311788032
1522392101274726401
1522392103820701699
1522392104772804608
1522392109977939971
1522392113652117504
1522392116361633792
1522392128894218243
1522392131297431553
1522392139216441344
1522392139715522564
1522392149328805889
1522392156442443779
1522392163790856192
1522392163862122498
1522392163782467587
1522392165564956674
1522392167418892288
1522392168186335232
1522392168853536769
1522392172527603712
1522392173496483844
1522392181348384768
1522392181339828229
1522392182824525828
1522392192089825283
1522392198163091456
1522392207071850500
1522392209445855235
1522392211534532610
1522392215745617920
1522392220573310976
1522392224281079808
1522392226214690817
1522392227347111938
1522392234909437952
1522392236843020288
1522392247551074304
1522392261480300545
1522392270556876800
1522392272540557313
1522392276231630848
1522392279423590400
1522392281428500481
1522392283328483329
1522392283320045568
1522392286423830530
1522392287548002304
1522392290765025282
1522392301775073280
1522392302634811392
1522392304933294082
1522392311342239745
1522392315809177602
1522392323442843653
1522392330183061510
1522392331319713792
1522392331726602241
1522392331525279745
1522392337728643073
1522392339033038848
1522392340413001728
1522392351951536128
1522392353239191554
1522392355583959041
1522392359140474885
1522392360113430528
1522392367218704384
1522392368787464193
1522392369504550912
1522392370221780992
1522392372658806787
1522392373203984385
1522392377595338752
1522392384864235520
1522392386491633668
1522392388236369922
1522392389272416256
1522392392170708994
1522392395832254469
1522392409497288704
1522392409828741120
1522392415872724992
1522392419756511233
1522392421891465216
1522392425154678793
1522392432146587648
1522392436378640384
1522392439264219136
1522392441357094912
1522392447778705410
1522392448902701056
1522392452337967105
1522392455265632256
1522392455865323521
1522392459086598149
1522392460227395611
1522392461389312008
1522392465088647172
1522392466921594900
1522392472780951556
1522392476983648257
1522392480431362049
1522392486932590592
1522392491818950657
1522392493702189056
1522392500949893121
1522392506691989509
1522392508042706945
1522392514963161089
1522392518654013441
1522392524203175937
1522392531136225280
1522392533426393090
1522392538375770112
1522392539524784128
1522392542444081152
1522392542481895424
1522392544134508544
1522392545216667649
1522392556209905664
1522392559351480321
1522392562866270208
1522392563008917507
1522392573872164865
1522392583712182272
1522392587738488832
1522392589735165952
1522392589604859904
1522392598551351296
1522392600124211207
1522392611868266496
1522392614363881472
1522392616020721664
1522392616771465216
1522392617023115270
1522392621485891585
1522392624136658945
1522392629463429121
1522392630004527104
1522392636828512256
1522392638128889857
1522392641949900801
1522392655292174337
1522392664041312257
1522392664527753216
1522392664636801025
1522392665173766144
1522392665970692096
1522392667753447425
1522392670286491649
1522392671028793344
1522392684605984769
1522392688120807425
1522392689769070593
1522392690859593736
1522392691023269889
1522392691438497793
1522392697126125570
1522392697772068864
1522392707477479424
1522392708123348993
1522392708354121728
1522392711843749888
1522392719754428416
1522392720823787521
1522392735919058959
1522392740637835264
1522392741023559680
1522392746249568256
1522392747868577793
1522392756848574466
1522392773940461574
1522392775731339264
1522392776264097792
1522392782945624064
1522392784522600449
1522392792655446016
1522392794509512704
1522392798368047104
1522392799177588736
1522392813262016512
1522392814885421056
1522392827501723648
1522392831528247297
1522392831754571776
1522392833667342336
1522392833835126785
1522392834850328579
1522392839711301634
1522392843461046272
1522392843704324096
1522392845356777475
1522392857620873217
1522392864231403521
1522392865695059969
1522392873060159488
1522392873680973825
1522392882157654016
1522392884279922688
1522392884468764678
1522392885051678721
1522392888528629760
1522392889627709441
1522392892257484800
1522392893046116352
1522392896145707008
1522392897462718464
1522392899467501568
1522392900239347712
1522392900541288451
1522392902453932032
1522392903456231424
1522392904811044876
1522392909538107395
1522392918207651840
1522392919872839682
1522392922582360065
1522392922620141570
1522392926436970498
1522392927397462023
1522392932166295553
1522392933764571136
1522392940731150336
1522392942597615616
1522392942572417025
1522392943729946624
1522392944766033921
1522392946527547392
1522392949446873088
1522392955193024512
1522392956363329537
1522392956317093890
1522392959395811330
1522392960423587840
1522392962075930625
1522392962747047936
1522392966807044096
1522392967570411521
1522392971747942401
1522392972331003904
1522392974046420993
1522392975510327297
1522392980048519170
1522392982237978625
1522392988810452993
1522392992832761859
1522392999388459010
1522392999573000193
1522393004006428672
1522393007953256448
1522393008246857748
1522393008976633858
1522393010914271234
1522393014089310208
1522393014554963968
1522393020154400768
1522393028748615681
1522393033735643138
1522393034591244288
1522393043587919872
1522393050881970178
1522393067210395648
1522393067600453632
1522393070880411650
1522393072835121154
1522393072822370306
1522393073740881922
1522393074797891589
1522393077847138305
1522393079864569874
1522393083937116160
1522393084566581248
1522393084549804032
1522393087183622146
1522393090308202496
1522393090421633026
1522393094460944386
1522393096800989184
1522393097585369088
1522393098273234945
1522393114618515458
1522393118695477249
1522393121996300292
1522393123564965888
1522393123598524425
1522393126127783941
1522393127595696134
1522393128199946240
1522393130175184896
1522393132922458112
1522393134247956480
1522393134428262402
1522393136680497153
1522393141390811141
1522393142875537408
1522393143546630150
1522393144280502272
1522393144888905728
1522393152673312768
1522393156750352385
1522393159820533762
1522393160273604611
1522393176035704834
1522393178770444289
1522393188853551104
1522393190455988224
1522393200073506816
1522393200085901312
1522393206570115072
1522393208357019649
1522393208348626948
1522393208365404160
1522393216510828544
1522393219773906944
1522393220549816321
1522393222286241792
1522393226262499328
1522393227726364672
1522393228338774024
1522393229479628800
1522393255777812480
1522393258109718528
1522393260240609280
1522393260488073216
1522393261339549698
1522393265852588055
1522393270818689025
1522393274379554819
1522393276510261248
1522393279467249664
1522393284789907464
1522393290242498564
1522393295787376640
1522393300602400768
1522393307636281344
1522393307917262854
1522393308399652865
1522393309586804736
1522393310102704128
1522393314149945345
1522393320730906624
1522393330839166979
1522393336455303168
1522393341526216706
1522393343287828482
1522393352993447937
1522393356105621506
1522393362950590470
1522393363319861249
1522393364561338368
1522393367459643393
1522393368143314944
1522393370777333760
1522393371129434112
1522393376657592322
1522393380101275651
1522393390134206465
1522393396756762624
1522393397369225216
1522393410526662657
1522393413542453250
1522393420060401664
1522393422266523649
1522393428662779904
1522393439823810561
1522393440608133120
1522393441732337665
1522393443854700546
1522393444718682112
1522393445859397632
1522393449969893376
1522393455267393537
1522393456529887233
1522393456936689664
1522393457096019968
1522393458522005504
1522393459541397506
1522393462053781509
1522393471079829516
1522393488637181952
1522393492852465665
1522393499479519235
1522393503594164227
1522393505213128706
1522393507113029632
1522393507721273347
1522393508681814016
1522393508921098240
1522393516068024322
1522393516495749121
1522393520128110594
1522393522426548230
1522393525316431873
1522393529099685890
1522393530844553223
1522393530970345472
1522393534447460353
1522393534971666434
1522393540004749312
1522393543318413313
1522393543444254722
1522393545662885888
1522393546250235904
1522393547017981952
1522393547751759874
1522393551358894080
1522393552122167303
1522393573932638208
1522393575404752896
1522393578101788672
1522393579209080837
1522393579758526465
1522393579527839744
1522393582010875913
1522393583436939266
1522393587215970305
1522393587534729217
1522393592010055680
1522393593725476865
1522393597093584898
1522393612150968320
1522393618878771202
1522393619000434689
1522393621340819456
1522393626466205699
1522393632246050816
1522393633563025409
1522393650088620034
1522393663535562752
1522393664017903617
1522393665179688962
1522393666081497092
1522393667520053254
1522393670250598418
1522393671357849607
1522393671513038850
1522393672381308929
1522393675866779648
1522393675686465538
1522393676281905152
1522393678270148609
1522393685417242625
1522393689779277825
1522393693105410048
1522393695017963522
1522393696192315392
1522393697874288640
1522393700021637121
1522393705080045569
1522393708536160256
1522393708917936134
1522393710108954625
1522393710922772480
1522393712143355904
1522393723199492097
1522393726139740160
1522393728551432193
1522393728069083136
1522393737719996417
1522393738512932865
1522393744380682240
1522393752811282435
1522393753226563584
1522393754841358336
1522393757525712897
1522393760809861149
1522393763829714945
1522393764723150848
1522393765801046016
1522393766220361728
1522393766639849473
1522393773686538240
1522393775775047681
1522393780925644800
1522393784323031041
1522393794259337216
1522393794401894401
1522393798764118018
1522393799221075968
1522393813506998283
1522393815205691393
1522393816677900291
1522393818766749696
1522393820494811138
1522393820888977409
1522393821652393984
1522393821828591617
1522393821836890114
1522393824714280965
1522393832687489025
1522393833866207235
1522393843165020161
1522393845664821249
1522393845991886848
1522393858839089163
1522393858881077254
1522393859640250370
1522393866762174464
1522393872923516929
1522393880100061185
1522393880393625601
1522393881035218944
1522393883044425729
1522393884134891522
1522393885686833152
1522393892083142656
1522393894566170624
1522393896826904579
1522393898890534912
1522393899100114946
1522393909544038400
1522393912110891010
1522393920906297344
1522393927113969664
1522393928351481857
1522393928749752320
1522393934265266177
1522393937440391168
1522393944662831104
1522393947779350535
1522393948383285249
1522393950983581696
1522393951394836480
1522393951705182210
1522393955287060481
1522393955744337920
1522393964153823232
1522393964854321156
1522393965257015297
1522393966599147524
1522393967135838209
1522393973330952192
1522393974073434112
1522393974211760128
1522393975130411009
1522393976254435329
1522393978619891713
1522393980297744384
1522393986320965633
1522393987574870017
1522393997435625474
1522394018910511106
1522394019686490112
1522394027294822400
1522394030956597251
1522394031271067650
1522394039840092160
1522394040884420609
1522394043388502018
1522394044239912961
1522394050938261504
1522394053555494912
1522394055946412032
1522394056562814988
1522394057590423553
1522394057766580224
1522394058152361988
1522394061889576960
1522394063130927104
1522394068239753218
1522394071033032704
1522394072245170176
1522394073709088769
1522394074417934338
1522394075101421568
1522394077404225537
1522394088137449488
1522394094470934528
1522394101290872849
1522394103379599360
1522394104931491841
1522394108953825283
1522394109276696576
1522394111462227968
1522394114381262848
1522394118768451584
1522394126821515266
1522394142969581568
1522394143158415362
1522394146144722946
1522394151597363200
1522394157725200384
1522394162573807617
1522394163471433728
1522394163509137411
1522394166159892482
1522394168043225092
1522394171780349952
1522394176763183104
1522394186779021313
1522394188272312321
1522394189727780864
1522394190281605121
1522394194790293505
1522394194962268160
1522394195784130560
1522394203162087435
1522394210175008769
1522394212901265408
1522394214524506113
1522394220769812480
1522394221294010368
1522394222959243264
1522394224196431872
1522394227140792321
1522394229674319872
1522394230513352704
1522394233453391873
1522394235324051458
1522394246224953350
1522394246317289481
1522394248812900359
1522394250121469958
1522394251023245314
1522394251014950912
1522394257868607488
1522394259558699008
1522394261538365441
1522394277199892480
1522394282036023297
1522394284657315840
1522394286632976388
1522394295734521856
1522394298783838209
1522394299874353152
1522394304291000320
1522394306576887814
1522394309810606080
1522394312587288576
1522394313035960320
1522394314059485185
1522394326885675010
1522394328718585858
1522394329112797187
1522394335383371776
1522394336113176608
1522394338793332737
1522394338935857155
1522394340018040838
1522394343667081221
1522394346649112576
1522394348041781249
1522394348444590081
1522394351934095360
1522394354832322565
1522394355138506753
1522394357873225730
1522394359328653312
1522394363610992641
1522394381206134792
1522394381474582528
1522394383345197056
1522394388097343488
1522394389556912128
1522394406166450180
1522394407466635266
1522394407730823169
1522394408116699143
1522394410163523584
1522394414206828546
1522394418300559360
1522394418636021761
1522394429994196993
1522394430073970688
1522394429818032129
1522394436080381952
1522394442740559872
1522394443965476864
1522394458456793088
1522394459362643971
1522394459736051712
1522394461514477568
1522394465243385858
1522394468305014786
1522394476387385345
1522394476710604801
1522394484335685633
1522394499795894272
1522394502190989313
1522394505802092545
1522394506032734209
1522394511753854979
1522394514849243138
1522394520159244289
1522394521002196994
1522394524433235969
1522394541013229568
1522394545194881025
1522394546512044045
1522394548386816001
1522394549225676800
1522394556624420864
1522394557257859072
1522394561695617026
1522394562362290177
1522394563591110656
1522394563633205250
1522394574798434304
1522394578040492033
1522394579412025344
1522394579512832000
1522394580662030339
1522394590736748546
1522394597925826563
1522394601729966083
1522394604301172736
1522394613549793280
1522394618993819648
1522394622105997313
1522394625411006471
1522394629118775302
1522394634022010880
1522394635704102912
1522394643245195271
1522394644692312066
1522394649368875010
1522394650782445568
1522394651654770702
1522394652871208961
1522394666985041924
1522394667924525056
1522394668624973831
1522394668507484160
1522394669254127618
1522394674937352195
1522394677009436673
1522394677915357184
1522394682139070466
1522394688594096129
1522394693962813450
1522394696458199040
1522394697305624578
1522394705669115906
1522394707330048000
1522394710962106368
1522394714103685120
1522394716922433536
1522394723343908864
1522394725344497665
1522394727471009794
1522394728146341891
1522394730088345601
1522394732827389952
1522394733036847104
1522394735679352832
1522394736438517760
1522394742700625921
1522394752330907652
1522394755598012416
1522394758638817280
1522394759804993537
1522394760052449281
1522394761809645568
1522394764435415059
1522394768281587720
1522394769846116354
1522394786883321862
1522394787067875328
1522394787118206976
1522394787692883968
1522394792432439296
1522394797344014337
1522394797788610561
1522394800128937984
1522394802721067015
1522394806361669632
1522394821758906368
1522394822308687872
1522394823025741826
1522394823830999045
1522394825022132224
1522394832039206915
1522394835755405313
1522394839563882499
1522394849802321920
1522394852377473026
1522394856177520642
1522394856219607040
1522394856177520641
1522394861634301957
1522394862259220481
1522394862967877632
1522394864532574208
1522394864389926913
1522394865535012866
1522394872115863552
1522394874133286912
1522394876633137153
1522394879229366272
1522394896946008064
1522394899764682752
1522394905426939906
1522394908769857537
1522394911332790272
1522394912947269632
1522394917095591937
1522394917225521153
1522394924640915456
1522394930051796993
1522394933537222656
1522394940575256579
1522394943557414912
1522394946929672194
1522394962339454976
1522394967334957057
1522394973471182849
1522394980563951619
1522394982996656129
1522394988952309760
1522394990378369024
1522394993893294081
1522394998918029314
1522394999077453825
1522394999396122624
1522395001598083073
1522395006086098946
1522395008220991488
1522395009126965257
1522395013996552193
1522395018295709696
1522395020388491264
1522395023119380480
1522395025329565698
1522395032636071936
1522395032984199169
1522395035823599616
1522395036427726850
1522395040282464257
1522395040353374208
1522395041704120322
1522395044795273216
1522395045332144128
1522395046858964994
1522395047030886405
1522395047278395392
1522395050893795331
1522395054199160833
1522395056514158595
1522395058967826432
1522395059697504257
1522395060092153856
1522395063053168644
1522395065091510272
1522395065401942016
1522395070258978816
1522395070552543238
1522395073463431173
1522395082959204353
1522395084024651777
1522395085559812102
1522395088852115456
1522395095516987393
1522395100927733761
1522395104123797506
1522395109895159809
1522395116417302528
1522395121697890304
1522395126978555904
1522395139389468673
1522395144896581632
1522395148566605824
1522395155583672322
1522395157899149313
1522395158901403649
1522395160830779393
1522395165331275776
1522395171228635137
1522395175900876800
1522395180984418305
1522395181349326851
1522395185728000000
1522395192439025665
1522395193051336704
1522395193424723969
1522395195991633921
1522395213745905665
1522395222814167042
1522395227193057280
1522395234621177858
1522395244133814274
1522395251226419204
1522395252669042689
1522395256477601795
1522395261116444672
1522395264677564417
1522395267357544449
1522395268120907776
1522395272369815553
1522395274529980416
1522395275368742912
1522395278644584448
1522395281488330753
1522395283216293890
1522395283904155648
1522395288455073792
1522395290094997504
1522395295178448896
1522395298315837440
1522395299087593472
1522395299389575168
1522395302392651776
1522395304242270209
1522395305878171648
1522395307749031938
1522395308839235584
1522395311817342977
1522395312295489536
1522395313335635968
1522395318691717127
1522395330565885952
1522395339394887680
1522395352359489537
1522395352594321408
1522395354892697600
1522395363373723649
1522395365152260096
1522395368754794496
1522395371720384514
1522395378141782020
1522395378661928961
1522395381560229890
1522395381824462849
1522395382185185283
1522395383653089281
1522395384235970560
1522395390032576512
1522395391953670145
1522395395246247936
1522395398274531329
1522395405278982145
1522395414762520576
1522395414837829632
1522395414988734465
1522395416414806017
1522395422941134848
1522395426757951488
1522395429933039619
1522395434328768514
1522395437759709185
1522395439051509761
1522395444290064384
1522395444990689280
1522395448417337346
1522395452787863552
1522395454465531905
1522395464221528070
1522395468654809088
1522395474556293127
1522395476930224128
1522395482005377025
1522395483272261632
1522395483418812419
1522395488124907521
1522395492117893120
1522395496928911361
1522395503148904448
1522395503635451904
1522395503920615425
1522395505778638850
1522395505715777536
1522395508769271809
1522395524845944833
1522395526008041473
1522395527467438081
1522395528436371457
1522395528998408192
1522395529690370048
1522395536053182464
1522395537324097536
1522395541266743298
1522395543435161605
1522395542357168128
1522395556659839018
1522395561852346375
1522395564230463488
1522395565199446026
1522395566952566789
1522395567892090880
1522395571725680646
1522395575165067264
1522395583566200832
1522395584082198529
1522395584237379591
1522395584346349570
1522395584770068480
1522395595549417484
1522395598418333697
1522395606978809856
1522395608157462531
1522395614952181766
1522395617150255105
1522395621793091584
1522395622984278017
1522395624850825216
1522395625182183429
1522395630932357121
1522395632140390400
1522395640315006976
1522395646602493952
1522395648112402433
1522395648867274752
1522395652965249028
1522395653250306048
1522395654286286849
1522395657021321216
1522395667867521024
1522395671831191553
1522395675585044489
1522395677661224960
1522395682002325504
1522395682316955651
1522395683017351170
1522395682379902976
1522395689929555970
1522395693482135552
1522395700398477312
1522395702269456384
