1522758095927140354
1522758097999212544
1522758099475574785
1522758110686978048
1522758112863784960
1522758113463394304
1522758113790681090
1522758113559949312
1522758115917131776
1522758117175398400
1522758118618419201
1522758121944399879
1522758124184215555
1522758136679092224
1522758140718026752
1522758144434315266
1522758147638710273
1522758150658613250
1522758151044534278
1522758151698886656
1522758154735521793
1522758155779854337
1522758166005653504
1522758166378860544
1522758169939910656
1522758174931320833
1522758178026496000
1522758180169732097
1522758183386857472
1522758184913448960
1522758184703647744
1522758190102093824
1522758192610033664
1522758193834831874
1522758195227279361
1522758196452270080
1522758201791315968
1522758202672226304
1522758206744838145
1522758207025958912
1522758217855549442
1522758220368035840
1522758222679056386
1522758223060738050
1522758224335802372
1522758226810490881
1522758234192302081
1522758237040353281
1522758239657594880
1522758239410139136
1522758239552622593
1522758241305903104
1522758243638034432
1522758249774297094
1522758252898967553
1522758255050563584
1522758261371514882
1522758267457388544
1522758271827914752
1522758273111248896
1522758274210308103
1522758286625456128
1522758288349274112
1522758292891652096
1522758294179303426
1522758298109423616
1522758299757727745
1522758300361764866
1522758304199553024
1522758304333762561
1522758306133155841
1522758308985475072
1522758310000140288
1522758313523486723
1522758325716148224
1522758326429356034
1522758326445961216
1522758327691882496
1522758329583300609
1522758330275577859
1522758330598543360
1522758337854648320
1522758339448377345
1522758340090253312
1522758340899708928
1522758346243248128
1522758349938429952
1522758349976227842
1522758356628164608
1522758358629027840
1522758364412928000
1522758366044598272
1522758367688765440
1522758372830945281
1522758383744561152
1522758389725597698
1522758393953660928
1522758394439999489
1522758395614355456
1522758404216827904
1522758406859370501
1522758408771969025
1522758409451409409
1522758410063728642
1522758412756467712
1522758419396149251
1522758423326216192
1522758424093671424
1522758432566259714
1522758435443560448
1522758442330787840
1522758442066362371
1522758449972527104
1522758450396090369
1522758456066908160
1522758454716379137
1522758462752579586
1522758463478239235
1522758468742094848
1522758470440738823
1522758470969270272
1522758475352137729
1522758475561979908
1522758478208585729
1522758481966678016
1522758496474656769
1522758502195728384
1522758512153088001
1522758513587625985
1522758519484731393
1522758519593836547
1522758525780430850
1522758527059734528
1522758527319564288
1522758529064521731
1522758533950881792
1522758533900652545
1522758540846325760
1522758548349988865
1522758553160892417
1522758558156300295
1522758561075445761
1522758561956352006
1522758563138920448
1522758569850032128
1522758571158609922
1522758572572037121
1522758587151380481
1522758587747086336
1522758588107739136
1522758589101785088
1522758590221942790
1522758590431387648
1522758590926405632
1522758594260779013
1522758598065102853
1522758598350225410
1522758608374665216
1522758612292182016
1522758613885927424
1522758614464688129
1522758620424904704
1522758623629393925
1522758629186756614
1522758629677481985
1522758632349343745
1522758633519419392
1522758634358272000
1522758638594453505
1522758639337021440
1522758639454507008
1522758642164019202
1522758643279532032
1522758643325800448
1522758651919749122
1522758652536500230
1522758656831467521
1522758659561992196
1522758660438511617
1522758662846140417
1522758665811419136
1522758670437601280
1522758671968751617
1522758676834041856
1522758682639056899
1522758686539755521
1522758690729771008
1522758690784399362
1522758697004724224
1522758698224918530
1522758700099903490
1522758701051899905
1522758702201282561
1522758704550010880
1522758705028161538
1522758710841466881
1522758711193870336
1522758713572040704
1522758714557665282
1522758714775814144
1522758716373798913
1522758720916180993
1522758721054679041
1522758726339465216
1522758727186751491
1522758734434508807
1522758740843319296
1522758739639648264
1522758746040066048
1522758749504557062
1522758751761145856
1522758752742612993
1522758753237487621
1522758761013776386
1522758763568062465
1522758763870134279
1522758769092005889
1522758772187443201
1522758773147901954
1522758779267338244
1522758785823035392
1522758786749976582
1522758793234366465
1522758794085814274
1522758794467414016
1522758794639384577
1522758797856415744
1522758800066945027
1522758800310214657
1522758802084450304
1522758803963494400
1522758805565714435
1522758808275230720
1522758814323326976
1522758821348790273
1522758827392786432
1522758828168781824
1522758830031089664
1522758836007976960
1522758836528062468
1522758841376538624
1522758843205308422
1522758851778523137
1522758854227943426
1522758855213658112
1522758856941531136
1522758862440382465
1522758862612299776
1522758863862349841
1522758864990621696
1522758865955307521
1522758868790652930
1522758872066400256
1522758877099532289
1522758884238233601
1522758884393422851
1522758885605584896
1522758886612164608
1522758895499886593
1522758898406641665
1522758908456181767
1522758909982879745
1522758917968834560
1522758920665804800
1522758921190002688
1522758925853990913
1522758926780932096
1522758928068718597
1522758928576262150
1522758932124553223
1522758942413271042
1522758944514625536
1522758948247543808
1522758952957718528
1522758954341658629
1522758954799046662
1522758957219160070
1522758966538911747
1522758978694000640
1522758978849189890
1522758980552044549
1522758982753939456
1522758983102218241
1522758985841004545
1522758990874173440
1522758994024091648
1522759002609930241
1522759002664361988
1522759002827931648
1522759003037655040
1522759004082126848
1522759005768232961
1522759012709711882
1522759017973616642
1522759023510134784
1522759026295070721
1522759027549159430
1522759028002148352
1522759033999921152
1522759041491079174
1522759041616945152
1522759048415825921
1522759049678401537
1522759058469494784
1522759059530735617
1522759061116178433
1522759061099274240
1522759062324056065
1522759062441635840
1522759070981238787
1522759083174023170
1522759083547316225
1522759085174755329
1522759085376032768
1522759087825510401
1522759089771757568
1522759091960967169
1522759093412372482
1522759103302586368
1522759108637589510
1522759109472399360
1522759113133989891
1522759120008499205
1522759119958003713
1522759123309322241
1522759124806684672
1522759129529565188
1522759130099953664
1522759130326478852
1522759132796784640
1522759135858675715
1522759137419051010
1522759144440315908
1522759144830349312
1522759146260549637
1522759148236115973
1522759149657935872
1522759151352430593
1522759152631693313
1522759153109843968
1522759155102404608
1522759156989669378
1522759158268895232
1522759159313227777
1522759164065423360
1522759166263189504
1522759167609606144
1522759181798830080
1522759187167596544
1522759190627987457
1522759192385359872
1522759206784409601
1522759206763380738
1522759207275147264
1522759212983541760
1522759217186328583
1522759228900917248
1522759240733048832
1522759243820150785
1522759245321621506
1522759246487691265
1522759253467054081
1522759256935739392
1522759265772965892
1522759268994220032
1522759277605175296
1522759281187164161
1522759287210225665
1522759292834750467
1522759293522436097
1522759293740539904
1522759298383765509
1522759298555813893
1522759309108518913
1522759317086040064
1522759318398980096
1522759322819727360
1522759323289538562
1522759324770217984
1522759330235305986
1522759332525445121
1522759334429605888
1522759334735892485
1522759334857482247
1522759335058849792
1522759337080500227
1522759339311779842
1522759346140155906
1522759350309249024
1522759355770232832
1522759358492282880
1522759364490133504
1522759365790507012
1522759375533842434
1522759376125190144
1522759381447761920
1522759384887136258
1522759385503735808
1522759386556424192
1522759392789213184
1522759398380425217
1522759400062173184
1522759406051602432
1522759410438836227
1522759410648592384
1522759415731994635
1522759421406887936
1522759422384041985
1522759425437667328
1522759433998114816
1522759436762296320
1522759448724492289
1522759449915670529
1522759458899775488
1522759461600907266
1522759461953318913
1522759464075546624
1522759465208102912
1522759468534185992
1522759469607833602
1522759477652566016
1522759479611244544
1522759481599442944
1522759485672108032
1522759492701941760
1522759496300318720
1522759500738048000
1522759502495420416
1522759502851887105
1522759503170740226
1522759504022183936
1522759504500338689
1522759505829933056
1522759506358423552
1522759508346482689
1522759512775667713
1522759513530454016
1522759514646192128
1522759515984338945
1522759520950177793
1522759526398799874
1522759531759083520
1522759532010622976
1522759533403119616
1522759541452115969
1522759549035466752
1522759549945630721
1522759551031943172
1522759558787067904
1522759559554772998
1522759560469299202
1522759565065932801
1522759567523860485
1522759567700074502
1522759573354037250
1522759574356467712
1522759575543373825
1522759575589511173
1522759575685898241
1522759581339897861
1522759588935782400
1522759589267054593
1522759594421927946
1522759596015857664
1522759598779867136
1522759599266447366
1522759605465591808
1522759605847310337
1522759607541800960
1522759612256116738
1522759612990164994
1522759615032737792
1522759615439536128
1522759624272797697
1522759624910327809
1522759625132621825
1522759632808300546
1522759633353457665
1522759634225930240
1522759634704084994
1522759635723239429
1522759638915198976
1522759652290703360
1522759652743778305
1522759653796503552
1522759654543175685
1522759658066399235
1522759658439680001
1522759664991191040
1522759666236805127
1522759668728217601
1522759670993231873
1522759674298261504
1522759677934665728
1522759684016549888
1522759686138781698
1522759693055270913
1522759696268115969
1522759696431652865
1522759697723449344
1522759703012458497
1522759712705597442
1522759723661078534
1522759725498175489
1522759730816598020
1522759735883321346
1522759736051081220
1522759739272220672
1522759746029293569
1522759746411020288
1522759747946090496
1522759751515394048
1522759753600057345
1522759753713205248
1522759755340693507
1522759755420348420
1522759757303590915
1522759760566751232
1522759761040576512
1522759763293057024
1522759764584841216
1522759765188784128
1522759767172726787
1522759768678756352
1522759769974788096
1522759776291201028
1522759781848875009
1522759781999849473
1522759786617610240
1522759788819587072
1522759789146746880
1522759790837051393
1522759794792308736
1522759795840794625
1522759797493448704
1522759799426928640
1522759805622194176
1522759816195756038
1522759820658589698
1522759821627248640
1522759823741407232
1522759825641324545
1522759831261794310
1522759833342119940
1522759836005543937
1522759840178884609
1522759841722241025
1522759860886159360
1522759866464546817
1522759872797945857
1522759879617822720
1522759880318275584
1522759884240035840
1522759891554910208
1522759893844901889
1522759899020763136
1522759899121340417
1522759906654314496
1522759909863038976
1522759927525171203
1522759931413336071
1522759931564281858
1522759934949007360
1522759935188213760
1522759950275170304
1522759955102765061
1522759963130671105
1522759974820225025
1522759975357067264
1522759984316039169
1522759994944679936
1522759999851749379
1522760001487581184
1522760002842288128
1522760004192944131
1522760009402265601
1522760009729425409
1522760012623499266
1522760012568969216
1522760014628278272
1522760020080877569
1522760020470820864
1522760021511225352
1522760023482449923
1522760026708144129
1522760028595367936
1522760033985265664
1522760037654925312
1522760038548393984
1522760038900719618
1522760043170611204
1522760046794485766
1522760046869942272
1522760052796448768
1522760060748931075
1522760065849118720
1522760068680372225
1522760069284306944
1522760070676852737
1522760074170703881
1522760086367703041
1522760091572658176
1522760100489871363
1522760100556988416
1522760101286842371
1522760106324209664
1522760105816645632
1522760115757146112
1522760122761728001
1522760126532304896
1522760126838444032
1522760127769718784
1522760129774600192
1522760133876584449
1522760134354939904
1522760137882374144
1522760138624491520
1522760142663655427
1522760148699262977
1522760154583904264
1522760160657039360
1522760160967593984
1522760165082079232
1522760166017581056
1522760173256855553
1522760173131079683
1522760175572205568
1522760175802793988
1522760187450376194
1522760188754903040
1522760193259544576
1522760193695789057
1522760195117445121
1522760195826405376
1522760198502457344
1522760203774889986
1522760207415365632
1522760213954277376
1522760216818946048
1522760217800368128
1522760218500808709
1522760219104788482
1522760227153608705
1522760237597577216
1522760238671216641
1522760238998470658
1522760241120698369
1522760250318802947
1522760253921759234
1522760256333438981
1522760257465896960
1522760258828967936
1522760265372155905
1522760268413308929
1522760271319736320
1522760273110908928
1522760277355339777
1522760282329825281
1522760288268865536
1522760289090867200
1522760294396747776
1522760299073441794
1522760305322962952
1522760314277695489
1522760314416160768
1522760314823000065
1522760315523506187
1522760317314469890
1522760317347975175
1522760319478681601
1522760324792918016
1522760333580021760
1522760338210443265
1522760339447762945
1522760348214128640
1522760350524977154
1522760351653429248
1522760353540718592
1522760358783553536
1522760358976536577
1522760363380559875
1522760364345151489
1522760370766499840
1522760374445121536
1522760377897000960
1522760379952242690
1522760384830189568
1522760388206489600
1522760390681182209
1522760391188754432
1522760391536922626
1522760394141581313
1522760397908062210
1522760398210048000
1522760405159927808
1522760410138611712
1522760412416126977
1522760413510840320
1522760421928755200
1522760427494682625
1522760428505513996
1522760437388955649
1522760437493813252
1522760438928314369
1522760443483373570
1522760454120120321
1522760457634914307
1522760459606179843
1522760460378034180
1522760470314237955
1522760473774411776
1522760478950260736
1522760480263135232
1522760480711917568
1522760486185541635
1522760488924422144
1522760493684961281
1522760498617503745
1522760506632720386
1522760506603458562
1522760512295129088
1522760515130384386
1522760518511079424
1522760519614095366
1522760526190845953
1522760527704903680
1522760529290403842
1522760549003583488
1522760552770154499
1522760554582061056
1522760556071075842
1522760558591856644
1522760564023439360
1522760565952856076
1522760565927694336
1522760566430859264
1522760568498802690
1522760569069182977
1522760572181397504
1522760578917359622
1522760583745003520
1522760583631810560
1522760588027379712
1522760588665016321
1522760589315088384
1522760590132797440
1522760592586641408
1522760592896970754
1522760594805477376
1522760597858881537
1522760599163265025
1522760602988523525
1522760604326539267
1522760604548751361
1522760604519387136
1522760607434522625
1522760608726323201
1522760612022996992
1522760616045424642
1522760627311325186
1522760629412577280
1522760633292406789
1522760635062403073
1522760637541236736
1522760642612105219
1522760644969201665
1522760645912977408
1522760648970625024
1522760654335221761
1522760661931020288
1522760664615378944
1522760664896479236
1522760670143557632
1522760670202458112
1522760671108034560
1522760674908291072
1522760676414050305
1522760677319925762
1522760685985443843
1522760689424773126
1522760691303780353
1522760700736819202
1522760709746176000
1522760713961238528
1522760714535899137
1522760721213407232
1522760739257298955
1522760741048270848
1522760742277103616
1522760747020861441
1522760749013110784
1522760751202672657
1522760751823429633
1522760755128504321
1522760756051300354
1522760759398350850
1522760770869776387
1522760773604458496
1522760777484185600
1522760779128356867
1522760779874844672
1522760780222971904
1522760780508110848
1522760781229613064
1522760782647341057
1522760784845148162
1522760793397334017
1522760793259126785
1522760794399776770
1522760803392311296
1522760805489516544
1522760809939570688
1522760812561059842
1522760812670169088
1522760812816965632
1522760814834470912
1522760826196840448
1522760831422779392
1522760836539949058
1522760843972292610
1522760845754839041
1522760849378664448
1522760849055703040
1522760850142109698
1522760852054679558
1522760853505912833
1522760856655867904
1522760859986055169
1522760861609254916
1522760864847257603
1522760869553315842
1522760869532389376
1522760870987710470
1522760871235272704
1522760872137043969
1522760875727327240
1522760882522148864
1522760893452455937
1522760894396223490
1522760894534631425
1522760896665194497
1522760906760937473
1522760916181389313
1522760916776927232
1522760918182117376
1522760922602815488
1522760926490996738
1522760939958902784
1522760948561424390
1522760951577124864
1522760953007423490
1522760953636560899
1522760953967923204
1522760953909194759
1522760956442714112
1522760959600873473
1522760962708754432
1522760967821701120
1522760974201245697
1522760976810000388
1522760987606200320
1522760994577170434
1522761028295139330
1522761029985390592
1522761031319126018
1522761035127611392
1522761035580641282
1522761043231051776
1522761044208361473
1522761044623605760
1522761051409842177
1522761052986904577
1522761053343387648
1522761053700038656
1522761063317528576
1522761064542130176
1522761065473392642
1522761066358390785
1522761068015243265
1522761070124875780
1522761076571574272
1522761078513410049
1522761081340534784
1522761082238115842
1522761082363912195
1522761082938576896
1522761087447441408
1522761091083866114
1522761092132450304
1522761093738860544
1522761096620351496
1522761099321425922
1522761103402573828
1522761103629029385
1522761105826881537
1522761110994264065
1522761113439453185
1522761121391943680
1522761126693457920
1522761129931550720
1522761131135221775
1522761141264519168
1522761142023643142
1522761155210629127
1522761159522332675
1522761169244667905
1522761170993573888
1522761173887819776
1522761175347388418
1522761179873038336
1522761195383664642
1522761198671998977
1522761199544414208
1522761200467161095
1522761202291597313
1522761214463467521
1522761214740385795
1522761214840950784
1522761222663327744
1522761228380164096
1522761229533655041
1522761234226892800
1522761238450778113
1522761241420312581
1522761242506637314
1522761245899689984
1522761246847963136
1522761248374288385
1522761250379337729
1522761263033438208
1522761265038376965
1522761266355490821
1522761266951041024
1522761267051741185
1522761272571408386
1522761276002385920
1522761283589791750
1522761284562960385
1522761292016197633
1522761301684113408
1522761305236676608
1522761308634066949
1522761310349443074
1522761312664752129
1522761317903331329
1522761319795019780
1522761321204355073
1522761325306421248
1522761326820577288
1522761328800124928
1522761329282633728
1522761328233955331
1522761330691907590
1522761341643247617
1522761343308378114
1522761343895584775
1522761350673481730
1522761352745467904
1522761353538252808
1522761355169878021
1522761367027130370
1522761367652032512
1522761378263621633
1522761378012049410
1522761380226600960
1522761381807853568
1522761381711392772
1522761382034382856
1522761387935776769
1522761392624857088
1522761392482398210
1522761395376472067
1522761398492803072
1522761399981817856
1522761401768583168
1522761408081014785
1522761408018067457
1522761410299809793
1522761412254134272
1522761412770213888
1522761415605510144
1522761420533731328
1522761436673368064
1522761440058572800
1522761445301227521
1522761445875896322
1522761449940078594
1522761453954031617
1522761454981636103
1522761459679350785
1522761460006404098
1522761460501426179
1522761460572598273
1522761461956857859
1522761464372776961
1522761465245097985
1522761470672576513
1522761473226948611
1522761479086297088
1522761479635845121
1522761485168037890
1522761488557039616
1522761504088641546
1522761510111621122
1522761510635798529
1522761511957155842
1522761512795967490
1522761514863714309
1522761517342633985
1522761520995872768
1522761521641799680
1522761526154862598
1522761526913994754
1522761541128364034
1522761545893167105
1522761556043386880
1522761565732278272
1522761570966818816
1522761578160005120
1522761582081572864
1522761584053047300
1522761586267627520
1522761586577920005
1522761590562603009
1522761591351123968
1522761595092234240
1522761596904300545
1522761600612057089
1522761603560742912
1522761604689018881
1522761605490094083
1522761610472923137
1522761611043348485
1522761613740232704
1522761614201692160
1522761614956638209
1522761615514480646
1522761616881770497
1522761618354221056
1522761618538573830
1522761620811919361
1522761623823335425
1522761624058220544
1522761625153024000
1522761648418979841
1522761654102073344
1522761655524130816
1522761667905564675
1522761672762478604
1522761679930638337
1522761683470594049
1522761685064376320
1522761685710290951
1522761689170653186
1522761697303621632
1522761701506043906
1522761702475022337
1522761702579781634
1522761705461370880
1522761707545837570
1522761722980880388
1522761723614277632
1522761727682785284
1522761736813785088
1522761737891504128
1522761750260682753
1522761763393085440
1522761764143779840
1522761764399730689
1522761771450257411
1522761774730252288
1522761778295230464
1522761781000785920
1522761782087102466
1522761782217121795
1522761783047507969
1522761789217378304
1522761789943042051
1522761797014593536
1522761800919535617
1522761803419246592
1522761804681732096
1522761804715372545
1522761810465607681
1522761812529356801
1522761815717027840
1522761819139592193
1522761827750457346
1522761828060827649
1522761836612964352
1522761842510151681
1522761847983665153
1522761850294784000
1522761853612396544
1522761861485281281
1522761864446369792
1522761865234948097
1522761865406959616
1522761866132475904
1522761866795180032
1522761871681593344
1522761884595802112
1522761888945291264
1522761894502752256
1522761896641941504
1522761898118242304
1522761900504743936
1522761909908475904
1522761917818937349
1522761918225817600
1522761928082432001
1522761936894627844
1522761943970455554
1522761946130530305
1522761946545676291
1522761947841802240
1522761952296067073
1522761953160187904
1522761970272944128
1522761971069763584
1522761971929653248
1522761972105850881
1522761974391742465
1522761985141706752
1522761989696729088
1522761997309329410
1522762000685805570
1522762005244956673
1522762013868544001
1522762014220767232
1522762017978732545
1522762020356984832
1522762022701645825
1522762024358494210
1522762041022365697
1522762049729748995
1522762055534657536
1522762062803480577
1522762068734078976
1522762071116496899
1522762080679608321
1522762081111523328
1522762082139131908
1522762090943074305
1522762095116365828
1522762097817489409
1522762101080870912
1522762100422049792
1522762101470953472
1522762103743987712
1522762107711852547
1522762111247659008
1522762112577253376
1522762113026244608
1522762120689029120
1522762121922162688
1522762121922199553
1522762122660401155
1522762127483838464
1522762130373906433
1522762131342508037
1522762131522867203
1522762131720085505
1522762133255163906
1522762135272660994
1522762143107633152
1522762145276231681
1522762146286870531
1522762147289251840
1522762153664655361
1522762158076882944
1522762159255703553
1522762172606160897
1522762179556089857
1522762194626260992
1522762196031320069
1522762200632500225
1522762203467763712
1522762207582470144
1522762207687282695
1522762207767015425
1522762209247600640
1522762220949716992
1522762225030684672
1522762228016947200
1522762229162119169
1522762229837410305
1522762230537891842
1522762233314480129
1522762245536632833
1522762246367154176
1522762248770494465
1522762261504352256
1522762268940947462
1522762268957679617
1522762286460555265
1522762290331856896
1522762292714213377
1522762295503319040
1522762296916914176
1522762298015633408
1522762300758925312
1522762302080098304
1522762304546549760
1522762307775905792
1522762310523236352
1522762312389697542
1522762317016055808
1522762317959733248
1522762326885216258
1522762327573020674
1522762331528249349
1522762331628974082
1522762335668121600
1522762336527953922
1522762342689300482
1522762343654084609
1522762357621075969
1522762361446100992
1522762362410913798
1522762363061084161
1522762364399108097
1522762372770938882
1522762373127409664
1522762376893902848
1522762379087523843
1522762381411057664
1522762382312886273
1522762384984662017
1522762390022066182
1522762391221686275
1522762391762706432
1522762400218427394
1522762401069871104
1522762403028647937
1522762403120877570
1522762404387565578
1522762408107732992
1522762414479007745
1522762414713835520
1522762418719440896
1522762421588353025
1522762421806538752
1522762426919243776
1522762426902401024
1522762430773968896
1522762432653012993
1522762434724909057
1522762435630882818
1522762442299695104
1522762442706665474
1522762444606631936
1522762445202329602
1522762446221369346
1522762446078836736
1522762454542938114
1522762457231601664
1522762459391610882
1522762461132189696
1522762463774756868
1522762468468142080
1522762471425064963
1522762471420968969
1522762471693553665
1522762479268417540
1522762484704235521
1522762485530513408
1522762488831483904
1522762488835710977
1522762489959702529
1522762490626588672
1522762491566174209
1522762501670072320
1522762501708034048
1522762504564363267
1522762505063333888
1522762507001151488
1522762510180532224
1522762513301000193
1522762515100352512
1522762526152404992
1522762526332653573
1522762529201655809
1522762542036262912
1522762542258470913
1522762552647856130
1522762560394743808
1522762563129327618
1522762563435511808
1522762569383088129
1522762578702835712
1522762580548554752
1522762580586287105
1522762582737752066
1522762582926700544
1522762589398315009
1522762590983757825
1522762592409645056
1522762592753786880
1522762593080954884
1522762598889967617
1522762602002198528
1522762601826070529
1522762604250345472
1522762606171369472
1522762611879817216
1522762617005109248
1522762617961463808
1522762620599681026
1522762621434449920
1522762623862943747
1522762625163186177
1522762631240732672
1522762638442303489
1522762646331793409
1522762646466007040
1522762647757893635
1522762648139534336
1522762648516968461
1522762652266774528
1522762653856321538
1522762665025802241
1522762667743748102
1522762668997808128
1522762669383720961
1522762674957963264
1522762678384529408
1522762678988537856
1522762682381840384
1522762688769806343
1522762692322373632
1522762693211533319
1522762697179373568
1522762700740345856
1522762703403683844
1522762710735335424
1522762715823022081
1522762715894358016
1522762723439910912
1522762729207078912
1522762737369104386
1522762737897644039
1522762739965435904
1522762741605634048
1522762744029716480
1522762744021143553
1522762744029667329
1522762747305467904
1522762750581112833
1522762751742984200
1522762757216612353
1522762762488885248
1522762764707631104
1522762775038210049
1522762775168233479
1522762781094776832
1522762782785081344
1522762788107689986
1522762790758408192
1522762793040109571
1522762802447872000
1522762805916622854
1522762816591044608
1522762819938435074
1522762825453735939
1522762827286687749
1522762827542708224
1522762834039484420
1522762836031819777
1522762837940178944
1522762854000115716
1522762854457298945
1522762862195838976
1522762863768752128
1522762864574017536
1522762867161845762
1522762869946785792
1522762871083438080
1522762874178916360
1522762876104155138
1522762879765778433
1522762881745489920
1522762883100200964
1522762886426279938
1522762890197053441
1522762891975434242
1522762897482563584
1522762907364298752
1522762910577082370
1522762910958858240
1522762913097949184
1522762916025421824
1522762916625330181
1522762916981837825
1522762918093365248
1522762918479204352
1522762921440428032
1522762928209989633
1522762929120190474
1522762929170493442
1522762931116527621
1522762931309535236
1522762932211363842
1522762939761139714
1522762941422051328
1522762943825424386
1522762944735588356
1522762945964478465
1522762950389518336
1522762954436841478
1522762955158261760
1522762958366982145
1522762972581568512
1522762973890105345
1522762974624198656
1522762974934573056
1522762975899267074
1522762977337909249
1522762977727983616
1522762978357280769
1522762978663321600
1522762985936240649
1522762987328741378
1522762987915952134
1522762989132300292
1522762995700576256
1522762996543418369
1522763007419461635
1522763009172594690
1522763023391367169
1522763024397856768
1522763026490966017
1522763034690826240
1522763043075248129
1522763047558959105
1522763050272575488
1522763059655233536
1522763060842221569
1522763073479716866
1522763081491030017
1522763083000725507
1522763094786772996
1522763098951667712
1522763103317889024
1522763111001952256
1522763121374474241
1522763123039645699
1522763125510000642
1522763127326228480
1522763139498004480
1522763147702059008
1522763156623396867
1522763157919391746
1522763158070476800
1522763159345451008
1522763159278342146
1522763162000498690
1522763170208788481
1522763170988756992
1522763174466007041
1522763175220895744
1522763198486568961
1522763202618036224
1522763204329459717
1522763222989918208
1522763226810925056
1522763229126139905
1522763229369298944
1522763232632619008
1522763241339904000
1522763243965538304
1522763250169008129
1522763255889940483
1522763257538301953
1522763258138083329
1522763262139543554
1522763262927978498
1522763267399110661
1522763267604680706
1522763269639127040
1522763271706714114
1522763273099259904
1522763274680418308
1522763280057573376
1522763281382969344
1522763288832057349
1522763289045966850
1522763292145451010
1522763292040736770
1522763305051467778
1522763305529585665
1522763312374505473
1522763312819277826
1522763314887020547
1522763320390000641
1522763320830218240
1522763338329071616
1522763341625761792
1522763353868832769
1522763355911602176
1522763361322250240
1522763362781782016
1522763373775052800
1522763376199409671
1522763378871062528
1522763379915509762
1522763380171452417
1522763387087704064
1522763389533147137
1522763398638878721
1522763406088060928
1522763410815033344
1522763413688135681
1522763433522995201
1522763435322314752
1522763435834023937
1522763436257681409
1522763439382405122
1522763440133230594
1522763440296706048
1522763440837861377
1522763452204339201
1522763455635337216
1522763459913555968
1522763460852998144
1522763461989736448
1522763465131180032
1522763465760419841
1522763467152896000
1522763473335341057
1522763478435516417
1522763478616125441
1522763484420739077
1522763486224334849
1522763488040566790
1522763492243165190
1522763496437518336
1522763497570017286
1522763498215849984
1522763503647531008
1522763508391292933
1522763510794575873
1522763514720497664
1522763517581012993
1522763518029799425
1522763519434895361
1522763528335245314
1522763532194009088
1522763533246676992
1522763533657657344
1522763536006582274
1522763536488882177
1522763536908394498
1522763537298472960
1522763541115244544
1522763546253307904
1522763550388899840
1522763550804127744
1522763559725371394
1522763562229407745
1522763562657140736
1522763568919334914
1522763572572569602
1522763572715130880
1522763575487574016
1522763580990500864
1522763585998491648
1522763588372295680
1522763590100471808
1522763595041361926
1522763597977423872
1522763608110862337
1522763615043997698
1522763615547400192
1522763618185531392
1522763618554630146
1522763619099979778
1522763626012160000
1522763630567165953
1522763630646898689
1522763642839891968
1522763643074617345
1522763643938607106
1522763651769417728
1522763658413150209
1522763659973476356
1522763661810573314
1522763669460848640
1522763671063064576
1522763673231581190
1522763675005857795
1522763681913790464
1522763682924666887
1522763687039160321
1522763688985473025
1522763691543904268
1522763693611798529
1522763694584774659
1522763694978985986
1522763697537654784
1522763698032582656
1522763698015813635
1522763699970269184
1522763712133799941
1522763715048882176
1522763716764307456
1522763723269718016
1522763734053236737
1522763734640332800
1522763740114042880
1522763740617322496
1522763746204135425
1522763747420512260
1522763747521146882
1522763748259549184
1522763748158717952
1522763753330200580
1522763757201592322
1522763760930529280
1522763762331226114
1522763763094589441
1522763770048749573
1522763771357376512
1522763775417462784
1522763775476224001
1522763776050843648
1522763783323586560
1522763789170614272
1522763795600445440
1522763796175015936
1522763799023001600
1522763805880733697
1522763806585225216
1522763807675883520
1522763810993586177
1522763811769307137
1522763811723223040
1522763812633399296
1522763814894252034
1522763815380824066
1522763824377520128
1522763828148289536
1522763829838446592
1522763830190825472
1522763831361126400
1522763832153804800
1522763833818947584
1522763835677057024
1522763852441661441
1522763856094892032
1522763857210527747
1522763859135713280
1522763862180872193
1522763862340210688
1522763866224185349
1522763871622250498
1522763872108695553
1522763872985399296
1522763874872745985
1522763875141267457
1522763879520026624
1522763884402249728
1522763887195660288
1522763890114846720
1522763893382254593
1522763895550717952
1522763900260814848
1522763906896338945
1522763907219214336
1522763908385189889
1522763910033678337
1522763913867190276
1522763932032634880
1522763938038902784
1522763938408148994
1522763941860065281
1522763943986483204
1522763945496522754
1522763950185668608
1522763953276809218
1522763954388353027
1522763957924151297
1522763960738590721
1522763968116248576
1522763969643044867
1522763971513753601
1522763974810509313
1522763984113442816
1522763984507707393
1522763985984106496
1522763991315058690
1522763997728190465
1522764005202403334
1522764011799937025
1522764013112897537
1522764014593495040
1522764018506739713
1522764019442012161
1522764020012711937
1522764021316788225
1522764021975465986
1522764023665766400
1522764023657377792
1522764024332623875
1522764033488785410
1522764043135721474
1522764045585203200
1522764046054793216
1522764046784778241
1522764055559254016
1522764055538143232
1522764066909040640
1522764066967728129
1522764069434019842
1522764069756940288
1522764070666915840
1522764073439539200
1522764076455272448
1522764076849504256
1522764076950110209
1522764081022873600
1522764085443670016
1522764095556141057
1522764096235528193
1522764098299170819
1522764102736691201
1522764111398187008
1522764113482498048
1522764115046981632
1522764116653395968
1522764125491044352
1522764134277951496
1522764136257576961
1522764136177934338
1522764141215191041
1522764142809165830
1522764144524488704
1522764146462363650
1522764147364093952
1522764148991352832
1522764156000215046
1522764156939780097
1522764161939349505
1522764164866854912
1522764170189590528
1522764176036446210
1522764176413937666
1522764179446419456
1522764179425349636
1522764183074316288
1522764185372930049
1522764189412237312
1522764190083125250
1522764193090342913
1522764194134831104
1522764197569908737
1522764197846831104
1522764198870102016
1522764199977439232
1522764203597377537
1522764207384637442
1522764210148675584
1522764217501175808
1522764218902142976
1522764223419400193
1522764227332747267
1522764227785674752
1522764228729393152
1522764229996130304
1522764235725545473
1522764239194058752
1522764247062638594
1522764257821179910
1522764258643169282
1522764260228538368
1522764261814009856
1522764263768657923
1522764268852346880
1522764273235247105
1522764290633060352
1522764297629282309
1522764301014028288
1522764307234459650
1522764310476374017
1522764315236999169
1522764317015351296
1522764323919065090
1522764326410792960
1522764326989406209
1522764327224238081
1522764327778123776
1522764332848885760
1522764333486428161
1522764336439377921
1522764339907907586
1522764345226137601
1522764347965067265
1522764349198282752
1522764360829054977
1522764361709723648
1522764362120843267
1522764366486982660
1522764368160694272
1522764368836022274
1522764369045737473
1522764373705515009
1522764374846320643
1522764376461225984
1522764379929911296
1522764388733755392
1522764397491412993
1522764399148249089
1522764399517315073
1522764399584423936
1522764403103444997
1522764404118503424
1522764408467955713
1522764408564461569
1522764411257167872
1522764411840176128
1522764417603153925
1522764419423514624
1522764419930935296
1522764420614885376
1522764424746094593
1522764426818035716
1522764427963117568
1522764429057839105
1522764435214979073
1522764439975514113
1522764444786659329
1522764450192834561
1522764451698552832
1522764461643382786
1522764462662774790
1522764464742965251
1522764466244444162
1522764467003658240
1522764468761112576
1522764470434508800
1522764473559404545
1522764473408315392
1522764474385580033
1522764474402447360
1522764477342564353
1522764502030336000
1522764505721233408
1522764507311112197
1522764510855053312
1522764515514925058
1522764516672643072
1522764524339843073
1522764526059278336
1522764530471870464
1522764530677391362
1522764532686409733
1522764533491769344
1522764563896225793
1522764565020393473
1522764576063905795
1522764581306781697
1522764583819173888
1522764587011133444
1522764591444463616
1522764591926812672
1522764593755398144
1522764599405199361
1522764601456271362
1522764603494744065
1522764610289696768
1522764611048677376
1522764617709236226
1522764622507425792
1522764623514066944
1522764629700714496
1522764632963829761
1522764634222067712
1522764634708754432
1522764641495101442
1522764647908225024
1522764648323305472
1522764654904287243
1522764662852489220
1522764671903846400
1522764677029277699
1522764678807670787
1522764681718419457
1522764682024689664
1522764683094151173
1522764688219586563
1522764691059138561
1522764691080159232
1522764696062857217
1522764705684758529
1522764726727499777
1522764727616782336
1522764733476052993
1522764734570840065
1522764737779580929
1522764742804197377
1522764743362191366
1522764746063331328
1522764752896032768
1522764755286511619
1522764757463625732
1522764758306508801
1522764767030435841
1522764771124252674
1522764776492785664
1522764778107772931
1522764781224083456
1522764782171922432
1522764783086362624
1522764783249883138
1522764785544278017
1522764786953502720
1522764789541486593
1522764791563141120
1522764793345683457
1522764793349906432
1522764794100690945
1522764795300040704
1522764798672388096
1522764803323871233
1522764805278474240
1522764806788374530
1522764808214437889
1522764815214780416
1522764817827831808
1522764819203506182
1522764831970971650
1522764836542857219
1522764839617191936
1522764844319100929
1522764848685268993
1522764855438049280
1522764856868450304
1522764868574748672
1522764869480718336
1522764872068517888
1522764872911622148
1522764873175871488
1522764875788914693
1522764884840177665
1522764891647524864
1522764895149858818
1522764895787302912
1522764896420700160
1522764900833144832
1522764904838664192
1522764906155712517
1522764907489501185
1522764908861046785
1522764908013699074
1522764915861303296
1522764918356955137
1522764920768823297
1522764921477509120
1522764923264278529
1522764928414793729
1522764928419049472
1522764929991942144
1522764936837054465
1522764939643002880
1522764940108476416
1522764941509419009
1522764947125587968
1522764951915487235
1522764955447181312
1522764959498870786
1522764964469133312
1522764964959862784
1522764975386861570
1522764978717089792
1522764979618951172
1522764981560827904
1522764985251864577
1522764992063238144
1522765005241860101
1522765014045802498
1522765014360371200
1522765015970897920
1522765016159637506
1522765015983529986
1522765017958998016
1522765018525224961
1522765019619942400
1522765029166272514
1522765029141258240
1522765032311996417
1522765032701976582
1522765033796784129
1522765035990401024
1522765040104976384
1522765047835074562
1522765054176759808
1522765056131350528
1522765059969142791
1522765060225093632
1522765061332389890
1522765062167007232
1522765063744020481
1522765066268991492
1522765069460942848
1522765073491853313
1522765077077585920
1522765077958602752
1522765084984020992
1522765087752261632
1522765099383070720
1522765113513623553
1522765118144139267
1522765118219735045
1522765119830335488
1522765119738060801
1522765122527191040
1522765122577453056
1522765129061916673
1522765129124913158
1522765130722951168
1522765135529578496
1522765136687161349
1522765139539288069
1522765141263237121
1522765143406432256
1522765145818255360
1522765145897852928
1522765152139030533
1522765156970860544
1522765160527638530
1522765160783712257
1522765166051532800
1522765167410483200
1522765168333266947
1522765169339908097
1522765170380058628
1522765172892446722
1522765179074736128
1522765179984830464
1522765181398437888
1522765184225484800
1522765184116264961
1522765187031441408
1522765190021926913
1522765195843883012
1522765200264474625
1522765206056841217
1522765210175610881
1522765211790417920
1522765216039280645
1522765216618057729
1522765217280765955
1522765217964437505
1522765224008466432
1522765229251309570
1522765229591044096
1522765234016038913
1522765234909372416
1522765237027549185
1522765238986280962
1522765246737354752
1522765249199456257
1522765264479207424
1522765266131767298
1522765270640730112
1522765274302357504
1522765284167364608
1522765285689905152
1522765292769890304
1522765299375915008
1522765299715477504
1522765298532765696
1522765302441857024
1522765304870457346
1522765307143766016
1522765310201417728
1522765316065198081
1522765332301156352
1522765336931708930
1522765338005409800
1522765341813788678
1522765346704343040
1522765348579258370
1522765353725706241
1522765354891571200
1522765356028342273
1522765357420883968
1522765360193478656
1522765366090338305
1522765374059696131
1522765377670828032
1522765378690158596
1522765379491217408
1522765381974126592
1522765383752691712
1522765385984061444
1522765388794241026
1522765390404890630
1522765396406906880
1522765412831830016
1522765421010509824
1522765428166209536
1522765429936164864
1522765440874860551
1522765442464595969
1522765450865741825
1522765455097802752
1522765465868816386
1522765466929971200
1522765468477624321
1522765472533565440
1522765480628473861
1522765483296104448
1522765484055269378
1522765484688613377
1522765485284245504
1522765488094425093
1522765489138712577
1522765490392907779
1522765495518302211
1522765510739632129
1522765511968403456
1522765516674375680
1522765520130433025
1522765524463230978
1522765527529181186
1522765530205237249
1522765530389794816
1522765532436602880
1522765535154425857
1522765536559603712
1522765543442374662
1522765544323272705
1522765549415153666
1522765560634908678
1522765560848826368
1522765564921405442
1522765565827465221
1522765567270268933
1522765567773622275
1522765569728122882
1522765570835468289
1522765573054210048
1522765574450946048
1522765577001000960
1522765577898577921
1522765579945488384
1522765580213919744
1522765580364828673
1522765581841219585
1522765586614390785
1522765589906927616
1522765593027489793
1522765597116964866
1522765601864884224
1522765602909265921
1522765606994460673
1522765611335573505
1522765617719357440
1522765617874489345
1522765618373611520
1522765618717634560
1522765622492471296
1522765627399749634
1522765627466735616
1522765627743776768
1522765628695715841
1522765635129954306
1522765641765343232
1522765650724278272
1522765652192382976
1522765654344015874
1522765658756239361
1522765661897990147
1522765664317964289
1522765666100596736
1522765670366203904
1522765687898451968
1522765688301096962
1522765689068662785
1522765691350392833
1522765697629184001
1522765697897611264
1522765706886098945
1522765707850694656
1522765708387655680
1522765713710235650
1522765714431610880
1522765720349822978
1522765720765018112
1522765721016668162
1522765722153279489
1522765724732825601
1522765728595779588
1522765732261498880
1522765734329344000
1522765736296427520
1522765741560590337
1522765742046916608
1522765747700785153
1522765746924892160
1522765747776327683
1522765748145463297
1522765750733357056
1522765750620110849
1522765754776625152
1522765756945027072
1522765760145149952
1522765761554657280
1522765765778235394
1522765774749720576
1522765777882992642
1522765780504354816
1522765782224146436
1522765783339868162
1522765784451145730
1522765793997594624
1522765797927665664
1522765799336910849
1522765800796565505
1522765814960738306
1522765815380066304
1522765818370666498
1522765821260570625
1522765823974248448
1522765828025991171
1522765831637282818
1522765832987852801
1522765849156890625
1522765849605586950
1522765853858672640
1522765855775502339
1522765856425615362
1522765861806907399
1522765861953617920
1522765865862811648
1522765872959410181
1522765873387298817
1522765876415524864
1522765880400257026
1522765880857444352
1522765880899350529
1522765881197092866
1522765885986918400
1522765886083452928
1522765888600088578
1522765892517601280
1522765895822680064
1522765896305070081
1522765899685584897
1522765899752648704
1522765902533513225
1522765906430107648
1522765909718454278
1522765919361060864
1522765926214602752
1522765926927589384
1522765928139825157
1522765931168116739
1522765934724845570
1522765941800636419
1522765945982398464
1522765946301161484
1522765945894170624
1522765948058484738
1522765953653690369
1522765961958412288
1522765965141766144
1522765965146087425
1522765970770644995
1522765972179804160
1522765980224692225
1522765980874727424
1522765985295519745
1522765986256113665
1522765996506984448
1522766003041710084
1522766003792498688
1522766004224360448
1522766009509232642
1522766010775838720
1522766015360339968
1522766016513720321
1522766017818157056
1522766026626248704
1522766027997728771
1522766028354498561
1522766028417159170
1522766030061322240
1522766032716374019
1522766050114252801
1522766051498409988
1522766054312796161
1522766056217059328
1522766058989441024
1522766059794841602
1522766062638579715
1522766062592266240
1522766069571670016
1522766070381166597
1522766070779723777
1522766080028127235
1522766080820789250
1522766084738371584
1522766086277632002
1522766087871418368
1522766090136346625
1522766103210037250
1522766104300597256
1522766110055186432
1522766110239731714
1522766118863228928
1522766119534305281
1522766123552366592
1522766126022807553
1522766126429741057
1522766127117570054
1522766133828505600
1522766139025018881
1522766142355349504
1522766150727208961
1522766165977706496
1522766174341242882
1522766174760669184
1522766179672244229
1522766183862358017
1522766184051101697
1522766186647334914
1522766187255373824
1522766190711480320
1522766196403228672
1522766198366220294
1522766202015256576
1522766202870788096
1522766209430683649
1522766211356008448
1522766217601241088
1522766218683375616
1522766218943414272
1522766219970973696
1522766224555483137
1522766234583982080
1522766236320514049
1522766237448687619
1522766241198444545
1522766250258014208
1522766250870513665
1522766255324905472
1522766256306147328
1522766262413275136
1522766264183230466
1522766272504680448
1522766280662601729
1522766280809459716
1522766281971228675
1522766282122219520
1522766283011502080
1522766287549743106
1522766290485755905
1522766293677580288
1522766296772792321
1522766299289448449
1522766300472303616
1522766309435613184
1522766311239163905
1522766312765861889
1522766312967131140
1522766314539913216
1522766315156611073
1522766315597017089
1522766316989558785
1522766319937937408
1522766320189669376
1522766321053847557
1522766326015553536
1522766325764005888
1522766332953083908
1522766338858618880
1522766343489179650
1522766343673720835
1522766348992106497
1522766360329297922
1522766362371895296
1522766365618233344
1522766368130859008
1522766373230989313
1522766376926121984
1522766388263329794
1522766388728930305
1522766399067852801
1522766402167394304
1522766404092628993
1522766405552295937
1522766411608866816
1522766413773082628
1522766418344910848
1522766427714859008
1522766427987582978
1522766431774982151
1522766436682190848
1522766439521951744
1522766440964800512
1522766443078684674
1522766448107659264
1522766452327124992
1522766452448632832
1522766453291814912
1522766463437836291
1522766478247968768
1522766478130384896
1522766483457298432
1522766484455497728
1522766487118925824
1522766490952380416
1522766500502949893
1522766507205611520
1522766508920913920
1522766509914918914
1522766511466819584
1522766512955617280
1522766516340543489
1522766518022549506
1522766528034357250
1522766532450963456
1522766536485736448
1522766542345314304
1522766544782209024
1522766546002747396
1522766547693015041
1522766548418666497
1522766554168844288
1522766555985195008
1522766560162631682
1522766561018363905
1522766561697841153
1522766563526520833
1522766564235350021
1522766571185319936
1522766577325780993
1522766579242610688
1522766581717164032
1522766583374004224
1522766584762228736
1522766585362059264
1522766585559232512
1522766592316219393
1522766595642167296
1522766595818459136
1522766597861040128
1522766599136100352
1522766604316012544
1522766609278025730
1522766623475748864
1522766626038464513
1522766629150593024
1522766628768866307
1522766629632946176
1522766630752825344
1522766633248468992
1522766637631475713
1522766637962780673
1522766638285733890
1522766639074353153
1522766644208185344
1522766644979937280
1522766652718387207
1522766659466969092
1522766660477796353
1522766673278812162
1522766681977798656
1522766682623819779
1522766683395420160
1522766686344163328
1522766692455436290
1522766693927432192
1522766704631287814
1522766709853245440
1522766715259703303
1522766717004492800
1522766717478440961
1522766719390990337
1522766720913788928
1522766726907183107
1522766742702854144
1522766749736787975
1522766750143504384
1522766754010869784
1522766754073690113
1522766754249912321
1522766758154842112
1522766771555651584
1522766772797067264
1522766774281846790
1522766774575546369
1522766777352171521
1522766777456992257
1522766783245082624
1522766783991668737
1522766785392558083
1522766785644224513
1522766791264591872
1522766791495270400
1522766794360037376
1522766799049457664
1522766799225380865
1522766799615541248
1522766804002684933
1522766804606668801
1522766808230641665
1522766816115892224
1522766816375980034
1522766818028527616
1522766819592876035
1522766821891399681
1522766833551556608
1522766837410418689
1522766839562047488
1522766847057309698
1522766847233429510
1522766849208995844
1522766851603845120
1522766852262354946
1522766853352865792
1522766854808391681
1522766859082342400
1522766859556241408
1522766867810725891
1522766871614967817
1522766871728111617
1522766885217083392
1522766885225385984
1522766885472903168
1522766886194323457
1522766890279526402
1522766896482816001
1522766896839467009
1522766902342426624
1522766903944650756
1522766904288555008
1522766912874188800
1522766919450910720
1522766920080138243
1522766931950026753
1522766933527040002
1522766934101532673
1522766934550405120
1522766934722420736
1522766936836354049
1522766939440955393
1522766943324803072
1522766945082302464
1522766945019473923
1522766948374917120
1522766950774059008
1522766950971101184
1522766954154672128
1522766955199012869
1522766967287029761
1522766968247435270
1522766968889262082
1522766973704314880
1522766977894342656
1522766979198820352
1522766979379175425
1522766980981399552
1522766981484666882
1522766983049191425
1522766983317495808
1522766984630390791
1522766985943306242
1522766986304012289
1522766988296212485
1522766988518567936
1522766989747499008
1522766994474422274
1522766995074265089
1522766996831539200
1522766997230022656
1522766998693945346
1522766999058800640
1522766999658459136
1522767003232215040
1522767004167557121
1522767007174864897
1522767024358895617
1522767024610500610
1522767028368678913
1522767037550022656
1522767040502710272
1522767042646093824
1522767049302413315
1522767063445557248
1522767064473157633
1522767068445171712
1522767071309963266
1522767072140443649
1522767076682829824
1522767080596025350
1522767082315726848
1522767088703651850
1522767089903169536
1522767104142942210
1522767110585208832
1522767110417571841
1522767110572847106
1522767119657705472
1522767122526609408
1522767122790764546
1522767126993551367
1522767132366622721
1522767136518770690
1522767138494328836
1522767144143970305
1522767148652761088
1522767149558861824
1522767151798517760
1522767154449375235
1522767155124711425
1522767157196644353
1522767160640040960
1522767164461223936
1522767176469716992
1522767177845248002
1522767179812413440
1522767182211473409
1522767184329588738
1522767185365635072
1522767189052379143
1522767192621780992
1522767196971282434
1522767198292520964
1522767201358344192
1522767204273504257
1522767209197711362
1522767219465281537
1522767221122076674
1522767228755750912
1522767239589646337
1522767247248343040
1522767248972259328
1522767251321114626
1522767252529217539
1522767261169336321
1522767264520769536
1522767269180411904
1522767270040252421
1522767273261363200
1522767274104479744
1522767274406412288
1522767274989342720
1522767276881158145
1522767278902812672
1522767281411010560
1522767286188322818
1522767290240020481
1522767294140719106
1522767295528980482
1522767296929976320
1522767296703438848
1522767299492655113
1522767303435300864
1522767304215437314
1522767312750886913
1522767312964792323
1522767317846740992
1522767322875719680
1522767326919241728
1522767327430946822
1522767328605310976
1522767331046342657
1522767331553853446
1522767339833503748
1522767342228361218
1522767350856138752
1522767354018545664
1522767362184855556
1522767364084928517
1522767368585457664
1522767371907342336
1522767372838445056
1522767373253906432
1522767374826590209
1522767378274463744
1522767381151588353
1522767384943243266
1522767387635986437
1522767389577908224
1522767389829574657
1522767389858926593
1522767390437969921
1522767390446137344
1522767390949494785
1522767399279534080
1522767399275347969
1522767401699659777
1522767402244747264
1522767405705056257
1522767406518652931
1522767408456519681
1522767410054508544
1522767411677650946
1522767416941551623
1522767427183984646
1522767427997782023
1522767434037432320
1522767436549791745
1522767437283926016
1522767441612398593
1522767442564554752
1522767449048948736
1522767450827370497
1522767451292794881
1522767454136672256
1522767457655611396
1522767459450859520
1522767460084207616
1522767461510422528
1522767469638729729
1522767469974274049
1522767471597477888
1522767475590541312
1522767479482863618
1522767482586640388
1522767484117467139
1522767486709604352
1522767491948326914
1522767493022072838
1522767493286268928
1522767501104451584
1522767504883523584
1522767505567199232
1522767507152683009
1522767507756666883
1522767514677170176
1522767520771579904
1522767521341923328
1522767526077345792
1522767527725707264
1522767534453366784
1522767539218038785
1522767541290115075
1522767543563395078
1522767554955128832
1522767555936636928
1522767555982761984
1522767556293296128
1522767559082356736
1522767561946972165
1522767563255541761
1522767564929130504
1522767565927460864
1522767566179082241
1522767566598463489
1522767573003157504
1522767575708536837
1522767580515160065
1522767579164688390
1522767592531845120
1522767593202929664
1522767595379822592
1522767596046725123
1522767598131335170
1522767604321898496
1522767607937572865
1522767608168259585
1522767611188195329
1522767613398556678
1522767615663525890
1522767616435228672
1522767620898009088
1522767621581639689
1522767622558859267
1522767623318126592
1522767628665856000
1522767628921720833
1522767639596216322
1522767642502832129
1522767652292341761
1522767652564860929
1522767655773614086
1522767657258397697
1522767659401678850
1522767663721680896
1522767664283893762
1522767665667788801
1522767668884828160
1522767679890800641
1522767688862519298
1522767698744299522
1522767703823593473
1522767704339501057
1522767704876191744
1522767709594955776
1522767709628473344
1522767719560527873
1522767732550291458
1522767734018387968
1522767735016538112
1522767740741820416
1522767742142758913
1522767742054682626
1522767757288296448
1522767757535764481
1522767761151303681
1522767764003246080
1522767771402215424
1522767773671333891
1522767777890717696
1522767777978851331
1522767778993876993
1522767783485968384
1522767791329271810
1522767811441012737
1522767819879985155
1522767819879899139
1522767829338099713
1522767833570099206
1522767834043932672
1522767837412081664
1522767846052347905
1522767846207594498
1522767849139453952
1522767862254944256
1522767862481317889
1522767862825472002
1522767863337172993
1522767874993102848
1522767875962019842
1522767876884774912
1522767878419718144
1522767880923746305
1522767881129316352
1522767882417065990
1522767884929454080
1522767890537082880
1522767901861855233
1522767902310604801
1522767904235786240
1522767905246654468
1522767905946890240
1522767906559438849
1522767908010610688
1522767910002855936
1522767910703403009
1522767910871121920
1522767919679086593
1522767920300019712
1522767922606784512
1522767926545244161
1522767929695215616
1522767931062599682
1522767932501241856
1522767934296399873
1522767935818903553
1522767940000567296
1522767940189396992
1522767942894731266
1522767946740908032
1522767948263297024
1522767950201212928
1522767950511542272
1522767953879568390
1522767958208094213
1522767963182534657
1522767966764507136
1522767968614199296
1522767979024621568
1522767981368922112
1522767997353480194
1522768007025807361
1522768022942924805
1522768024566120448
1522768024763256833
1522768025774088193
1522768026969509888
1522768041846652928
1522768042568126465
1522768049669029890
1522768059618017282
1522768061031501829
1522768061744484353
1522768063015243776
1522768064441430017
1522768075380113409
1522768079855489025
1522768086562226177
1522768088088915970
1522768093369438208
1522768098142695424
1522768100587761664
1522768101519077377
1522768101649047552
1522768102097932295
1522768102844518400
1522768105574965248
1522768113208414210
1522768121932693504
1522768125204258816
1522768128069062656
1522768128253513728
1522768134889164804
1522768135501193216
1522768138768510976
1522768139179761664
1522768141809774592
1522768146452688896
1522768146746253312
1522768147413184512
1522768154379919361
1522768155000586246
1522768162084859905
1522768163812880384
1522768166866325504
1522768168359497729
1522768172071403523
1522768173971423234
1522768175166898176
1522768175699570688
1522768179084283907
1522768179163934722
1522768178945957890
1522768179109502976
1522768181328322562
1522768185258221568
1522768187179286533
1522768193919541253
1522768194016059393
1522768198915010562
1522768200030638082
1522768200823320576
1522768202136236032
1522768202438217728
1522768203545333760
1522768207333007360
1522768208234795008
1522768212307644416
1522768213557268481
1522768216505954307
1522768224042987523
1522768225557270528
1522768225984864256
1522768226102484993
1522768228052840448
1522768229315317762
1522768231945150465
1522768234050633728
1522768235048935425
1522768249036980225
1522768250794303488
1522768251356434432
1522768251754889217
1522768259715633152
1522768264010555394
1522768270176182273
1522768271971262464
1522768274567700480
1522768287083503624
1522768291579797506
1522768296210313216
1522768302312808449
1522768302527123457
1522768308717690882
1522768310483488769
1522768312295469057
1522768312463151104
1522768316393271297
1522768319958376449
1522768324500889603
1522768328766468097
1522768331085856768
1522768339864633344
1522768349134045185
1522768349138067456
1522768350736052224
1522768353978462209
1522768356788641795
1522768357069623297
1522768358860636162
1522768359913410561
1522768361746493442
1522768362367066112
1522768363658760192
1522768370143277058
1522768372341084161
1522768380595482624
1522768381203595266
1522768382097076224
1522768393358692354
1522768394381975552
1522768406436630528
1522768413231239168
1522768415936626688
1522768415718526976
1522768418696577024
1522768419501842434
1522768430365089793
1522768431975702531
1522768436035784704
1522768445053493249
1522768449122021376
1522768448924884996
1522768451466637313
1522768457669873664
1522768465597194240
1522768467530850306
1522768470613667840
1522768471356022784
1522768486430355456
1522768491325136897
1522768496148586497
1522768508878475264
1522768508681076738
1522768510505603072
1522768514565685248
1522768515681251328
1522768520714596355
1522768528339783682
1522768531196194816
1522768540872454146
1522768543389044738
1522768550460592128
1522768558207512577
1522768563869736965
1522768567262928896
1522768570501021698
1522768578809929730
1522768579447468034
1522768584916807682
1522768586837741568
1522768591720001537
1522768592206544898
1522768598313299968
1522768611068231681
1522768613165305856
1522768620543086593
1522768621700718593
1522768631553212417
1522768633772089345
1522768640667435009
1522768641145679875
1522768646262513665
1522768649584586753
1522768652168306688
1522768654512930816
1522768654114467840
1522768656169680896
1522768657981460485
1522768658103218177
1522768663694262273
1522768667607404544
1522768671260688385
1522768673441816576
1522768675824099328
1522768678403690496
1522768679099846656
1522768687949697024
1522768689451487232
1522768697538011136
1522768699056439298
1522768705867988993
1522768708149600256
1522768710481727489
1522768716085223424
1522768719482691585
1522768722196254727
1522768722670329863
1522768722980659201
1522768723085561856
1522768724540932096
1522768727653199881
1522768727565123586
1522768728986988545
1522768730844848128
1522768731461623812
1522768732451491840
1522768743167889408
1522768745747337216
1522768747747966976
1522768751422316545
1522768752365998080
1522768755868246017
1522768755859890183
1522768759408185345
1522768767155068928
1522768768170139650
1522768769348775936
1522768779343659009
1522768779884830722
1522768789410037760
1522768789456183301
1522768789712027650
1522768791188484096
1522768796884238336
1522768801628098563
1522768802856931328
1522768805298163713
1522768805381902336
1522768805872689152
1522768806409654272
1522768808905252866
1522768809664393216
1522768809861427200
1522768816962428929
1522768819827191809
1522768823258132481
1522768842371567622
1522768845928337411
1522768845987102722
1522768850970091521
1522768851385163776
1522768855168397312
1522768856929906688
1522768862344712193
1522768867218665472
1522768868879523843
1522768870733398016
1522768874692919297
1522768877540851712
1522768879034015745
1522768879923216384
1522768899657416704
1522768905495793666
1522768918795988998
1522768921564172288
1522768923732574211
1522768926861627395
1522768931974434821
1522768932633030657
1522768935568826368
1522768941134848001
1522768947451510787
1522768947971567619
1522768953138839553
1522768953298366467
1522768958620897283
1522768965658894336
1522768971149324288
1522768976358555648
1522768984558424065
1522768987033059328
1522768986869358593
1522768987624460288
1522768990405287938
1522768997325836288
1522768998215172097
1522769001398607872
1522769003462242305
1522769004867186688
1522769006037450757
1522769011162894336
1522769013658505216
1522769014530916352
1522769016217116674
1522769016850370561
1522769021380308992
1522769022894239744
1522769023217373184
1522769027734675457
1522769028871331840
1522769031618572288
1522769033296289792
1522769037125632001
1522769043400310784
1522769048823648256
1522769059519074304
1522769060920016899
1522769065055502339
1522769067140071424
1522769070814384131
1522769073347563521
1522769074278780928
1522769076560482306
1522769076786917376
1522769078342938624
1522769082617147394
1522769082575118342
1522769087352430599
1522769088484941825
1522769090531766272
1522769093375537152
1522769100321312769
1522769100728160256
1522769107040358400
1522769108760244224
1522769110815449092
1522769113763917824
1522769114078527488
1522769114703581184
1522769114745421826
1522769115529756673
1522769116825858050
1522769117694078978
1522769122077159429
1522769124786647041
1522769124916486144
1522769126535708672
1522769131141054465
1522769134832037889
1522769137956761601
1522769138057457665
1522769144093069312
1522769146198605829
1522769147167490048
1522769150174797827
1522769153723191299
1522769155996459008
1522769156134871041
1522769156130676738
1522769161344139264
1522769174141050880
1522769175063769089
1522769186581364736
1522769194655227904
1522769195049574400
1522769197645934592
1522769197792645122
1522769209473880064
1522769221821911041
1522769222794985472
1522769225722515456
1522769226347524096
1522769230864691200
1522769233528172545
1522769234337701888
1522769240037621760
1522769240754896896
1522769242793328641
1522769243888095239
1522769244039131137
1522769248011096064
1522769248111710209
1522769250754211843
1522769252008275968
1522769254696820738
1522769259931348993
1522769272342208512
1522769272803631104
1522769280672149504
1522769285344595968
1522769293955538945
1522769294630793216
1522769295469645826
1522769297499729922
1522769297751388161
1522769299093475329
1522769299630403586
1522769299647074304
1522769313173852161
1522769315820412930
1522769329342738433
1522769341321662464
1522769343813095424
1522769354831630338
1522769356442243072
1522769363845189635
1522769366911234048
1522769370983899136
1522769376864358400
1522769377975840770
1522769378718404608
1522769383701069827
1522769386595098638
1522769392894943232
1522769397785452547
1522769398771113985
1522769401765838849
1522769407214329856
1522769407541358592
1522769410422939648
1522769416135528450
1522769427300769794
1522769430052282368
1522769432220688384
1522769445722144768
1522769448561692673
1522769449979461633
1522769456707117056
1522769460230299648
1522769460448403457
1522769460976885760
1522769477271756801
1522769477884125187
1522769478144360450
1522769482158166016
1522769486016831488
1522769497148604416
1522769499446984704
1522769500743081987
1522769502219370498
1522769503029022720
1522769502697570306
1522769518455570434
1522769518589845505
1522769529230827521
1522769531717910528
1522769532317847552
1522769533735419909
1522769537757757440
1522769541180362757
1522769541914189826
1522769545211138048
1522769548574920704
1522769549506011136
1522769556518973443
1522769559614337025
1522769568648867841
1522769573606395905
1522769575426805760
1522769578232885248
1522769578849357824
1522769579495333890
1522769581856722944
1522769587904856064
1522769589649776642
1522769590287314944
1522769599149789191
1522769602098388992
1522769607806930946
1522769611179053058
1522769612299030528
1522769612777082880
1522769613838114816
1522769614840774659
1522769620297555972
1522769621509623811
1522769624240115714
1522769625947283458
1522769629185286144
1522769629160128514
1522769636953047046
1522769637536108544
1522769641713635329
1522769643085127680
1522769643286544384
1522769649007579136
1522769652895596545
1522769655143796736
1522769657429700609
1522769660487344129
1522769663276498945
1522769667709878272
1522769674701746176
1522769675444183046
1522769675582640128
1522769676064985089
1522769676064993280
1522769679013584899
1522769682041917440
1522769687888764931
1522769689692491776
1522769691399315463
1522769692695437313
1522769695778213890
1522769698751930369
1522769700576546816
1522769701243428865
1522769705815130114
1522769706607726593
1522769710324060160
1522769712832303104
1522769712861655040
1522769720608538631
1522769724626591744
1522769730540609537
1522769734676144129
1522769735582195712
1522769735737303040
1522769739382206466
1522769743811387394
1522769744830791680
1522769744939859968
1522769745325572097
1522769745971458054
1522769747259105280
1522769751403114497
1522769754087477250
1522769758978031616
1522769759087038466
1522769760211320833
1522769765407891460
1522769768687849473
1522769768696233988
1522769768935215110
1522769771149803521
1522769783556808704
1522769791949459456
1522769792117223424
1522769792247246850
1522769792255639560
1522769794805682177
1522769795355140102
1522769796022284288
1522769808722436097
1522769814686683138
1522769814963597313
1522769818289684485
1522769819480866816
1522769823373139968
1522769824077828096
1522769833082904576
1522769840154501121
1522769848329244672
1522769850380484608
1522769854696235008
1522769855447027713
1522769860836663301
1522769863344726016
1522769869749604352
1522769870282272769
1522769870345195521
1522769871561543682
1522769872815599616
1522769873515950081
1522769877068570629
1522769880319098885
1522769882965852162
1522769885784584192
1522769887864754176
1522769889450102784
1522769891681517569
1522769895410348032
1522769895783485441
1522769896219852800
1522769899889717248
1522769900179267584
1522769901823442948
1522769903446462464
1522769903769604102
1522769906676211712
1522769907884077062
1522769909041795074
1522769913965944833
1522769914397806593
1522769914855108608
1522769917329776641
1522769917908602880
1522769930009329664
1522769933934899200
1522769940616343552
1522769941392506881
1522769946710790147
1522769953396596737
1522769954679885824
1522769960891731969
1522769965719474177
1522769967137329152
1522769972866568195
1522769978013159424
1522769980248543234
1522769981603201026
1522769986145632256
1522769990562328582
1522769993812922370
1522769995465248768
1522769996333854721
1522770001828073473
1522770004357402625
1522770006727360512
1522770008425828352
1522770014838865920
1522770022807982081
1522770025823838208
1522770026893393920
1522770030047469568
1522770031309987840
1522770035571318786
1522770041112084480
1522770043641102338
1522770051690119174
1522770052222791681
1522770063949979651
1522770063748734977
1522770072435056640
1522770072649056256
1522770072745431040
1522770079456403456
1522770080085467138
1522770082883162115
1522770089761726464
1522770090441203713
1522770099639365633
1522770100629213185
1522770101296009216
1522770102457937921
1522770103728844800
1522770105595310087
1522770108791377921
1522770110179680264
1522770110074658816
1522770111211450369
1522770116261421057
1522770122036891649
1522770123815333888
1522770124561920004
1522770124540891136
1522770125321027585
1522770125904089088
1522770125996371974
1522770126713540609
1522770130060681221
1522770131205730304
1522770133126721539
1522770148922478593
1522770150033928193
1522770160544882688
1522770161224208384
1522770166165032960
1522770177556951040
1522770177699553281
1522770179712851969
1522770179754799104
1522770191016374273
1522770194615185408
1522770195571429376
1522770196791967752
1522770203850985472
1522770217809719296
1522770223400554496
1522770226781179905
1522770227116875777
1522770244837822465
1522770249535442944
1522770252550918144
1522770259253600256
1522770262009298945
1522770264769110018
1522770269575680001
1522770270045585408
1522770272528453637
1522770276202778630
1522770275523211265
1522770276362055680
1522770280069873665
1522770280686526464
1522770281433022465
1522770283110805506
1522770287426781190
1522770288219504642
1522770293386891264
1522770303126024194
1522770304392732673
1522770311757897729
1522770312424738816
1522770313326387201
1522770314257747968
1522770314521894912
1522770315134255108
1522770317793505281
1522770325641043968
1522770327855669248
1522770339343867904
1522770343345152001
1522770343664001024
1522770351951953921
1522770352027451395
1522770354455945216
1522770355860819969
1522770360067936257
1522770363226247169
1522770363851157507
1522770366539706368
1522770370205560832
1522770370775953408
1522770371828764678
1522770374332669952
1522770375163224070
1522770373544194049
1522770378539814912
1522770378954874880
1522770379730735104
1522770383748964352
1522770390069690371
1522770395253952515
1522770396348571648
1522770401478197248
1522770403499806720
1522770408348557314
1522770413507461120
1522770414706905089
1522770416061743105
1522770422764347393
1522770427587686400
1522770428531466240
1522770433719910400
1522770439088398337
1522770441693274112
1522770443282829314
1522770443853254665
1522770446357311490
1522770450043920384
1522770452401340417
1522770455932768258
1522770460676657152
1522770464405397505
1522770465797947392
1522770469782315008
1522770476266893313
1522770480712802304
1522770480683528192
1522770482491101184
1522770483069992962
1522770483468398592
1522770484135407622
1522770487012728835
1522770487784448002
1522770488593981440
1522770492398227456
1522770498098274304
1522770500220428288
1522770502862966785
1522770507145302016
1522770508126822401
1522770514871308291
1522770518046384129
1522770518801330176
1522770522865643520
1522770526300745731
1522770527823269889
1522770532105703426
1522770538904662020
1522770538803994624
1522770540599021568
1522770542503370757
1522770546802540546
1522770547679154178
1522770549050687488
1522770553626628096
1522770558622044161
1522770570592538627
1522770574786936839
1522770577768996864
1522770579841032193
1522770581208416256
1522770583750070272
1522770587420184580
1522770589064343554
1522770592625139712
1522770596362616832
1522770597998219265
1522770599965306881
1522770601043238913
1522770601827577857
1522770605954719746
1522770613970083842
1522770627404386304
1522770627735785472
1522770629082206209
1522770631888093184
1522770632756408326
1522770634102738944
1522770638510903298
1522770647105089541
1522770649147711488
1522770649646866432
1522770650624102402
1522770658073235461
1522770658798755840
1522770663567724544
1522770666130452480
1522770671046217728
1522770677299769344
1522770683482329091
1522770686590308354
1522770692508631041
1522770694047555585
1522770694991396864
1522770695675158529
1522770696425910273
1522770697206050820
1522770702146940929
1522770703413653504
1522770708413259777
1522770711869280256
1522770717628157952
1522770718496276481
1522770723089047552
1522770723638497281
1522770726503165952
1522770727241494529
1522770732333387776
1522770732912152576
1522770737504866304
1522770742772965376
1522770745830510592
1522770749194391552
1522770750532427776
1522770755712344068
1522770756605730816
1522770759491330050
1522770761953513473
1522770762826153984
1522770767892697089
1522770775123677185
1522770779531669504
1522770778839830529
1522770782052626433
1522770782459420672
1522770785026424835
1522770785076711424
1522770785928196098
1522770787949854731
1522770788591546369
1522770795684057092
1522770795809882112
1522770796686553089
1522770798410354689
1522770812197027841
1522770812650070016
1522770822439571456
1522770825753079809
1522770830131818496
1522770831704739843
1522770836607881216
1522770839636045825
1522770843780141056
1522770848125698048
1522770854182068230
1522770858091196416
1522770861002002433
1522770863388459014
1522770870309199872
1522770870569164800
1522770877762449411
1522770882854334464
1522770886767611904
1522770886721421313
1522770913074290688
1522770913921540096
1522770914408083456
1522770915116822531
1522770917453086721
1522770918019371010
1522770921748058113
1522770926089248769
1522770928282877953
1522770928458997763
1522770930732355585
1522770931889942529
1522770936386273280
1522770941104828421
1522770950600675330
1522770953696075777
1522770956569260032
1522770957915418624
1522770961862471680
1522770962055315456
1522770978119503872
1522770980829114368
1522770981038739456
1522770981210705920
1522770986528952320
1522770989347651584
1522770990505340929
1522770992887701506
1522770997790658560
1522771000575860736
1522771001330839553
1522771002513629184
1522771002614292487
1522771004933783558
1522771010772258823
1522771016120152064
1522771016958754821
1522771020897259520
1522771022117810177
1522771026563801088
1522771028405112832
1522771029835329536
1522771030703591424
1522771031282360326
1522771033111113728
1522771034058989570
1522771037783482368
1522771038727245824
1522771051582836737
1522771051989684224
1522771053138878465
1522771055206567936
1522771059187011584
1522771059740758016
1522771065063231488
1522771066988421121
1522771071677648896
1522771075179982848
1522771075922333697
1522771079701352448
1522771080934481921
1522771081504899081
1522771083358883842
1522771083979632640
1522771084587814912
1522771086697504768
1522771087792435200
1522771104594636802
1522771105118777345
1522771112052109312
1522771115872903168
1522771117219405826
1522771117886390277
1522771118301618178
1522771118901579777
1522771120520417281
1522771123024277505
1522771128862887938
1522771134520958976
1522771135850557441
1522771137909899266
1522771138732081152
1522771146722131968
1522771153688879104
1522771159737118721
1522771160676585472
1522771160886398976
1522771161096286208
1522771163293782017
1522771165357428738
1522771165722329093
1522771169098743808
1522771173616107524
1522771177797734401
1522771178187894789
1522771179492229120
1522771187453116418
1522771189931950080
1522771192209604608
1522771194231017473
1522771198236663809
1522771199201271808
1522771202326118400
1522771204221939713
1522771224522330112
1522771228372656128
1522771230465708032
1522771237814124544
1522771238787108865
1522771243769942018
1522771247708344320
1522771254561935361
1522771264028524545
1522771280080130051
1522771285717172224
1522771290016206850
1522771292113485824
1522771300577542144
1522771304234971137
1522771308714541057
1522771313068326913
1522771314569846784
1522771315396128770
1522771315664592896
1522771316214046727
1522771317870796800
1522771319544324096
1522771319812759552
1522771319976337410
1522771319942701058
1522771324208353280
1522771327505121280
1522771330239803392
1522771334178213891
1522771334597853184
1522771335465820165
1522771337420365826
1522771339618263042
1522771342319357958
1522771349705732096
1522771350091403266
1522771352595447811
1522771352628912128
1522771354927386624
1522771360413593604
1522771361143435269
1522771363148320769
1522771369838231553
1522771371511721985
1522771374502203395
1522771382223970305
1522771382714740737
1522771384530870273
1522771385218703367
1522771391606579201
1522771400687243267
1522771411282145282
1522771414939582465
1522771424632795136
1522771426616430592
1522771426721382402
1522771426754842627
1522771436527628288
1522771436938670080
1522771440486998018
1522771441510498305
1522771444278693888
1522771445864177664
1522771446581317633
1522771447118188549
1522771449970311169
1522771452239437824
1522771452906426371
1522771455104241664
1522771457058779143
1522771457146867714
1522771462599364610
1522771465141166081
1522771469985492992
1522771473114583041
1522771475429793792
1522771475773771776
1522771477971492866
1522771479120822274
1522771485504548869
1522771487215828994
1522771490051080192
1522771492127260673
1522771493423304704
1522771494442606593
1522771498976559104
1522771500150972417
1522771500457205760
1522771504571760641
1522771512595472386
1522771516219441153
1522771516454322177
1522771520359120897
1522771521973936128
1522771521940475906
1522771526352781314
1522771527137120256
1522771533197938690
1522771533806112768
1522771543578791941
1522771544409354246
1522771545663459329
1522771548070989824
1522771556446969856
1522771559684919303
1522771562792947712
1522771573052170241
1522771573534515200
1522771576252416000
1522771580065140736
1522771582086750209
1522771583852552193
1522771588080357376
1522771593017053184
1522771594799501318
1522771596066316288
1522771601305096197
1522771610658381824
1522771610951987202
1522771611069333508
1522771611325284352
1522771620842160129
1522771625023782912
1522771632934240256
1522771633576067074
1522771634133913600
1522771635983454211
1522771636566601729
1522771637631954944
1522771638374346754
1522771640211460096
1522771644862849026
1522771650751746049
1522771655323443207
1522771656040599552
1522771663619870720
1522771663812763648
1522771668392886272
1522771669965754369
1522771677091811333
1522771677507198977
1522771679155474436
1522771683408494592
1522771690832412673
1522771693139333121
1522771700294860803
1522771703402831873
1522771711564918784
1522771723531153409
1522771726043652096
1522771728316911618
1522771733232693252
1522771734549643265
1522771734893584384
1522771741805883392
1522771743743619073
1522771749653430272
1522771750903332865
1522771751960444928
1522771751922540545
1522771755009548288
1522771757740052480
1522771758272679937
1522771759866425346
1522771761116418048
1522771765952454669
1522771769404309507
1522771770402611200
1522771771727880193
1522771775007952896
1522771779873345537
1522771780003409923
1522771791588081664
1522771794507501568
1522771794826043392
1522771796075978753
1522771802296041472
1522771804749807616
1522771805265616896
1522771804976209921
1522771806465183753
1522771814346330115
1522771814828494849
1522771814941970434
1522771817118715906
1522771824181846019
1522771825008152577
1522771825255763969
1522771827491487745
1522771833099112448
1522771834420318210
1522771841030496256
1522771841177337859
1522771841999245312
1522771843152846848
1522771846726242305
1522771848706072576
1522771849154895873
1522771849712750595
1522771854632660992
1522771855353995266
1522771859854430208
1522771859917447168
1522771860601159682
1522771861175734272
1522771869128343553
1522771871095209984
1522771873699971073
1522771889424416768
1522771896454033408
1522771896827367426
1522771897712271361
1522771898022694917
1522771909619892225
1522771911935209473
1522771915034796034
1522771916788224000
1522771923381456899
1522771924539035650
1522771931279200256
1522771931480608768
1522771931518451713
1522771932587995137
1522771933296840704
1522771936090148865
1522771940762603522
1522771947708461056
1522771954314493952
1522771957183393796
1522771957816729601
1522771957997047809
1522771958512984065
1522771962229149696
1522771969288118272
1522771972593225731
1522771980344299520
1522771982500126724
1522771986065158145
1522771987071909889
1522771987441102852
1522771988149936128
1522771993933799424
1522771999520702465
1522772000250503168
1522772004792946689
1522772005396881410
1522772005845667843
1522772009528266752
1522772019007344641
1522772019762417664
1522772030529146882
1522772031829426178
1522772032332644352
1522772043296555008
1522772054474379265
1522772060778414080
1522772060992376834
1522772062376538113
1522772064083529730
1522772067824939009
1522772068655407104
1522772072296067072
1522772074531635206
1522772075240312832
1522772079531204609
1522772080084733952
1522772081787691009
1522772087919853573
1522772088674975744
1522772089069002757
1522772089735761920
1522772090386006016
1522772094278410240
1522772094882304000
1522772098489675776
1522772098850209797
1522772101504978944
1522772102247505920
1522772106257350657
1522772106953605121
1522772112532033537
1522772116361420803
1522772117779095555
1522772119460925441
1522772122338267136
1522772126754873344
1522772127400738817
1522772131481796608
1522772131964022785
1522772133004386304
1522772137446199300
1522772138259849219
1522772139492917248
1522772144098365440
1522772145729900544
1522772146807881729
1522772147034378240
1522772147193720832
1522772148720443392
1522772149949407232
1522772152386211841
1522772157922787329
1522772162565791757
1522772169100611584
1522772169993953280
1522772170107232263
1522772171902357504
1522772173278097408
1522772173382893569
1522772175886901248
1522772178969796610
1522772180345532416
1522772182824275970
1522772186007851008
1522772193448505345
1522772194996142081
1522772196770390018
1522772198309732356
1522772210259304449
1522772212473909248
1522772213002383360
1522772216055799808
1522772217708400641
1522772220061405184
1522772221218930689
1522772223345545218
1522772225081946120
1522772228303036417
1522772228739371015
1522772236565942278
1522772239522963456
1522772240521216002
1522772242727383040
1522772245277720577
1522772252474974208
1522772255566094338
1522772258728599552
1522772260620226560
1522772262239285248
1522772282220888064
1522772287581208576
1522772289422561282
1522772291611938821
1522772296582242304
1522772298746499072
1522772298796834817
1522772306514391041
1522772306925400064
1522772310767259649
1522772312445104129
1522772313699196928
1522772316593303553
1522772318782726146
1522772318761725954
1522772321743814660
1522772329322926080
1522772329708896257
1522772336042119168
1522772337845800961
1522772341998166021
1522772342681788417
1522772352093761536
1522772355537379330
1522772359110930432
1522772361287802884
1522772362399297537
1522772362587951104
1522772363477078018
1522772365083566081
1522772366748753921
1522772368715927552
1522772369068240900
1522772369944813568
1522772376479436800
1522772377989529600
1522772379214266369
1522772380204085248
1522772383907655680
1522772388882128898
1522772389695733762
1522772399384678400
1522772402052161536
1522772404795318273
1522772405462224901
1522772410260680705
1522772410801528832
1522772411506212866
1522772412202369024
1522772421085962242
1522772422864293888
1522772424466616320
1522772426270154752
1522772431022272512
1522772434134441984
1522772462131421186
1522772463700037633
1522772464803143680
1522772465566593025
1522772476350111752
1522772477507784704
1522772478703149064
1522772479860744192
1522772489092354049
1522772489818058753
1522772490921156608
1522772491038511105
1522772494003982336
1522772497346838528
1522772500870053894
1522772506326839296
1522772507471888384
1522772510374301696
1522772513046077440
1522772519899516930
1522772520872591363
1522772525398249473
1522772528346849281
1522772537519837185
1522772538589421569
1522772541814812672
1522772543798714368
1522772544541138944
1522772544767541250
1522772558646591490
1522772560450101249
1522772561939025921
1522772562803142656
1522772574698049537
1522772575709020161
1522772576317100032
1522772577193713664
1522772577558536192
1522772581207756801
1522772581815889924
1522772587289493505
1522772591139823617
1522772592578502656
1522772599704637440
1522772601675956224
1522772603349446656
1522772609875820544
1522772614556659713
1522772614502141952
1522772618281164800
1522772619023507457
1522772623519891457
1522772631891632129
1522772632227172358
1522772633858805760
1522772634462826496
1522772634727030784
1522772635800670208
1522772636857683968
1522772637038125057
1522772643010785280
1522772646009708546
1522772649935622145
1522772655249981440
1522772655979520006
1522772662224891906
1522772663281885184
1522772667337748481
1522772671485943809
1522772674044432385
1522772674606514176
1522772675998978048
1522772689882132485
1522772698618867713
1522772698526633984
1522772701403922432
1522772702192414722
1522772702255230976
1522772704411201536
1522772705174597633
1522772705728249856
1522772711696654337
1522772713336717312
1522772722140524544
1522772722308292613
1522772729396707328
1522772730017456129
1522772739916013569
1522772740201193474
1522772749080481795
1522772752792494080
1522772761306972160
1522772763664076800
1522772764964360192
1522772765434163200
1522772766700843011
1522772771939438594
1522772773403344896
1522772776620331009
1522772777480110082
1522772777572442112
1522772780948803584
1522772785415741440
1522772789987581954
1522772795020742656
1522772802213859328
1522772804302782464
1522772804881600512
1522772805984608256
1522772808950063104
1522772811307225094
1522772812674605056
1522772812863266818
1522772813773479937
1522772814075510785
1522772821570588672
1522772825093853184
1522772833260158976
1522772836749766656
1522772840906428418
1522772841455886336
1522772841707577345
1522772847013384194
1522772852117848065
1522772853392826370
1522772858929389568
1522772866235834368
1522772868819521536
1522772870258118656
1522772873873612801
1522772876985880576
1522772877296160769
1522772882090307585
1522772885139509248
1522772888805388288
1522772894748717057
1522772895222894593
1522772895889764352
1522772903934271491
1522772904211107842
1522772904752345090
1522772905456807936
1522772909802012677
1522772913488900098
1522772919096692743
1522772926797434881
1522772928609280005
1522772934749741058
1522772935265730560
1522772940890247168
1522772949777874944
1522772950960816128
1522772957231259648
1522772957856215042
1522772967100456966
1522772968262320129
1522772973412884480
1522772976252461056
1522772976365670400
1522772976545980416
1522772977217015808
1522772979494576128
1522772983433121792
1522772985177948161
1522772985609920516
1522772988160061440
1522772989737058305
1522772990961848321
1522772998729650176
1522773005478285314
1522773009844604928
1522773011912441857
1522773013208391680
1522773013447516161
1522773016605716480
1522773016702496769
1522773016966578180
1522773019898359808
1522773021567684608
1522773024033935366
1522773024021389312
1522773026919563266
1522773029553541120
1522773040949518336
1522773041696100352
1522773044393091075
1522773046762872833
1522773050848120834
1522773053708636162
1522773054887284738
1522773062319587329
1522773062554464257
1522773064194347009
1522773068443234307
1522773068854308866
1522773069177229312
1522773072058765313
1522773072058753024
1522773072016818176
1522773074583728129
1522773082208972801
1522773083177816071
1522773085258199040
1522773087506341892
1522773096452792322
1522773104036036608
1522773108272377858
1522773110637879297
1522773111053197312
1522773118258929664
1522773121178255360
1522773122038083584
1522773122214252544
1522773137141682178
1522773137812824064
1522773140031643648
1522773141470294016
1522773142384496640
1522773143957475329
1522773149426847744
1522773149917532160
1522773153201770496
1522773157391777798
1522773156972449799
1522773163720990720
1522773166392999936
1522773166426370050
1522773166728400898
1522773177616814081
1522773179315408901
1522773181441916928
1522773185716015104
1522773186722639878
