1524192547303833601
1524192551254822913
1524192552907378688
1524192557118345221
1524192558112407553
1524192563544182785
1524192569432940544
1524192569416028161
1524192569659252736
1524192569902567424
1524192570984837120
1524192571576270850
1524192577037160450
1524192578442305536
1524192588831547394
1524192595991314436
1524192596809105410
1524192600395243520
1524192604371492864
1524192606414159874
1524192607940849665
1524192611086569472
1524192613363986432
1524192614685237248
1524192616438538240
1524192616874708993
1524192618795646977
1524192618950930432
1524192620896997376
1524192622398554112
1524192622964879361
1524192624281853955
1524192628178366465
1524192631877775361
1524192632359948288
1524192634360659969
1524192635040247808
1524192638160703488
1524192638475321344
1524192641461542912
1524192647237316610
1524192651557412864
1524192651746099200
1524192655084818434
1524192655508492291
1524192670293319682
1524192678958620672
1524192681206829056
1524192683815751684
1524192690581254144
1524192690857934848
1524192691352920064
1524192695194845186
1524192697271136256
1524192699498303488
1524192710525083649
1524192710420217858
1524192710713823238
1524192716564934658
1524192717244448774
1524192721912700931
1524192722801897473
1524192727969243142
1524192733820297218
1524192736542400515
1524192736869765120
1524192751557906432
1524192751952162816
1524192756247277570
1524192756888915970
1524192766338772992
1524192768582508544
1524192772395352064
1524192776409296901
1524192777965350912
1524192784747581440
1524192785208856576
1524192794885357568
1524192796264976384
1524192806943825921
1524192810966130688
1524192814678085633
1524192821497974785
1524192823448600577
1524192823309910016
1524192824639508480
1524192834953359362
1524192840665939968
1524192842792505347
1524192842914148360
1524192843681734658
1524192854259769349
1524192855572504576
1524192856751198208
1524192861167706114
1524192873712824320
1524192874501443585
1524192880717410305
1524192881942089729
1524192886052601859
1524192892914446336
1524192894298558465
1524192900887814146
1524192904276758529
1524192911801344006
1524192912640200706
1524192917559992320
1524192917870493703
1524192929270878208
1524192930008911872
1524192935356497920
1524192947440435203
1524192948971311104
1524192954063245313
1524192961139036161
1524192965006172162
1524192965874356230
1524192966906105858
1524192970496479237
1524192972409131013
1524192978637623296
1524192984589385728
1524192984576761856
1524192987496034306
1524192988829818883
1524192989131681793
1524192989085634562
1524192990704590848
1524192993250627589
1524192997499359233
1524193015413174273
1524193015811559426
1524193019204833280
1524193021708939266
1524193022245670914
1524193025311879168
1524193027211755521
1524193027119587333
1524193030177271810
1524193031926464512
1524193049752260608
1524193049928163331
1524193051559796736
1524193055720361984
1524193056672604160
1524193058853580800
1524193062729175041
1524193069150928896
1524193076935278592
1524193080156602369
1524193082106957824
1524193082576715776
1524193083469959168
1524193086548627457
1524193088088027139
1524193088201179136
1524193089010733057
1524193089367293954
1524193094685818880
1524193096652791809
1524193097306890240
1524193101186621440
1524193115518742529
1524193117607321600
1524193126587539456
1524193127262740481
1524193132266598400
1524193135835951111
1524193137459032065
1524193139401048065
1524193139308728320
1524193144967151616
1524193148460621824
1524193153233956864
1524193153921990661
1524193155930800129
1524193156060921859
1524193160053747712
1524193160192466944
1524193163568635905
1524193164843794432
1524193167175729154
1524193169289760770
1524193172980707328
1524193175987843073
1524193177858682882
1524193186825965568
1524193189946707968
1524193190915493890
1524193193977393152
1524193196279967744
1524193204639256576
1524193207688564739
1524193210339414016
1524193210695782400
1524193222024908801
1524193222607577088
1524193225820491777
1524193230895595520
1524193230828544000
1524193233617797122
1524193235593318406
1524193237577216001
1524193238093025280
1524193240613851136
1524193248608231424
1524193249740697600
1524193252454416391
1524193253284843520
1524193265859371016
1524193267461545985
1524193267478237184
1524193268413648897
1524193271077130242
1524193275971878913
1524193276122656768
1524193279461322752
1524193289523585024
1524193290119172097
1524193298189103105
1524193299204030468
1524193299535302656
1524193302085607429
1524193302203019264
1524193302702088193
1524193303637417984
1524193306757976069
1524193306548264963
1524193308053889024
1524193308746018817
1524193311803813888
1524193314831958017
1524193314911698944
1524193315289280513
1524193316509675520
1524193320825757697
1524193321878491137
1524193326173507586
1524193336353038336
1524193336763895808
1524193339066757123
1524193344196427778
1524193348902440960
1524193352358539267
1524193353218158592
1524193355042725888
1524193355701399554
1524193356376461312
1524193357085515779
1524193361644560384
1524193363351662592
1524193372692488192
1524193379831189505
1524193382670733312
1524193387749986308
1524193387221602305
1524193391675908096
1524193394255347714
1524193396721844227
1524193407928778756
1524193412785844224
1524193415143079937
1524193416959176704
1524193422835343362
1524193432641671169
1524193448378748929
1524193451835035648
1524193452744925184
1524193456859623424
1524193456880562176
1524193461607575553
1524193468930838528
1524193481035497475
1524193481807347718
1524193484986806272
1524193485598961665
1524193487159275520
1524193490774765568
1524193493110960129
1524193495644348417
1524193496009125889
1524193496898359297
1524193498622496768
1524193504011948034
1524193505341362176
1524193510802563077
1524193514401239041
1524193522697580546
1524193523280531458
1524193525591683072
1524193529219665922
1524193530662506498
1524193532549943297
1524193532579352576
1524193533653045249
1524193533904945153
1524193539176947713
1524193544608518145
1524193546336714753
1524193550799233024
1524193551667580930
1524193555216052232
1524193558789509123
1524193561712996352
1524193566469275649
1524193566410653696
1524193570449616902
1524193570709598208
1524193571506900992
1524193573008449536
1524193578293075968
1524193580084076546
1524193587168256006
1524193594545946625
1524193600061517824
1524193604809465856
1524193610333233152
1524193614166953985
1524193619653058560
1524193621964210176
1524193626481475585
1524193627261464576
1524193633028780033
1524193635398557698
1524193638942707713
1524193639093702656
1524193643107479553
1524193646182084614
1524193654394474496
1524193655061454849
1524193657665990656
1524193657976467457
1524193660228755456
1524193665937473537
1524193667652665345
1524193668650971136
1524193679035883520
1524193679979814912
1524193682106290183
1524193688003489792
1524193691954515968
1524193694945054720
1524193700183609344
1524193710233116672
1524193715471982592
1524193717065633793
1524193719003529218
1524193720542842880
1524193726222016513
1524193728872652800
1524193733352333314
1524193744286896129
1524193746727759872
1524193748850147328
1524193754344796160
1524193754789277696
1524193756454559751
1524193756798500865
1524193758232862720
1524193761739395074
1524193767946862593
1524193769599381504
1524193769620447232
1524193776511721472
1524193783725785090
1524193790512095232
1524193790956736512
1524193794282905600
1524193820099096576
1524193821730430977
1524193825253646336
1524193832027443201
1524193834346893312
1524193845600452608
1524193845788897282
1524193855050031105
1524193856157233154
1524193857696579585
1524193870573150209
1524193871353286656
1524193873119289345
1524193874754871298
1524193878743691265
1524193885588803585
1524193891880259584
1524193894509912065
1524193897668399104
1524193899253743616
1524193901397131265
1524193907491278849
1524193908355473409
1524193915255107585
1524193916769214464
1524193923362566145
1524193923563929604
1524193928530087936
1524193935706378241
1524193942824173569
1524193944648749057
1524193946087440386
1524193956027715584
1524193966811402240
1524193967251808257
1524193969298575360
1524193970632466432
1524193984863961088
1524193997790621696
1524193999447371776
1524194002706341890
1524194003469561858
1524194005311168513
1524194005516382208
1524194007433330690
1524194007836160000
1524194009140404225
1524194009287065600
1524194019982643201
1524194020615987200
1524194028585201664
1524194029545607169
1524194034440359941
1524194035019264002
1524194038592806913
1524194039750352897
1524194043550392321
1524194044129251332
1524194046293422080
1524194049485426691
1524194049875451906
1524194052484313090
1524194056946999297
1524194065541177345
1524194068821123079
1524194069898928129
1524194079600525312
1524194087066386437
1524194087229919235
1524194090463764480
1524194092262981633
1524194096876769282
1524194097032232961
1524194105311608833
1524194106427289601
1524194108679598080
1524194108650176519
1524194110164275200
1524194111141593088
1524194112559321089
1524194113637265409
1524194114652499968
1524194115294048256
1524194116392861696
1524194116531281921
1524194117646880768
1524194118347460609
1524194118724947968
1524194127096729600
1524194128912781313
1524194137603555328
1524194140094881792
1524194140958957571
1524194142817079296
1524194143303618562
1524194145983680518
1524194148508909568
1524194152354775040
1524194158390480903
1524194161972461568
1524194163436269568
1524194173963759617
1524194174756691970
1524194177474609152
1524194179710074881
1524194190799872000
1524194215483351045
1524194222450040832
1524194225558257664
1524194227256758273
1524194237180428290
1524194236991688707
1524194242528227330
1524194244768018433
1524194246286360579
1524194246361853955
1524194250396782593
1524194250623266816
1524194263130677250
1524194263650635776
1524194263587717121
1524194266184101889
1524194273549246467
1524194273863733248
1524194276065914883
1524194276309372930
1524194278259494912
1524194281866600455
1524194287059144704
1524194287918981120
1524194288028069888
1524194290217406466
1524194297347776514
1524194300195708929
1524194300518707200
1524194301944778753
1524194304583155712
1524194304872398852
1524194305115668480
1524194309372882946
1524194311520329728
1524194314523398144
1524194325483118594
1524194327718551552
1524194342327492608
1524194343153807363
1524194349982093314
1524194352238456832
1524194353245261827
1524194356634308609
1524194359884881920
1524194360111288321
1524194362204250114
1524194364980973570
1524194368554479616
1524194372635570178
1524194373021454336
1524194373101133828
1524194376284442627
1524194381145645059
1524194383976972288
1524194386678099969
1524194389890842627
1524194390519992320
1524194391744778241
1524194392088662019
1524194392520724480
1524194400074674178
1524194400309592067
1524194402951909376
1524194404906545154
1524194407506841600
1524194409717420033
1524194412179468288
1524194412363927553
1524194412619833345
1524194416495321088
1524194416331657216
1524194424334528515
1524194426737856513
1524194429904502786
1524194435059363840
1524194440667037696
1524194440918753281
1524194442277646336
1524194443733401600
1524194446765658114
1524194448078516231
1524194449072525313
1524194450171441154
1524194451526148097
1524194458643931136
1524194460585893888
1524194463865704450
1524194464494878720
1524194471625248774
1524194471985876992
1524194479179149313
1524194483654598656
1524194484334043136
1524194489618862080
1524194490600370178
1524194495906025472
1524194497445474305
1524194511420727297
1524194517498605568
1524194521696903168
1524194523265576962
1524194535835852802
1524194537635201026
1524194538566340609
1524194541058011136
1524194543830241281
1524194547558932480
1524194550000107521
1524194554865491969
1524194562666811395
1524194568614428672
1524194571307126785
1524194572779220992
1524194578148081666
1524194581365022720
1524194584712073217
1524194593369214978
1524194599778099200
1524194605083860993
1524194607109713920
1524194610524078080
1524194623404802049
1524194626927685633
1524194629477879810
1524194632934076416
1524194633412227074
1524194636293709827
1524194636075466753
1524194637300314113
1524194638768357376
1524194639535878144
1524194640622198785
1524194642031390720
1524194644778749952
1524194647278465024
1524194649665118209
1524194650982170624
1524194653058191360
1524194658204762114
1524194661887270914
1524194662524895235
1524194662701047808
1524194664009842688
1524194664592588800
1524194667734212609
1524194669646778368
1524194672847077376
1524194674826694658
1524194676487901185
1524194678836498432
1524194679297818624
1524194689510957058
1524194691864043520
1524194693944430594
1524194694107967492
1524194697970860032
1524194702634930176
1524194705877180416
1524194715356188672
1524194721576275969
1524194724826861569
1524194728228671490
1524194731789484033
1524194732615905283
1524194734318637057
1524194734176153600
1524194742044659712
1524194743516897281
1524194743697256450
1524194760809975808
1524194763553054721
1524194764656107520
1524194769865523201
1524194770737893382
1524194771303948288
1524194771664871424
1524194774437306372
1524194774680584192
1524194774923763712
1524194778702880770
1524194779466186752
1524194780267388928
1524194782800752641
1524194785505861632
1524194787905183747
1524194788911820800
1524194791768178691
1524194800085348352
1524194801184215040
1524194801545101313
1524194804875341826
1524194805395374080
1524194812676788226
1524194815033937925
1524194815411462145
1524194820117319680
1524194822629867521
1524194840854110210
1524194844486381574
1524194846436642816
1524194847372021762
1524194853864808448
1524194855567638533
1524194859380142080
1524194864304373761
1524194865952735233
1524194866414161920
1524194868196933633
1524194868641374208
1524194869836718080
1524194870126129152
1524194870876950528
1524194877193478144
1524194878531334144
1524194879664009217
1524194880121184256
1524194881886842881
1524194882792955906
1524194883497562113
1524194883958976513
1524194888274911235
1524194890821025792
1524194891152052224
1524194891374374912
1524194893559697408
1524194895971430401
1524194901667328001
1524194902497972224
1524194907807698944
1524194910433431555
1524194911008043008
1524194914090766336
1524194916255084546
1524194918234787841
1524194919040045059
1524194922697482240
1524194923175632896
1524194924798873602
1524194937293746179
1524194938933727234
1524194941185970176
1524194947494207490
1524194950069563395
1524194949910216709
1524194955685773312
1524194957258539009
1524194960261668865
1524194961733955584
1524194974434222081
1524194975163944960
1524194976049078272
1524194983087165441
1524194988426514434
1524194989802151937
1524194990703972352
1524195006969528328
1524195007682465793
1524195008928264192
1524195010710757376
1524195013567160320
1524195015689441280
1524195018487091200
1524195020127059969
1524195027634855941
1524195030373699585
1524195032470802432
1524195035998261250
1524195037101584384
1524195037688602624
1524195038175051776
1524195041580920832
1524195042285416449
1524195043099172870
1524195043208318979
1524195045804552193
1524195047314538498
1524195047373164544
1524195047687835652
1524195047624699904
1524195051450277889
1524195053186338817
1524195054126092288
1524195054859993091
1524195055761776642
1524195061210226688
1524195065064792064
1524195066432180229
1524195067837227008
1524195071142375427
1524195073814106112
1524195077622534144
1524195078612389888
1524195081242128385
1524195081669988355
1524195086728372225
1524195088267632641
1524195090222178309
1524195095930621952
1524195097205690368
1524195097771925504
1524195097780314112
1524195099214757889
1524195121071337474
1524195122136690689
1524195124971978758
1524195135956951040
1524195137412374528
1524195143460528130
1524195148766265348
1524195149647122432
1524195149600985088
1524195153824653318
1524195155783430145
1524195158169985024
1524195160065642497
1524195160518807552
1524195164138442754
1524195166432673793
1524195167649079296
1524195168655753218
1524195169536741376
1524195170887286784
1524195190424096768
1524195191036465152
1524195191359430656
1524195197600608257
1524195201136406528
1524195213895421952
1524195215313182720
1524195217162653697
1524195224573997056
1524195225882738695
1524195233440935937
1524195236548956162
1524195240818655235
1524195242936836097
1524195245470199809
1524195245839290368
1524195246925570048
1524195251577311232
1524195251824611331
1524195252806033412
1524195253409955840
1524195257713315841
1524195271214776320
1524195272787644416
1524195273135861764
1524195273169383429
1524195275258138626
1524195278185799681
1524195278559002624
1524195280169623552
1524195289367597058
1524195302504345601
1524195302865088512
1524195305645879298
1524195308124741633
1524195309768921088
1524195310221729793
1524195311261999106
1524195320112074752
1524195322939031553
1524195325958926336
1524195327762436096
1524195333013753856
1524195335022817280
1524195336834752514
1524195340282474497
1524195342266384385
1524195342085853184
1524195343285506049
1524195344359251968
1524195347605725184
1524195353108664321
1524195353448361984
1524195353662300160
1524195355264442368
1524195361551699969
1524195361950162945
1524195364366077953
1524195369491611648
1524195371144073219
1524195374952554496
1524195377343352834
1524195378060566529
1524195384888893442
1524195390031114242
1524195392354627584
1524195393151586305
1524195412072095747
1524195416799170561
1524195418091192320
1524195418720153601
1524195420519473152
1524195422893391873
1524195423745118208
1524195426408218624
1524195427800825857
1524195428295757824
1524195430510342145
1524195433416953856
1524195441188954112
1524195452303814656
1524195457865596928
1524195460092727296
1524195464589230081
1524195466392571904
1524195470025031680
1524195471404773376
1524195480862920706
1524195486055362560
1524195487196205056
1524195495165546497
1524195495425548289
1524195499007430657
1524195513599365120
1524195513909796865
1524195515277189122
1524195527415447552
1524195538253582339
1524195541848141825
1524195546746875904
1524195546864488449
1524195551985778690
1524195555425062912
1524195560647020546
1524195564371550209
1524195566565085184
1524195567718608896
1524195569626980352
1524195573498368000
1524195574903296000
1524195582478278656
1524195583380140033
1524195590258798593
1524195592775380992
1524195595346497536
1524195601444974592
1524195607090450434
1524195608843603968
1524195611565867010
1524195612652183552
1524195624165466112
1524195625050382338
1524195625188831232
1524195627219013634
1524195627940425730
1524195630423613441
1524195633200041984
1524195636106645504
1524195637918826496
1524195638380011520
1524195639952912384
1524195649151029248
1524195649109045248
1524195650140835841
1524195650232979458
1524195662870548481
1524195674417508353
1524195676220973059
1524195679962341379
1524195684710199296
1524195686421512193
1524195691446349824
1524195694646415360
1524195696697659393
1524195698039836672
1524195700430540800
1524195704469610499
1524195705434349570
1524195707967709186
1524195712182804480
1524195713650814976
1524195716213751810
1524195716519800832
1524195717371219968
1524195718277341187
1524195718327508992
1524195719321587712
1524195723323092992
1524195724489015296
1524195725063573505
1524195728729546753
1524195730440785920
1524195731942391808
1524195733054058496
1524195735641772033
1524195739894640641
1524195740150599681
1524195741954158593
1524195744147779585
1524195755178688512
1524195761860362240
1524195764582424577
1524195765635194884
1524195766226485248
1524195767950319617
1524195779560472576
1524195789182218240
1524195792801738754
1524195794521411585
1524195795137974274
1524195796857597954
1524195797805449217
1524195799302873089
1524195803157483520
1524195807121051648
1524195811139149831
1524195811436994561
1524195813311848450
1524195813748060161
1524195814930882563
1524195815891214336
1524195824216985600
1524195824724447232
1524195828218445826
1524195830638706688
1524195832710500358
1524195835453583361
1524195835755786240
1524195836921626625
1524195840172118017
1524195840411193345
1524195844135784450
1524195864230907904
1524195870736011265
1524195881762922496
1524195891611004928
1524195893095899136
1524195893699694592
1524195906253463552
1524195913270398976
1524195927476477952
1524195931935158272
1524195933717676033
1524195935647150081
1524195938256015361
1524195940302737408
1524195941300940800
1524195944325074944
1524195946418286592
1524195948120924164
1524195950520115200
1524195954269855744
1524195959458213890
1524195964420243456
1524195967431544832
1524195968169697281
1524195969214169090
1524195969885032448
1524195981264363521
1524195982761672704
1524195995336294401
1524195995856347137
1524196001858437121
1524196006270840835
1524196013870927872
1524196014453837826
1524196015619858432
1524196016991440898
1524196021307420672
1524196033529405440
1524196036369129474
1524196037593870336
1524196038038507521
1524196045026205699
1524196046905221120
1524196047462928384
1524196052051574786
1524196052877860864
1524196053494472705
1524196059987259392
1524196060792602625
1524196061534990338
1524196062726082565
1524196066077581314
1524196066672979968
1524196067511705600
1524196068744966144
1524196069986381824
1524196076932280325
1524196082871377920
1524196085815783425
1524196087409815553
1524196095080947713
1524196095005495296
1524196099539484672
1524196103050170368
1524196103855484928
1524196105017208833
1524196109559767040
1524196116199317506
1524196117612838914
1524196119617716224
1524196120737558529
1524196121194676225
1524196130162159623
1524196144565432320
1524196149313388544
1524196153109233664
1524196159467704322
1524196165637574661
1524196166606499842
1524196168288423937
1524196172914728961
1524196173732626433
1524196177151160320
1524196177847140352
1524196187800326144
1524196189415129088
1524196189712916483
1524196203327545345
1524196204564914177
1524196205445763073
1524196207958048768
1524196208239067137
1524196216703180806
1524196226345885699
1524196227692302336
1524196240954732545
1524196246075985927
1524196251025260546
1524196255919968257
1524196257857691650
1524196258394476544
1524196261762580481
1524196263494889472
1524196263914266624
1524196267924066305
1524196269035601920
1524196269694009344
1524196271749472256
1524196283304620032
1524196288245477376
1524196291240407041
1524196296193724418
1524196300354293760
1524196303290437632
1524196304041222147
1524196305299509249
1524196307606380544
1524196309485432833
1524196312069013505
1524196312274681858
1524196317215567875
1524196321107660800
1524196329634861056
1524196330653978625
1524196332943986688
1524196333095198720
1524196334513065984
1524196335079014407
1524196345493409792
1524196347578142725
1524196354813161473
1524196362157715457
1524196362681655297
1524196372437741570
1524196375382085634
1524196377734963200
1524196377886138371
1524196378603184128
1524196385771372544
1524196389785378816
1524196391660179456
1524196399763628033
1524196409628631041
1524196412103266304
1524196413453651968
1524196413550252032
1524196416301801473
1524196417018945541
1524196417300045824
1524196417610436608
1524196434677059584
1524196437067804672
1524196437780688896
1524196441077465089
1524196442897715201
1524196443514454016
1524196445531824129
1524196447318872064
1524196451672231938
1524196452683198464
1524196456185352194
1524196466813587457
1524196472262213635
1524196477051957248
1524196479090442240
1524196482739486720
1524196484283248640
1524196489051918337
1524196492763963393
1524196498048757761
1524196499302793219
1524196501580181504
1524196501454344194
1524196503664922624
1524196506453958656
1524196517996728320
1524196519590604802
1524196525261303808
1524196545347915776
1524196546761609216
1524196548002795520
1524196553820459008
1524196555259101185
1524196558945853440
1524196561097355264
1524196566042648577
1524196567376355328
1524196569595232256
1524196569813327872
1524196571407077376
1524196572078219264
1524196572950630401
1524196585042763776
1524196586401992704
1524196592265441280
1524196596103139330
1524196613807386624
1524196614352642048
1524196615912923137
1524196620312748032
1524196627145232386
1524196643817631744
1524196645478576129
1524196656794816513
1524196657159864320
1524196658573103104
1524196661035155456
1524196661232381952
1524196661517598720
1524196666827591681
1524196670245855232
1524196670585593857
1524196670728196102
1524196674083639297
1524196679129382912
1524196684636598273
1524196688319201285
1524196693163618304
1524196698616057856
1524196702063939584
1524196705457029121
1524196711186542592
1524196714353238017
1524196717234642945
1524196718392360964
1524196723974971392
1524196729536626689
1524196736855691264
1524196740043358208
1524196740143886336
1524196744895946753
1524196745302978565
1524196745336569857
1524196746330521600
1524196751003234304
1524196755713232897
1524196757604909056
1524196765905399814
1524196769940180993
1524196771345412096
1524196774738636801
1524196779192991744
1524196779356532736
1524196780124082178
1524196781092917248
1524196789225672705
1524196791444512770
1524196794099449857
1524196794313449473
1524196795915685888
1524196798193143813
1524196799317118977
1524196800118329344
1524196805336084480
1524196806787219456
1524196807953289218
1524196808834138115
1524196809933049861
1524196812491481094
1524196816463482881
1524196818724306944
1524196819147780096
1524196820322504704
1524196822402715651
1524196822973046785
1524196824353021958
1524196826022305795
1524196827263913985
1524196830405439489
1524196839523860480
1524196840262062088
1524196846662520833
1524196847698518017
1524196854401060866
1524196856150036480
1524196860252020736
1524196863414620166
1524196864840507392
1524196864928763905
1524196870725193729
1524196878342139904
1524196879331991552
1524196887162728449
1524196893055717376
1524196893026578432
1524196894313963520
1524196901612101632
1524196908700422145
1524196909589708802
1524196917751689216
1524196922814353409
1524196925649698822
1524196933014736896
1524196936126976000
1524196942477029376
1524196945157255169
1524196953214656512
1524196958474178566
1524196969039683585
1524196969207447554
1524196972063715328
1524196972013494273
1524196972290318336
1524196973284188165
1524196976123916288
1524196983292014592
1524196986714566664
1524196987305959424
1524196988761247745
1524196989168414720
1524196989977702401
1524196992032944128
1524196998911561734
1524197005333078017
1524197005605625858
1524197007400841221
1524197012081623040
1524197012111036416
1524197018536579072
1524197020596064257
1524197020981989378
1524197027248234496
1524197027701301249
1524197029659828224
1524197031971102725
1524197039474712577
1524197039705362434
1524197045262856192
1524197050258268161
1524197058458103809
1524197059326144512
1524197061863825409
1524197063390633984
1524197069518426119
1524197079828082688
1524197080532537345
1524197094713552896
1524197100753281024
1524197101386665986
1524197106944135170
1524197108403691520
1524197110337478657
1524197110610116609
1524197111511801856
1524197115823595524
1524197118306656256
1524197125680242689
1524197128930840577
1524197132646985730
1524197134521798658
1524197149403234306
1524197152796385282
1524197161801445378
1524197162543988738
1524197164850810880
1524197166817759232
1524197171402264576
1524197171549114369
1524197171804921862
1524197181846081537
1524197197016879104
1524197201068634113
1524197205128712197
1524197210157690880
1524197210224791553
1524197213873664000
1524197223713714177
1524197228021170176
1524197233398276096
1524197240138514442
1524197242890067969
1524197248661393408
1524197253166026752
1524197255024201730
1524197255066042368
1524197262967984128
1524197264423817217
1524197265082101760
1524197268194217984
1524197270031319041
1524197273919528964
1524197274213040135
1524197276406751233
1524197285411930113
1524197291652894720
1524197296807677952
1524197297982251008
1524197300343656451
1524197303426306049
1524197312699981825
1524197318286786560
1524197318483918850
1524197322741141504
1524197326008377345
1524197327455592449
1524197332287475718
1524197336230117377
1524197353598693380
1524197360082952192
1524197362024996867
1524197365640351749
1524197366269714433
1524197369067286534
1524197376696721408
1524197378298986497
1524197378454138880
1524197378479337472
1524197380593180675
1524197382551969793
1524197385802559488
1524197386062548999
1524197386989486081
1524197390235803648
1524197391083380737
1524197392198758400
1524197395210412035
1524197400554147841
1524197404660150272
1524197408162422792
1524197411148685313
1524197411484225536
1524197412142825473
1524197415485689858
1524197418648150016
1524197423010267136
1524197424201359365
1524197425606545409
1524197432455802880
1524197432921366529
1524197434242572289
1524197437304410118
1524197438776614912
1524197441884598272
1524197442132008960
1524197443419910144
1524197445156098048
1524197454115221504
1524197453813235713
1524197467738230790
1524197469654970368
1524197474721689601
1524197480870645761
1524197481348689920
1524197481453658113
1524197485425610752
1524197491125673985
1524197492035932160
1524197492539408384
1524197494468526081
1524197499191193601
1524197503956144129
1524197513036812290
1524197515326803969
1524197521584803840
1524197529164083200
1524197531512877058
1524197533454585856
1524197534524231682
1524197535136600065
1524197535723573248
1524197539884400640
1524197540677451777
1524197543273508864
1524197553230819329
1524197556753993729
1524197557655773184
1524197560193359873
1524197562181627905
1524197564077195265
1524197572323295232
1524197576374984705
1524197577318674432
1524197579491528704
1524197582884507648
1524197590350376960
1524197591617052682
1524197592200056834
1524197598277488641
1524197599699513344
1524197600068575234
1524197619333013505
1524197626547036160
1524197625800454144
1524197630435368965
1524197630905143297
1524197631341346824
1524197634570862593
1524197635279802368
1524197636152061952
1524197646151286785
1524197647942549504
1524197649154519042
1524197649628291072
1524197649741598721
1524197649553014788
1524197653298434048
1524197661737426946
1524197662773325824
1524197668192505856
1524197668557406210
1524197680850817024
1524197683228983301
1524197696336277505
1524197697418403840
1524197699423285249
1524197703072337920
1524197706842865664
1524197715990695938
1524197722802343943
1524197724068974594
1524197725691998208
1524197730012344322
1524197731375460357
1524197732012994560
1524197732071899136
1524197738065371139
1524197738086338561
1524197739092971520
1524197741794140160
1524197745321721856
1524197751935967234
1524197755090046976
1524197755761135617
1524197757216604160
1524197757665349632
1524197771699437569
1524197772680994816
1524197776321568768
1524197783330344960
1524197793279131648
1524197799637786624
1524197800506007553
1524197801197981696
1524197801609113600
1524197808756166657
1524197811801235463
1524197811977342980
1524197816310001664
1524197825785085952
1524197827592790016
1524197835431976960
1524197840096006145
1524197842440572929
1524197845930184704
1524197846853079040
1524197849847808002
1524197853840687104
1524197855854014465
1524197856499884032
1524197863793868805
1524197877739892736
1524197879895584768
1524197880327778310
1524197890670960640
1524197891572928512
1524197894517104640
1524197898422005761
1524197899437019136
1524197904013045760
1524197906504466432
1524197907259441153
1524197908203114497
1524197911684435977
1524197911768223744
1524197913970229249
1524197921620594688
1524197927161417728
1524197928667164674
1524197936657174528
1524197938431467520
1524197939530326016
1524197953845579779
1524197957578469384
1524197962145951744
1524197964046118912
1524197972543688704
1524197974154301440
1524197977455222784
1524197978268999680
1524197984442925058
1524197989606203394
1524197994911961088
1524197996581302276
1524197999177568257
1524197999588659202
1524198002126204930
1524198002377822211
1524198002738479106
1524198003510104064
1524198009680142336
1524198019557691394
1524198021583585281
1524198041024147462
1524198041330221057
1524198050977124352
1524198051996639232
1524198065430839296
1524198066450051075
1524198068643577863
1524198070682071040
1524198070799331328
1524198072775028741
1524198076499611648
1524198077174743041
1524198083093045250
1524198087874564098
1524198093700595712
1524198095835312130
1524198098825666560
1524198103506735110
1524198104790089729
1524198107394760704
1524198115401768960
1524198115536162819
1524198117096177666
1524198117285019649
1524198119520546817
1524198120594321409
1524198121491910657
1524198121764499457
1524198123811352577
1524198125442768896
1524198126193623040
1524198130266382338
1524198134808821762
1524198134838083587
1524198137648324609
1524198141364424705
1524198152487768072
1524198153343610880
1524198161186709504
1524198161417441280
1524198163514494977
1524198164739379201
1524198165657890816
1524198166442041344
1524198168715579392
1524198174956662787
1524198176038612992
1524198176995315712
1524198186222510081
1524198189804498945
1524198192962703360
1524198198662860800
1524198199803711488
1524198200772542464
1524198205289754624
1524198206602678272
1524198209165627392
1524198213007335425
1524198216513826816
1524198221928706049
1524198225057624074
1524198225091178502
1524198226605314048
1524198234381500416
1524198238198370304
1524198245353680896
1524198253016793098
1524198260633710592
1524198264291033088
1524198267050942464
1524198271442427904
1524198275439632389
1524198277339656193
1524198278140735489
1524198283324887041
1524198294423060487
1524198313410629633
1524198314463350784
1524198317634240519
1524198319546896385
1524198319639171074
1524198324781432834
1524198326932938752
1524198327692279808
1524198336785436672
1524198337376931841
1524198338354204675
1524198340296065025
1524198345383694336
1524198346105237504
1524198351746568194
1524198353482960897
1524198359766126595
1524198361951309824
1524198364002373634
1524198367177240576
1524198370788757504
1524198371015098368
1524198372894294017
1524198376094507008
1524198376895565826
1524198377256271873
1524198379294756866
1524198382385905665
1524198387973001216
1524198394775887879
1524198394222182405
1524198398827679746
1524198401822363650
1524198405098307584
1524198406171803650
1524198409594454017
1524198411460874241
1524198419488808960
1524198419983609856
1524198425364865026
1524198426392821760
1524198440804171777
1524198447255101440
1524198454842564609
1524198456302219264
1524198462199377920
1524198463558197248
1524198465970003968
1524198475046572034
1524198475927228416
1524198477328265216
1524198480595537920
1524198483502288898
1524198487553757184
1524198491504971780
1524198492352118785
1524198497335099400
1524198500833107968
1524198503119007744
1524198507225178113
1524198511616479232
1524198514477125632
1524198516872073216
1524198521611571200
1524198524396576768
1524198527735324672
1524198531766099968
1524198539051470848
1524198544609095680
1524198545737146368
1524198549776310272
1524198551236059139
1524198557661777922
1524198562224959488
1524198572799012866
1524198573470105601
1524198576703873025
1524198577265942529
1524198579576913921
1524198582043168768
1524198582114529282
1524198587089002496
1524198587550343173
1524198587743318016
1524198589798436868
1524198592008929281
1524198601160675329
1524198602251272193
1524198605267128322
1524198606806298630
1524198606835748869
1524198608639246343
1524198611357245441
1524198613097844737
1524198618420457473
1524198621939478529
1524198624736866308
1524198627652116481
1524198629497470977
1524198630747480064
1524198633301708801
1524198633570246656
1524198634824294400
1524198636304969728
1524198637613559817
1524198637684903937
1524198643225481217
1524198646123794433
1524198649483329536
1524198649676419080
1524198652264206336
1524198661927968773
1524198663412756480
1524198666965200897
1524198670626963458
1524198674473095168
1524198678050873344
1524198679099310080
1524198689220096003
1524198689329319937
1524198690042400769
1524198692852535301
1524198699261476864
1524198705045385217
1524198705313857536
1524198708379852800
1524198711643226112
1524198713601761280
1524198714172231682
1524198718819422210
1524198722946621440
1524198727732318213
1524198742064250880
1524198746178953216
1524198751514021891
1524198759508463617
1524198759902904320
1524198772326154240
1524198773156683776
1524198773865467904
1524198776025624578
1524198780643553281
1524198781071282176
1524198786993737730
1524198789191553025
1524198789745045504
1524198800570605570
1524198801740906498
1524198802474737665
1524198805490618369
1524198806358839298
1524198806912335872
1524198808275636224
1524198812432187392
1524198814730518529
1524198826181111808
1524198833311211520
1524198835735740417
1524198838667558912
1524198839393333248
1524198841339179008
1524198844812038144
1524198845386792961
1524198845600739328
1524198845936279553
1524198846317932547
1524198846154219521
1524198852550660096
1524198854568161281
1524198855524372483
1524198857323782144
1524198857575387136
1524198858317828097
1524198858804404228
1524198868128206848
1524198871542472705
1524198872955895808
1524198874360934401
1524198882573524992
1524198882795794432
1524198882707709954
1524198886319042560
1524198887657021442
1524198888625737728
1524198891582898176
1524198895546474501
1524198896293064712
1524198897903542273
1524198899753357312
1524198900873273345
1524198905080123397
1524198907873427456
1524198911598026752
1524198912197677056
1524198914882039808
1524198915981029376
1524198917675569152
1524198919701512195
1524198925972160513
1524198932032770050
1524198934070972417
1524198934964436992
1524198942312906753
1524198942392651777
1524198946129825800
1524198952173715457
1524198953063153664
1524198955399192577
1524198957014044673
1524198958998130688
1524198967289925632
1524198972293881857
1524198984256040965
1524198995773456386
1524198997187088384
1524199003411427328
1524199004673916929
1524199010663387138
1524199015360958470
1524199021576966144
1524199021614616584
1524199022302568449
1524199023707832320
1524199026723328000
1524199030292680706
1524199030447767552
1524199030590431232
1524199031844622337
1524199032738152448
1524199046637887489
1524199049792049152
1524199056200724480
1524199057572483072
1524199058541547520
1524199059581460481
1524199060852383744
1524199061657579520
1524199063025029121
1524199066313318403
1524199067907198977
1524199072399249408
1524199076505473026
1524199077755371521
1524199084290150400
1524199088069222400
1524199088564187136
1524199089814085632
1524199099477725184
1524199100161351680
1524199100882825216
1524199103672037376
1524199106276642817
1524199113872449536
1524199119895543810
1524199122504675329
1524199122995081216
1524199126749126659
1524199127063699458
1524199127986356224
1524199128498061312
1524199132402966528
1524199136161316865
1524199137012592640
1524199139050807297
1524199140137205760
1524199142272208902
1524199153668087810
1524199157057138688
1524199159342972929
1524199164376195072
1524199165135400963
1524199166968315905
1524199177236148224
1524199177626218496
1524199180511727616
1524199180629118977
1524199182659166208
1524199190972227585
1524199191916027909
1524199193392336900
1524199205111218176
1524199206155546624
1524199210463416321
1524199217694007296
1524199222181986305
1524199226200236032
1524199236862201861
1524199239177359370
1524199239739449344
1524199240494460928
1524199241131864064
1524199241106825216
1524199244667703296
1524199246525837315
1524199255598055424
1524199255619117058
1524199256164376576
1524199272723406849
1524199277165047808
1524199279111385090
1524199282932334593
1524199283301535747
1524199285671272448
1524199290045755392
1524199291631382533
1524199293082497024
1524199294059831298
1524199297230774274
1524199299168362496
1524199299642535939
1524199302167474177
1524199309335429120
1524199322597969920
1524199322924945408
1524199327484239872
1524199332228050944
1524199337483505665
1524199340981563393
1524199343477215233
1524199343917572096
1524199352582955008
1524199354973704195
1524199356445900803
1524199359620943873
1524199360875094016
1524199365048344576
1524199365895593986
1524199366193561600
1524199366843506688
1524199376171638784
1524199377484480517
1524199379149762565
1524199379091001345
1524199380718391296
1524199381666529281
1524199386489790464
1524199392626225152
1524199393242451968
1524199396593659904
1524199397289914368
1524199401647915008
1524199402746920961
1524199411324440576
1524199412439949315
1524199413316431872
1524199413870174213
1524199414474022912
1524199415526817793
1524199418567675904
1524199423001120768
1524199425664557057
1524199425878364160
1524199427770101762
1524199441623916544
1524199449827942400
1524199455452401664
1524199457868423174
1524199463325028353
1524199465720164357
1524199474016382976
1524199474935087106
1524199483353010176
1524199484330283011
1524199490013515779
1524199490521022465
1524199491447963648
1524199497156419585
1524199500067184640
1524199500667133955
1524199503208882176
1524199504295071745
1524199506509709313
1524199509701672963
1524199509819072513
1524199513740746759
1524199515657539587
1524199520053071872
1524199520883679232
1524199522292801536
1524199532631891968
1524199536020783104
1524199536847208448
1524199539908874240
1524199540982575104
1524199545994981380
1524199549534941186
1524199553016213504
1524199554236641281
1524199556820439040
1524199557046882304
1524199562617004033
1524199564453982208
1524199567872376832
1524199569923317761
1524199576487538688
1524199576609116163
1524199578496602114
1524199580547567619
1524199586616721410
1524199590387499012
1524199597869993986
1524199599875014657
1524199607084933120
1524199616643837953
1524199619370045440
1524199621421150208
1524199622989778945
1524199627804659712
1524199629591842816
1524199631063863299
1524199631931985920
1524199633567850502
1524199636843565056
1524199637749485569
1524199640333053952
1524199641310703617
1524199648537231360
1524199650928078849
1524199650848354306
1524199650953248768
1524199658003697668
1524199659203297280
1524199660394631168
1524199667248123907
1524199675661885442
1524199684172038145
1524199691545726976
1524199699632300033
1524199701683314689
1524199703046508544
1524199712685010945
1524199714199064577
1524199715352494080
1524199716279537666
1524199716602359809
1524199718754168833
1524199721186828289
1524199721589477380
1524199723065782273
1524199723283931136
1524199728367366145
1524199728786944010
1524199728862449666
1524199735552270336
1524199742250655746
1524199748378726400
1524199750614061057
1524199756645515264
1524199758725799936
1524199760613228545
1524199762286817282
1524199765210284032
1524199773762473985
1524199774068654080
1524199774869676032
1524199775826026498
1524199781416980482
1524199781924577280
1524199789566791680
1524199794046025728
1524199794281000962
1524199807568515072
1524199812899483648
1524199813830651904
1524199815424393221
1524199816120586241
1524199816686878720
1524199817102209024
1524199818414940160
1524199820696727552
1524199823079006209
1524199831673135104
1524199833027891200
1524199834672300033
1524199834806333440
1524199836488187906
1524199836672610305
1524199836593098758
1524199836949569539
1524199837792710659
1524199842637041664
1524199848181997576
1524199848580247553
1524199850228727808
1524199851537276928
1524199853642993665
1524199855203172356
1524199857488990208
1524199857774288897
1524199859305259009
1524199871003377664
1524199871049310210
1524199872617979908
1524199873280569344
1524199877793701889
1524199879890935815
1524199883334373376
1524199885695815680
1524199886530527232
1524199887235072000
1524199895543988224
1524199895858561025
1524199895955087361
1524199897595056131
1524199898098380802
1524199900816228353
1524199920944615424
1524199920940560388
1524199922060435456
1524199927252889600
1524199936736309248
1524199943942316033
1524199949596073985
1524199960866140166
1524199963353391104
1524199969858727937
1524199980197724163
1524199980910665730
1524199987084677121
1524199987814580224
1524199988842147841
1524199990377304064
1524200003505377291
1524200005980274688
1524200008244944902
1524200014309904385
1524200018965671937
1524200019091464201
1524200022832730112
1524200033716891649
1524200034383933440
1524200039798738944
1524200055539908611
1524200056827564032
1524200058383749121
1524200059176292353
1524200066151555072
1524200068189880320
1524200074091413504
1524200078008893442
1524200081812975617
1524200088758886400
1524200090570735617
1524200100414869506
1524200104978264068
1524200105540079618
1524200107977105409
1524200110372098048
1524200111345221633
1524200113446572032
1524200116730699776
1524200119071285248
1524200118844502016
1524200120463540225
1524200121872924672
1524200132186677254
1524200132178333699
1524200132203495427
1524200135575719937
1524200137932816385
1524200153082699776
1524200155527929856
1524200155519455234
1524200161970323456
1524200169922772994
1524200179322454016
1524200179913658370
1524200191729012736
1524200201359081473
1524200201514274817
1524200203078848513
1524200205331189761
1524200205931118592
1524200214739005440
1524200221143613442
1524200226231250944
1524200228055924743
1524200230660542464
1524200248737996803
1524200250222649344
1524200251124555777
1524200255193030658
1524200256367435777
1524200261396357121
1524200264458244097
1524200264651231232
1524200265133748225
1524200265318297600
1524200265636851712
1524200272297447431
1524200274767794179
1524200276416155648
1524200277942931456
1524200279779983361
1524200282451808256
1524200284393820161
1524200286268661761
1524200292664823808
1524200298453024770
1524200300395077633
1524200306250289156
1524200319688876039
1524200321370976256
1524200324961124354
1524200327221817344
1524200329096491010
1524200339074867200
1524200351209246720
1524200352517697537
1524200355101577217
1524200355571154946
1524200355763945473
1524200355957190657
1524200368476983296
1524200377075355655
1524200386726404097
1524200387586134017
1524200388416708609
1524200389641388034
1524200391994490881
1524200392921423872
1524200396700491778
1524200408818012160
1524200414094180352
1524200414127788032
1524200414119444482
1524200414178066434
1524200414773665798
1524200414878605314
1524200417982300160
1524200418758336514
1524200419404230657
1524200424689049602
1524200426039480321
1524200432410963970
1524200434264678400
1524200434969333760
1524200438689587206
1524200441508155395
1524200447522791425
1524200456305655808
1524200460588314624
1524200460768395266
1524200460873306113
1524200460986765312
1524200464878821376
1524200466397245444
1524200466757922816
1524200474899107841
1524200480687235072
1524200492305469441
1524200508369432576
1524200510126968833
1524200515714035718
1524200520558288896
1524200525738217474
1524200527491383296
1524200529236168704
1524200531320786944
1524200532771950593
1524200535959687170
1524200542540419072
1524200543064711169
1524200552422330369
1524200552342724608
1524200558462177283
1524200559297036288
1524200563612786688
1524200565001052161
1524200568176406528
1524200582319378432
1524200591748210688
1524200593019097091
1524200596743540736
1524200597070753793
1524200603022512128
1524200609041235968
1524200609305477122
1524200613264781312
1524200615202766848
1524200617887113216
1524200618851770368
1524200621687115776
1524200622047698944
1524200625809985537
1524200636048359425
1524200646806695941
1524200648065044481
1524200650388787200
1524200660937363456
1524200662921367552
1524200667799298050
1524200675634483200
1524200677303472129
1524200678608216065
1524200682395357184
1524200683662372864
1524200683607633920
1524200686438735876
1524200694605094912
1524200697364889602
1524200697322901504
1524200697570668545
1524200700456189953
1524200702666592258
1524200710556073984
1524200710761451520
1524200712401420289
1524200716339884032
1524200720353964032
1524200722325250051
1524200723155918850
1524200725055787008
1524200725647183872
1524200726414729218
1524200729069633537
1524200729535254530
1524200732181815296
1524200733867925507
1524200735247781890
1524200735994523649
1524200751358226432
1524200752717119489
1524200758337548289
1524200767141294081
1524200771071393792
1524200772618969088
1524200783494930432
1524200785835352064
1524200794828025857
1524200800146272256
1524200801367113728
1524200807935135746
1524200813979185152
1524200815635820550
1524200815551987712
1524200816051113985
1524200816718065670
1524200818249027584
1524200818500685826
1524200822145687552
1524200822367793153
1524200826134499328
1524200830907396097
1524200834380226560
1524200834724151297
1524200840927588354
1524200844576571394
1524200845524545537
1524200854349307905
1524200854907150336
1524200856081551360
1524200857268535297
1524200864591847424
1524200868152754176
1524200868610031616
1524200870413586432
1524200870879113222
1524200876214304768
1524200879095795713
1524200879783505920
1524200884044894208
1524200887991816193
1524200895688413187
1524200896594280448
1524200899136081920
1524200902009180163
1524200902109777920
1524200912490704896
1524200914327855107
1524200916781518849
1524200938101166080
1524200945017524224
1524200946070429696
1524200948490506240
1524200953653743623
1524200954186412034
1524200954366623744
1524200957109846018
1524200959869853696
1524200960003915777
1524200960964366336
1524200962856034304
1524200965024403457
1524200967058513920
1524200968329519104
1524200971345178624
1524200976147791872
1524200976931901447
1524200978500702209
1524200979490426880
1524200981466071041
1524200986486747138
1524200993407315970
1524200993306865664
1524200996255289344
1524200996599066624
1524201011673325568
1524201013963538432
1524201015473451008
1524201018896134145
1524201021836251137
1524201021970526208
1524201024424136711
1524201026932379651
1524201028404400128
1524201028983345154
1524201031873273856
1524201035425853444
1524201039695654912
1524201044003147777
1524201045785649152
1524201052509294592
1524201062214815745
1524201067742965760
1524201070028808197
1524201074323771394
1524201074319634434
1524201075368202240
1524201076735438849
1524201079256268805
1524201084692086785
1524201088227983360
1524201089091833856
1524201091650445313
1524201092338360320
1524201094561341440
1524201095165366274
1524201096184532995
1524201102681337861
1524201103793004546
1524201111003017216
1524201115537002497
1524201119282515969
1524201126899650560
1524201133811642369
1524201141369593856
1524201150106505216
1524201150425473025
1524201152438587393
1524201152929157120
1524201154095296512
1524201156658012161
1524201157341728769
1524201158989942784
1524201161951227904
1524201163213709313
1524201167898742785
1524201170692194304
1524201170776039426
1524201175201067008
1524201183015206912
1524201186563432448
1524201186559201280
1524201190723969029
1524201201151229952
1524201204544380929
1524201205622214656
1524201207111163904
1524201210680647686
1524201211339096067
1524201211620167680
1524201213155282945
1524201221585780742
1524201226560315393
1524201228485500932
1524201229148209153
1524201235712118784
1524201235745804290
1524201239566761984
1524201239319388160
1524201241361932291
1524201251101360129
1524201251163938816
1524201254070718466
1524201257837252609
1524201257984004098
1524201261796536321
1524201268230639623
1524201274245267462
1524201275247763457
1524201275520339969
1524201277948846080
1524201280025071617
1524201280058662912
1524201280847110144
1524201281212067840
1524201281551798276
1524201282021597185
1524201283279896579
1524201284186013696
1524201289843888128
1524201293664985090
1524201298433912834
1524201298672996353
1524201298857500672
1524201304033214464
1524201304679059456
1524201304985419776
1524201305086087172
1524201307514486785
1524201311448842240
1524201312153477121
1524201313273544710
1524201316230344708
1524201320172777472
1524201331233370113
1524201333276004352
1524201344260845569
1524201348035661831
1524201349143044097
1524201351152078850
1524201352351694848
1524201354809552896
1524201356340469760
1524201363101851648
1524201363428999168
1524201372991713280
1524201375604908032
1524201376494108673
1524201378012614656
1524201385394577409
1524201386140999681
1524201397390131201
1524201398291898369
1524201401177444352
1524201404323221507
1524201406252478464
1524201408622317568
1524201410253885440
1524201413106094080
1524201414918123524
1524201418634428418
1524201420504846337
1524201424531382276
1524201426703904769
1524201426872078336
1524201439869997057
1524201440310439936
1524201458220306432
1524201459516157953
1524201463165165571
1524201476230303744
1524201479795474432
1524201481506803718
1524201485575274496
1524201495960379392
1524201495838613509
1524201498514800643
1524201499840200704
1524201506941014016
1524201523751890944
1524201524305477633
1524201525777776640
1524201526494957570
1524201527421943811
1524201530857234433
1524201531943309312
1524201534929588225
1524201538503258112
1524201538754854914
1524201540751437824
1524201550373322752
1524201550846984192
1524201551027388417
1524201558224814080
1524201561211256832
1524201563597774848
1524201567054098432
1524201570677755910
1524201570832896003
1524201572820938752
1524201574846849024
1524201579624251394
1524201581192769536
1524201586297380865
1524201587522125825
1524201590172917761
1524201591531790341
1524201592030957568
1524201593385664513
1524201593293492225
1524201593725464579
1524201605922439168
1524201606706778112
1524201608774664194
1524201610687176705
1524201611966439424
1524201613254180866
1524201615632347136
1524201617054121984
1524201621810466817
1524201621860855809
1524201624327045121
1524201628592652290
1524201641938989057
1524201644065542146
1524201645881671680
1524201670128807936
1524201676198055938
1524201676697006081
1524201682267250689
1524201687174557696
1524201688642605061
1524201693184815105
1524201694787219457
1524201696666267648
1524201702693347328
1524201708833943552
1524201709127356416
1524201711908245504
1524201712067653632
1524201715410612224
1524201716232728577
1524201718531112960
1524201719600721921
1524201724508098567
1524201724914724866
1524201729620946945
1524201734213570560
1524201735975223296
1524201736914751490
1524201739850764294
1524201743059402755
1524201745370468354
1524201745957769217
1524201756447502336
1524201758775468032
1524201761027756032
1524201762336362496
1524201762307002368
1524201764848734208
1524201768829472768
1524201775657627648
1524201777066913792
1524201776974647298
1524201778622869504
1524201780506095616
1524201785908469761
1524201787472842754
1524201800261373952
1524201807483920384
1524201807962152962
1524201812118712320
1524201813586681856
1524201814828232705
1524201821820104704
1524201824156323847
1524201827260157952
1524201830913384449
1524201833077559296
1524201834776342536
1524201835510190080
1524201840451022848
1524201846419636225
1524201847111798785
1524201853399019526
1524201854367805443
1524201857878482951
1524201857786138625
1524201864266452994
1524201873598676992
1524201881857564677
1524201882239090690
1524201884218761218
1524201884898242561
1524201887075024904
1524201890958954496
1524201891386867712
1524201891663654914
1524201892351520772
1524201895400808450
1524201898559090689
1524201917139668992
1524201917072613376
1524201918452674560
1524201920931450880
1524201922105913345
1524201925033529344
1524201928263143426
1524201928854585344
1524201935741628416
1524201942670405632
1524201946462449664
1524201947695300610
1524201954104119296
1524201954502750208
1524201958080499714
1524201958118019072
1524201962304061442
1524201965500215297
1524201968876593152
1524201969056985089
1524201970562519040
1524201976036163585
1524201976220762113
1524201979660091395
1524201982159851520
1524201983485353984
1524201988686286848
1524201992486326273
1524201994365198337
1524201998052118530
1524201999037784069
1524202000023359489
1524202010593038336
1524202013663416320
1524202015336902657
1524202017249542149
1524202020042723329
1524202022404341760
1524202023842889728
1524202028955848706
1524202032462061569
1524202043547693056
1524202045330407427
1524202045502148608
1524202048115249152
1524202063009361920
1524202065945407491
1524202066985603075
1524202072039510017
1524202073729945603
1524202076737318912
1524202077865578499
1524202092268769283
1524202092893814788
1524202093225074689
1524202096589176832
1524202104704884737
1524202105564807171
1524202109306028032
1524202112921518085
1524202115446743041
1524202116063059968
1524202120240525312
1524202125290524674
1524202134568382464
1524202139278622720
1524202138901127170
1524202143560998913
1524202149181276160
1524202149634535424
1524202151412654083
1524202151504928768
1524202153803501572
1524202158152982530
1524202169628565507
1524202170765045760
1524202171507658752
1524202171553566720
1524202175991324673
1524202176914112512
1524202181649481729
1524202182203310080
1524202195142385664
1524202200804827138
1524202203262722048
1524202205284388869
1524202208664899592
1524202213677088768
1524202214729863168
1524202218160889859
1524202229393018880
1524202239862185985
1524202241418313728
1524202245155438593
1524202246032039937
1524202246824554496
1524202251560144896
1524202254026219520
1524202256056283136
1524202257864085504
1524202262880423936
1524202271034195968
1524202272498110464
1524202282354720770
1524202282958659584
1524202314680127488
1524202317205151746
1524202319377838080
1524202326554198016
1524202329100201985
1524202329913892865
1524202330563907584
1524202332489142275
1524202339749486592
1524202339951050752
1524202341137801216
1524202342094192640
1524202342563954690
1524202342798790657
1524202357952847872
1524202357910904833
1524202365208903681
1524202368665255937
1524202377334734849
1524202380992172032
1524202385240989700
1524202388285968384
1524202397458829312
1524202397823688705
1524202412030017539
1524202419319672840
1524202422343811072
1524202434175844352
1524202434532458496
1524202437724319745
1524202443025780736
1524202443445350400
1524202447811481600
1524202448990081025
1524202451536076806
1524202453104836610
1524202454241452032
1524202457160892417
1524202459010326530
1524202464332898308
1524202467340214272
1524202474327977985
1524202477909852163
1524202480208277505
1524202486873169921
1524202487695257600
1524202491461656577
1524202497232883713
1524202498759745537
1524202498780770305
1524202509035782146
1524202512940601344
1524202514660270082
1524202516157804547
1524202517202190337
1524202522319142912
1524202523476824064
1524202527205605376
1524202529168363521
1524202537846394882
1524202540597841920
1524202546021208064
1524202549741506560
1524202556091781125
1524202561506533376
1524202564778139648
1524202567953178628
1524202569773436928
1524202572986281985
1524202576593498112
1524202578074079234
1524202578082291712
1524202580443684864
1524202589025406977
1524202592481550342
1524202602568769542
1524202618565898240
1524202623121125377
1524202622466600961
1524202626212151297
1524202626849587201
1524202630947516420
1524202631887048705
1524202634151878656
1524202638383845376
1524202645455618049
1524202651038236673
1524202654334824448
1524202657266946048
1524202658214871040
1524202658906574848
1524202659410022401
1524202660127285250
1524202668289556481
1524202671133106176
1524202674362753024
1524202675847503876
1524202676669784065
1524202677265219587
1524202681765564417
1524202702242467841
1524202704221970432
1524202705547407363
1524202721364086784
1524202720521039877
1524202730407047168
1524202732596436992
1524202734765109248
1524202741375324160
1524202741589069831
1524202744546009088
1524202745254891520
1524202746139885568
1524202746487922688
1524202747129651201
1524202753844817920
1524202754226499585
1524202756420079621
1524202757649059847
1524202762929643523
1524202764418658305
1524202764737269762
1524202769225293825
1524202770768797696
1524202770856820738
1524202781015515136
1524202786287673347
1524202787206094848
1524202795330506753
1524202795884232704
1524202798396882944
1524202799248154624
1524202799361310723
1524202799592001536
1524202803161354241
1524202809691983872
1524202810060988419
1524202810857988096
1524202811927506948
1524202814385397760
1524202814951542791
1524202822887170049
1524202827249160192
1524202827798794240
1524202829623218176
1524202837458231297
1524202840184532993
1524202851689500673
1524202861197856768
1524202871272574976
1524202872493297665
1524202874225532928
1524202884153413633
1524202886053380098
1524202888146432000
1524202889929011201
1524202891682086912
1524202896291770368
1524202897445109760
1524202905640706049
1524202913073143809
1524202913559683073
1524202914075533312
1524202917091282945
1524202919687593984
1524202923332456449
1524202924892598273
1524202929569378307
1524202933142929408
1524202935005163522
1524202938113007616
1524202944610115584
1524202950050070529
1524202962096205825
1524202963815776256
1524202964839186434
1524202965535494144
1524202973647278080
1524202975207608320
1524202975526367232
1524202980316258304
1524202981733933057
1524202981666836480
1524202981616406528
1524202992433573891
1524202992878161920
1524202994765602816
1524202996837494786
1524203002101477384
1524203014004817921
1524203017922306048
1524203019944009729
1524203024423419904
1524203027359490049
1524203028060024833
1524203030178054145
1524203030693953542
1524203031339929605
1524203032031875072
1524203034703671296
1524203040177364993
1524203040676270080
1524203048691810307
1524203063145373696
1524203063837270016
1524203065078730752
1524203065339006976
1524203068170006529
1524203074646126592
1524203076869046274
1524203085496827904
1524203088042766336
1524203090852864000
1524203095630262272
1524203098851487747
1524203100533313536
1524203101451919360
1524203103603544064
1524203104811593728
1524203106485121025
1524203107454173184
1524203108787650560
1524203111870615556
1524203112759803905
1524203115788083200
1524203115993460736
1524203123060924417
1524203123757260802
1524203125191503873
1524203126491910144
1524203127280394240
1524203127821508610
1524203131189735424
1524203131789266944
1524203131827019778
1524203133311856640
1524203133718581248
1524203133756342272
1524203135857659904
1524203139330711552
1524203150592389120
1524203159266074624
1524203162726502402
1524203180053180419
1524203183244984320
1524203185816145925
1524203186873147394
1524203187426705408
1524203187862921217
1524203189607747585
1524203193122516992
1524203194636713984
1524203204178853888
1524203204921069568
1524203209295863810
1524203212017831938
1524203216791035904
1524203216933732353
1524203225120854016
1524203235002576898
1524203240228806657
1524203241793155072
1524203241692712974
1524203242468646912
1524203243508748289
1524203246432182272
1524203246310637568
1524203253289955330
1524203261598781441
1524203263872090113
1524203264174084097
1524203268381024257
1524203270767534086
1524203273187729408
1524203275188322304
1524203291709784064
1524203296226828289
1524203309070000128
1524203318414782464
1524203322512932866
1524203329445941252
1524203332805574664
1524203333543673859
1524203343106781186
1524203346835517447
1524203348798410754
1524203348521590785
1524203349251268609
1524203350744616960
1524203350937415682
1524203352258760707
1524203354863411203
1524203358516621313
1524203359619760128
1524203365135171584
1524203365210763264
1524203366708314112
1524203367085621248
1524203371397267457
1524203372957511680
1524203383560749057
1524203386542907393
1524203391521796096
1524203391479648256
1524203392893169665
1524203393136295937
1524203394822455296
1524203398848987138
1524203399247548418
1524203400463892480
1524203401948676099
1524203410886586368
1524203414216970240
1524203419300503555
1524203422320316416
1524203424216231939
1524203428720828417
1524203436635566082
1524203437356896256
1524203444139028480
1524203445636452352
1524203445737119747
1524203445712048129
1524203450678005760
1524203451663626240
1524203452338868224
1524203454155079680
1524203456856150016
1524203457301090304
1524203458454241283
1524203459037253632
1524203460001890304
1524203461268619266
1524203462979842049
1524203465395761153
1524203469644644352
1524203470311542784
1524203476506615810
1524203483158937601
1524203496282767360
1524203497704542208
1524203511206105090
1524203513609617409
1524203520353705986
1524203524397015041
1524203526531997700
1524203527987507203
1524203532722782208
1524203537370071041
1524203539551117312
1524203541749026816
1524203545909612546
1524203549500088322
1524203550716293120
1524203552780005377
1524203552788426753
1524203556286660608
1524203562317795333
1524203566876999684
1524203568869384192
1524203571725496320
1524203577325105152
1524203578323259395
1524203580500054016
1524203581120860160
1524203584384118785
1524203585998884865
1524203592889954304
1524203594194505728
1524203595746447365
1524203596279123970
1524203599059988489
1524203600989282305
1524203602826469377
1524203604508348416
1524203605770731521
1524203607733661697
1524203616197910529
1524203616361492480
1524203618232160256
1524203619997913090
1524203620627267584
1524203623428763648
1524203634375991296
1524203634543763456
1524203638926852097
1524203643213430784
1524203648154284032
1524203648611500034
1524203655737614336
1524203658988048385
1524203667209035783
1524203669218111489
1524203670383906816
1524203671013445634
1524203672552488961
1524203674817286144
1524203678525272064
1524203682853797888
1524203689975726080
1524203690189598721
1524203695319261190
1524203701526740995
1524203712033533952
1524203716294893568
1524203717112832002
1524203739263156224
1524203745613131776
1524203760884588546
1524203764089245697
1524203766030905344
1524203767499005954
1524203781759508482
1524203782271385602
1524203785895428096
1524203790131511297
1524203790093766658
1524203790789976065
1524203790714511360
1524203791561617409
1524203797416980480
1524203799673516032
1524203802898972672
1524203809001689088
1524203809362358272
1524203813565042689
1524203816358678528
1524203819483115522
1524203823387926528
1524203826630340610
1524203828794388480
1524203831730618368
1524203841322893313
1524203843948621824
1524203844971999232
1524203847471669248
1524203849271103489
1524203851984760832
1524203856879669248
1524203858192392197
1524203861526953985
1524203866383863809
1524203868070068224
1524203883525980164
1524203889481768960
1524203890325045250
1524203894296961024
1524203894548664322
1524203895110598656
1524203898990432257
1524203903969116161
1524203915897618433
1524203917315219457
1524203922918985729
1524203925041205248
1524203926521884672
1524203927800926208
1524203928950292480
1524203929717903361
1524203930460241923
1524203936252583939
1524203938664579072
1524203940027502592
1524203943504453632
1524203943508721664
1524203960663371776
1524203969249419265
1524203976266174470
1524203977121931264
1524203979940450304
1524203982125772803
1524203982369230848
1524203988194775040
1524203993790140418
1524203996583505922
1524204003214913537
1524204008180785152
1524204011490054146
1524204012379070464
1524204016514834437
1524204017504731137
1524204019627212801
1524204019924692994
1524204024316284929
1524204027960905728
1524204036399976450
1524204057870704642
1524204058873061376
1524204063407198209
1524204067748261889
1524204069115551744
1524204075797078017
1524204076409495552
1524204088929525761
1524204093476155392
1524204113265041408
1524204115575853056
1524204124744597504
1524204131556245505
1524204131564535809
1524204137038106624
1524204138174816256
1524204138409648128
1524204141374976000
1524204141937147905
1524204143652581376
1524204144923492356
1524204146949337089
1524204149725880320
1524204163818827776
1524204168222806017
1524204168923254784
1524204176175415297
1524204177903083520
1524204178012348417
1524204178226270208
1524204178431750144
1524204180554063872
1524204180960858112
1524204181644529665
1524204184354045952
1524204185243340805
1524204186556063744
1524204188254699521
1524204195150184450
1524204199088640000
1524204200321708033
1524204203434188802
1524204214871904256
1524204215459106818
1524204218394898432
1524204218260807682
1524204229535150081
1524204230004903939
1524204231263014912
1524204232248803329
1524204235940048896
1524204254029824001
1524204258136301568
1524204258391998464
1524204262435266560
1524204265044123648
1524204267497832449
1524204280869228549
1524204284656726017
1524204290176430081
1524204303988240384
1524204305535885312
1524204307775733761
1524204309142978561
1524204309709213700
1524204315191431168
1524204319284903936
1524204320119418880
1524204327056908289
1524204333457457152
1524204338046021634
1524204338872451072
1524204340055273472
1524204341514678281
1524204341862838272
1524204344161230848
1524204349945266178
1524204361961938944
1524204364155531264
1524204365980082182
1524204369729638400
1524204375069151234
1524204375077441536
1524204375975079937
1524204389258481665
1524204399245070338
1524204403212886016
1524204403565211648
1524204407402942464
1524204409185607680
1524204411819798528
1524204416013938690
1524204416764563456
1524204418664607745
1524204421302870024
1524204430723547136
1524204438616956928
1524204445520830466
1524204451007197184
1524204451426234369
1524204453792043008
1524204457201909763
1524204457214582785
1524204463694655489
1524204466743824386
1524204471659737089
1524204472108392453
1524204472838283265
1524204474117419008
1524204482300882944
1524204489305202691
1524204490957766658
1524204491033264129
1524204495634317312
1524204497261809664
1524204498964688896
1524204501917487104
1524204504140460034
1524204505499246594
1524204509005766656
1524204526126964737
1524204526516977664
1524204528404471809
1524204530522636288
1524204533945090048
1524204543965372417
1524204544997138433
1524204549371748353
1524204549686312967
1524204564089831424
1524204569177296904
1524204580585697283
1524204581743431681
1524204586537476098
1524204588043284480
1524204597128179713
1524204597497282561
1524204601607692288
1524204602966618112
1524204606171103232
1524204608792547333
1524204611380609024
1524204611569012737
1524204620968517632
1524204622495240193
1524204630107959296
1524204635094925312
1524204637359853570
1524204638639116288
1524204639851216896
1524204643391258625
1524204644569858053
1524204644565721088
1524204645056491520
1524204657668771840
1524204661632376833
1524204674525679616
1524204676845031429
1524204682066993152
1524204694364696577
1524204701364867072
1524204702518317056
1524204705160773633
1524204707425574912
1524204713461309440
1524204719119425544
1524204727482916866
1524204739927457793
1524204742649556992
1524204742724964352
1524204748471259138
1524204748638937092
1524204753386831872
1524204758298292224
1524204760508899328
1524204765793693696
1524204766192099328
1524204771812519937
1524204772706123778
1524204778972196864
1524204780431814656
1524204783665836032
1524204785775251457
1524204786404696064
1524204787905875971
1524204794172575744
1524204799385821184
1524204800862302208
1524204803081089025
1524204806138695682
1524204818067296258
1524204820772569094
1524204822035062785
1524204830197174275
1524204830557982723
1524204832051318784
1524204841756680192
1524204842838896641
1524204848098463745
1524204851760185346
1524204854423560193
1524204855576961025
1524204856717754368
1524204859762696192
1524204873599922176
1524204874204073985
1524204874103205888
1524204875155861504
1524204878096224257
1524204887843688448
1524204893954793473
1524204897159294976
1524204903253618692
1524204905304518659
1524204910677569537
1524204915778027520
1524204918529220608
1524204918650945536
1524204919204548609
1524204926137733121
1524204932802519042
1524204932924157953
1524204936141189121
1524204937969762305
1524204940641644549
1524204941782495234
1524204942147391488
1524204944370409473
1524204947654557696
1524204950057668608
1524204956458586112
1524204964238831616
1524204965002153985
1524204965358710784
1524204965845217282
1524204967476744192
1524204972665184256
1524204977153007616
1524204980118372354
1524204980323987459
1524204981745815552
1524204985189294080
1524205002998247424
1524205003140833280
1524205005661777921
1524205018085220355
1524205019557511170
1524205026712993793
1524205028730413059
1524205038494646272
1524205039903989765
1524205043133595650
1524205044081598467
1524205044337459202
1524205047067852807
1524205059231342592
1524205060330332160
1524205063777910784
1524205067053813761
1524205068983181313
1524205070354690048
1524205081532538882
1524205083243814912
1524205088717238272
1524205094258061313
1524205100364795904
1524205104168980483
1524205114529046528
1524205118194958336
1524205120632029185
1524205122523443201
1524205124167610369
1524205125555740672
1524205126847807490
1524205129431281664
1524205136100352004
1524205137337720835
1524205143163490306
1524205146267439104
1524205147311726595
1524205152785387520
1524205155901747201
1524205163145220097
1524205165968072706
1524205166022610944
1524205165959684097
1524205169784852482
1524205180706820096
1524205181247758336
1524205186104926212
1524205187400830976
1524205190538223618
1524205196880060417
1524205199019200517
1524205202399715328
1524205202143862785
1524205207810322432
1524205208674488321
1524205214324113412
1524205232196042752
1524205233030975488
1524205233534029824
1524205245139673090
1524205246989455363
1524205249417863169
1524205264928452613
1524205266195165185
1524205271425323008
1524205271786086400
1524205272528560130
1524205273510031360
1524205277024858113
1524205279100997632
1524205280405372929
1524205281663586304
1524205285711175680
1524205288236232706
1524205290388062208
1524205292468285440
1524205299883773953
1524205299871059968
1524205300626206722
1524205302253506562
1524205304535212034
1524205305290272768
1524205310512177152
1524205316769910784
1524205325213126657
1524205326953639937
1524205327956480000
1524205332116897792
1524205337049722880
1524205338668544003
1524205339456978944
1524205352216326144
1524205352731914241
1524205360113926145
1524205360319504384
1524205361217122306
1524205365449084930
1524205369341394951
1524205372894072833
1524205373045055493
1524205375800905728
1524205379206492162
1524205383077998592
1524205385678303232
1524205398072471552
1524205401356521473
1524205406167478272
1524205407132164098
1524205408478498817
1524205410017693696
1524205417433567232
1524205423255068673
1524205436156715008
1524205440980381697
1524205443031179264
1524205444213977089
1524205446608953347
1524205448668512256
1524205449863651328
1524205455735926784
1524205456071213056
1524205461976850432
1524205464581517313
1524205465231835137
1524205472840130560
1524205473490251776
1524205476652761088
1524205490711973888
1524205492805029888
1524205497154478086
1524205500337836032
1524205509586395136
1524205513340338176
1524205514502156288
1524205521645015042
1524205523016462336
1524205523108835328
1524205525281669122
1524205525931540481
1524205529588912129
1524205531434430464
1524205531392528384
1524205537990217728
1524205543811919873
1524205548224270336
1524205552791924737
1524205559481704448
1524205570848280576
1524205574925258756
1524205576003399680
1524205580289978368
1524205585067040771
1524205592226975745
1524205594630135809
1524205611046608897
1524205616021049344
1524205616536903680
1524205618101469192
1524205623121899521
1524205632454373377
1524205632626298880
1524205633456812034
1524205633607716865
1524205639983054848
1524205640939446272
1524205646362693632
1524205647394480130
1524205648107421696
1524205652972765185
1524205666264621056
1524205667589971970
1524205673684385792
1524205674418343937
1524205676456644609
1524205677111042050
1524205678008668163
1524205678801215490
1524205680252665856
1524205680638533633
1524205687831769091
1524205691195604996
1524205696392347648
1524205698900500480
1524205700804657152
1524205701429665793
1524205703233032192
1524205703086366721
1524205703958831105
1524205707553386496
1524205716092956672
1524205722350899202
1524205725647622147
1524205727962873857
1524205731238580226
1524205732819841025
1524205734069743616
1524205741766492160
1524205745234972672
1524205749202653184
1524205750330920960
1524205754273566720
1524205765665427456
1524205774922264576
1524205775165526016
1524205774825680896
1524205775954059265
1524205779179347968
1524205789409419266
1524205791066181637
1524205801182801926
1524205804513075202
1524205807688208384
1524205807860072448
1524205808879386624
1524205814218637312
1524205814361300993
1524205818773577731
1524205820212400128
1524205825325432832
1524205835987132416
1524205847848669184
1524205848951767040
1524205854588817409
1524205855469568000
1524205862625103875
1524205863631986690
1524205864982388736
1524205866932649984
1524205867381313536
1524205869004726272
1524205869994594311
1524205879024922628
1524205884024360960
1524205884699774976
1524205887744880640
1524205893285523457
1524205894451535874
1524205898234695680
1524205898876571651
1524205899543453697
1524205900160024577
1524205902630375424
1524205903725146112
1524205905864183808
1524205916219973632
1524205917214019585
1524205917482409987
1524205919281856513
1524205923199184897
1524205923400568833
1524205926714118144
1524205928656080896
1524205929796939777
1524205931709542400
1524205939129077762
1524205943503863809
1524205945949233153
1524205947106873345
1524205951070478343
1524205954170081280
1524205954962575361
1524205961157791744
1524205961279422475
1524205963875692544
1524205973036011522
1524205974680129539
1524205986675838976
1524205990224273408
1524205991188967425
1524205992753254401
1524205993147744259
1524206004237488130
1524206008335310849
1524206008368701441
1524206008410812418
1524206008880570370
1524206009689862144
1524206015587176449
1524206030095323137
1524206035090636801
1524206037951152128
1524206037993021440
1524206038664286209
1524206054069968896
1524206056104157184
1524206062626385933
1524206062940864514
1524206069811134465
1524206076618498048
1524206080255008769
1524206087431458816
1524206087225892864
1524206087880298496
1524206091696889857
1524206096562462720
1524206097917227008
1524206099095867393
1524206101608161281
1524206106683133952
1524206108193148931
1524206109560643587
1524206111909462019
1524206111670251520
1524206116137275394
1524206126606213122
1524206136462876675
1524206145338019843
1524206145639956480
1524206148416643072
1524206154859134978
1524206156956246017
1524206168259837953
1524206169241313281
1524206171623591936
1524206178607284224
1524206178871484416
1524206183015653376
1524206186035396610
1524206187020959744
1524206188962922500
1524206194369470465
1524206194629672960
1524206194935709698
1524206199582994433
1524206201172549633
1524206203886346240
1524206206704881665
1524206207720132608
1524206208189562881
1524206208927862784
1524206212413239296
1524206214875336705
1524206219405279233
1524206221716193285
1524206231430307841
1524206240519401474
1524206241974730757
1524206244021428224
1524206244160024577
1524206244462010369
1524206246370459648
1524206248719052800
1524206249885196289
1524206261604167680
1524206265924259848
1524206268130418698
1524206269539696641
1524206272396079104
1524206272916033536
1524206277093646336
1524206277500493824
1524206278595289089
1524206283942944771
1524206289798287362
1524206293275324416
1524206299717816320
1524206300409729024
1524206316599668736
1524206318185181184
1524206319690997761
1524206320072597504
1524206320219570178
1524206321754685442
1524206324250255362
1524206335034028032
1524206339735576581
1524206344198590464
1524206350682705920
1524206351102136320
1524206353623007233
1524206358207373313
1524206371713224704
1524206372069466112
1524206372279128064
1524206372207874049
1524206380336676864
1524206382240649220
1524206383737892865
1524206385285771264
1524206385495306240
1524206395704307712
1524206396400668674
1524206396958330880
1524206399584337922
1524206401471479808
1524206405774987264
1524206411642716162
1524206414608367616
1524206416847769600
1524206417736912896
1524206422816620544
1524206441745235969
1524206442877759488
1524206443070734337
1524206445415309312
1524206449991340034
1524206452797284361
1524206453019582467
1524206457729728512
1524206462385504256
1524206464704864267
1524206465325670407
1524206476008386561
1524206477526941699
1524206479154241542
1524206487207387136
1524206489635860481
1524206497559121921
1524206502118055936
1524206515137265665
1524206529804910592
1524206533336309760
1524206535118934016
1524206542521831424
1524206544090505218
1524206546464518145
1524206558090960896
1524206558955065344
1524206559542525952
1524206559911464962
1524206564034465792
1524206565280124929
1524206575765794817
1524206576017416192
1524206576944369665
1524206579817590784
1524206583215177728
1524206584334852096
1524206585345900545
1524206585966383109
1524206590726791168
1524206595336462338
1524206596011798528
1524206596955463683
1524206598549348354
1524206604979253252
1524206605323096066
1524206605851664384
1524206607046950913
1524206610935078915
1524206612432494592
1524206615364313090
1524206615527841794
1524206620011638789
1524206621743845380
1524206622091980802
1524206623392210945
1524206633496236032
1524206634313994241
1524206638802120707
1524206642140692481
1524206643990327296
1524206653024968704
1524206653687537664
1524206654757212160
1524206655252176897
1524206656132829185
1524206657525407745
1524206658943135744
1524206659408744449
1524206661115817984
1524206671136014336
1524206672352354311
1524206676483653633
1524206676915757057
1524206677314129921
1524206680036106240
1524206681340719104
1524206682045353986
1524206687678259200
1524206689179815937
1524206691432247302
1524206695634771970
1524206697413324801
1524206697979416576
1524206704447180800
1524206708620361728
1524206709090177024
1524206710038147073
1524206711770431488
1524206719697661952
1524206724256833536
1524206726567890948
1524206734214115330
1524206735220744194
1524206738337333249
1524206738890653696
1524206746763472898
1524206751582769152
1524206753528918016
1524206757098131458
1524206759145050112
1524206762601164801
1524206762659876864
1524206763041427457
1524206764782149635
1524206768829743105
1524206771543359494
1524206772101292032
1524206772482936837
1524206772801650691
1524206773149839362
1524206776135999489
1524206777042100224
1524206780124999681
1524206783656460288
1524206786898763779
1524206803197865984
1524206805315952641
1524206811255308288
1524206811389255681
1524206812995723265
1524206814631706624
1524206819819888641
1524206820331503617
1524206825654128640
1524206832411193345
1524206834646765570
1524206838518063104
1524206848433594368
1524206859623804928
1524206861897060352
1524206862190657537
1524206872294735873
1524206875113365504
1524206879248990209
1524206879701749761
1524206886639529984
1524206888090492931
1524206889575268352
1524206897389355012
1524206901873029120
1524206903316070400
1524206914678177793
1524206917559615488
1524206918507679744
1524206920600408064
1524206928251002881
1524206929320554496
1524206936991936512
1524206948358365184
1524206951206428673
1524206954003972097
1524206955153162240
1524206958047338496
1524206961939652611
1524206963478904832
1524206964783386625
1524206966872150016
1524206972345765894
1524206973494906881
1524206978846785536
1524206981086654465
1524206987692572673
1524206992394534915
1524206993342353411
1524206998996279302
1524206999235444739
1524206999810064385
1524207000816656384
1524207002901229569
1524207017472057344
1524207021008031745
1524207022412951552
1524207025470808064
1524207027546959874
1524207030696919040
1524207041203609601
1524207041950228481
1524207047956484096
1524207052469456897
1524207055099375616
1524207056672247810
1524207057557233666
1524207060589506560
1524207066046517249
1524207066726137856
1524207067032129537
1524207076897026048
1524207080424546307
1524207081955508225
1524207086124605442
1524207088817168385
1524207110577438720
1524207114176331779
1524207116625580032
1524207124481519617
1524207127224635392
1524207129585926148
1524207136565346306
1524207137626509313
1524207151777992711
1524207152625160197
1524207153850253312
1524207157935099904
1524207158149144579
1524207161793994752
1524207166202462208
1524207171923111937
1524207174448209922
1524207192861257729
1524207207361179648
1524207208396853248
1524207212830281729
1524207214537359362
1524207217247133697
1524207218979225601
1524207220803653632
1524207223374766083
1524207224180121600
1524207233763930112
1524207240743370752
1524207243616563200
1524207251464019968
1524207255071371264
1524207262591504389
1524207263472304130
1524207270166503426
1524207273132044288
1524207291284828160
1524207291943239680
1524207291783950336
1524207295927783424
1524207296406069255
1524207304270307329
1524207306577412096
1524207307344785409
1524207307940372482
1524207310050111491
1524207312545660928
1524207319231434755
1524207322117156868
1524207322527977472
1524207323069173763
1524207323148816384
1524207324151308288
1524207328437833730
1524207328739921922
1524207332586098688
1524207338063863809
1524207345001238529
1524207346108727297
1524207346901213187
1524207350218956801
1524207351208812546
1524207357592539138
1524207358980857858
1524207359828107268
1524207372771762176
1524207374260748288
1524207377603518466
1524207379302305792
1524207379625086976
1524207382263627776
1524207384666808321
1524207420012220416
1524207421148712960
1524207427880570881
1524207429206085633
1524207431072600069
1524207436097376258
1524207437481394177
1524207443051520002
1524207447489064960
1524207448910876672
1524207450538315777
1524207452824211459
1524207453503635456
1524207458381668352
1524207458432032771
1524207460281552896
1524207460269137922
1524207463351914503
1524207474642882561
1524207495652294663
1524207497120210944
1524207497678135297
1524207506121461765
1524207506200870919
1524207506511212544
1524207509179109377
1524207514199412736
1524207515197657091
1524207525767356417
1524207533321338880
1524207534671810560
1524207539755405313
1524207541030432768
1524207541961510912
1524207551541350402
1524207552438882304
1524207559057584128
1524207562220003328
1524207565780832258
1524207566875766792
1524207569564278789
1524207587876552705
1524207588501467136
1524207589311107072
1524207599650066432
1524207603974348802
1524207614137188353
1524207625570709504
1524207628573941767
1524207628750102528
1524207631065391104
1524207633632215045
1524207637184892928
1524207640120893441
