1525974289253646337
1525974299567349761
1525974305435164674
1525974306223554560
1525974306978684929
1525974308648017922
1525974308983492608
1525974310258622466
1525974311105925122
1525974314620801026
1525974315258224640
1525974317523165185
1525974320018620418
1525974322203938816
1525974325698129920
1525974333830615043
1525974337714638849
1525974338549256195
1525974340419915776
1525974342634332163
1525974343855087616
1525974344102445057
1525974346434478080
1525974349529985025
1525974350570176515
1525974351039930368
1525974352369528832
1525974352340074496
1525974357830520833
1525974360263204864
1525974363329007616
1525974370321145857
1525974371482968065
1525974371558367233
1525974373001269254
1525974374469324805
1525974375350124544
1525974377002590211
1525974377623322624
1525974385231908871
1525974388402790400
1525974390462111744
1525974391116353537
1525974399387684864
1525974403154067459
1525974401887387648
1525974408891867136
1525974410993324033
1525974411592880128
1525974412276670469
1525974415250493440
1525974417381199873
1525974417272193026
1525974422116605957
1525974422686932999
1525974422884057092
1525974424314429441
1525974427992735744
1525974429825630208
1525974430391869441
1525974436138127360
1525974442958065664
1525974444899975168
1525974446342914048
1525974448612036611
1525974450264543240
1525974451677892608
1525974451677933569
1525974459273859072
1525974459546574850
1525974460645384196
1525974460993622016
1525974461081600001
1525974464047067136
1525974465678565376
1525974466399981571
1525974468581281792
1525974468639834115
1525974470036529154
1525974471106076672
1525974472204898304
1525974471173095426
1525974475598069761
1525974476785037314
1525974478202748928
1525974483974213634
1525974484830027777
1525974484510990338
1525974489699389441
1525974493558099969
1525974493558099970
1525974499233091584
1525974504983363584
1525974506837266434
1525974516421255170
1525974518530973697
1525974526156210177
1525974528890916865
1525974531487178760
1525974533815119878
1525974534335221760
1525974539443884032
1525974542291808257
1525974542245580802
1525974546175729665
1525974546788102145
1525974548339884032
1525974554111270913
1525974554446909448
1525974559232512002
1525974559563857924
1525974560310427650
1525974560683720712
1525974561526792192
1525974562550292480
1525974563737198597
1525974568086675456
1525974570263384065
1525974571685449740
1525974576878047233
1525974580183158784
1525974580451586048
1525974586860441600
1525974589234286592
1525974590454960145
1525974592438796288
1525974592510218240
1525974600835899392
1525974600957444098
1525974604073902089
1525974605923500033
1525974606108012544
1525974609719345152
1525974614421254145
1525974617692819463
1525974628337852417
1525974628417654784
1525974628434337793
1525974629214474241
1525974629491294209
1525974640774074368
1525974642447601665
1525974654124314624
1525974657870053377
1525974663116881920
1525974663456862210
1525974670473822208
1525974673074290688
1525974673170776065
1525974673531539456
1525974673602887680
1525974676803145728
1525974676983492608
1525974678346555395
1525974678329872384
1525974688828166144
1525974690170281991
1525974693047635968
1525974695266373634
1525974695874596864
1525974697657114624
1525974698978381824
1525974701293568002
1525974701956382720
1525974706624638976
1525974707887030274
1525974709849817088
1525974716602896404
1525974718242820098
1525974721375920128
1525974726715355140
1525974727659077637
1525974728707608576
1525974729231941633
1525974729240215560
1525974732910346245
1525974733241651200
1525974734458220544
1525974737700143112
1525974738434199553
1525974743781761024
1525974745920983044
1525974746587873281
1525974750056566789
1525974750371229701
1525974764027752448
1525974765902651393
1525974772299051009
1525974776384262144
1525974782033788930
1525974782050803712
1525974782415601666
1525974788392484867
1525974788375822337
1525974790397370370
1525974790871429122
1525974791055876097
1525974791743758337
1525974792037453824
1525974793333374979
1525974794281185281
1525974795090907136
1525974798139936768
1525974799037648902
1525974802556674048
1525974802925727745
1525974805509550082
1525974807107489794
1525974808068083712
1525974809326149632
1525974809674498052
1525974809670197257
1525974811348021252
1525974811872223244
1525974811884888064
1525974812593733632
1525974813273210884
1525974818268520449
1525974818658603011
1525974823255609344
1525974825067495424
1525974826162192385
1525974828884406274
1525974828842360832
1525974829865881600
1525974834248830983
1525974836299841536
1525974836333486087
1525974837595979776
1525974840267636738
1525974843153334275
1525974843102859264
1525974844835348480
1525974846848618503
1525974847247073281
1525974849289703427
1525974852343148547
1525974857346912256
1525974861922942976
1525974873012592646
1525974873645924353
1525974874417680385
1525974875432681478
1525974875655000064
1525974881028001795
1525974883427139584
1525974886237216768
1525974887889772546
1525974888791650305
1525974895154278400
1525974896056098817
1525974900120297473
1525974905606504450
1525974906520973312
1525974909964455936
1525974910589444096
1525974912674013193
1525974915865661441
1525974923755282433
1525974922534739969
1525974926762688512
1525974934077456386
1525974935696560130
1525974937630023682
1525974945980895232
1525974953325117440
1525974957787734018
1525974963085185024
1525974963462754310
1525974964217815040
1525974964863651842
1525974967208366082
1525974972975435791
1525974976146423815
1525974978251960322
1525974978600091648
1525974980030304260
1525974987265478656
1525974989895245824
1525974991283662850
1525974999168868352
1525975000036954112
1525975000766898182
1525975000842489857
1525975007570034690
1525975010657153027
1525975011693146112
1525975012456398848
1525975015056740352
1525975024447913987
1525975026377187330
1525975026478071814
1525975027723673602
1525975028902285312
1525975035055308807
1525975034979831808
1525975036246597633
1525975037940989959
1525975038096285696
1525975038347837441
1525975040440750081
1525975045838864384
1525975048259047424
1525975048166727682
1525975050427441153
1525975055464816643
1525975058732224523
1525975059617222658
1525975061156376576
1525975063643705344
1525975065342394368
1525975067804553217
1525975068714713091
1525975068630822912
1525975074964131842
1525975080190222337
1525975086632673293
1525975090109767681
1525975090713739267
1525975091208720385
1525975091548413954
1525975094023049217
1525975094115409921
1525975096099233795
1525975099291193347
1525975103057670144
1525975104005472256
1525975105708474369
1525975106249543684
1525975106719301633
1525975106970959873
1525975110204772354
1525975112272470022
1525975113060999169
1525975115594403840
1525975121890095105
1525975133780836353
1525975139782991872
1525975140093263872
1525975140168867841
1525975141976530944
1525975142932926467
1525975145969553411
1525975150738427904
1525975154798407681
1525975155326984193
1525975156858011648
1525975157755478017
1525975160775401473
1525975161073291266
1525975164667801603
1525975165082943488
1525975166995599360
1525975168920829952
1525975172708179970
1525975173618352129
1525975177292656640
1525975184305422336
1525975185794420738
1525975186817916929
1525975189623816193
1525975190152400897
1525975191658061824
1525975194497695745
1525975195223134208
1525975196372504578
1525975199308558337
1525975202907185153
1525975205402886145
1525975212491145218
1525975215611723776
1525975217738244102
1525975221345345537
1525975224163909632
1525975228798709760
1525975229633273858
1525975231155904512
1525975232426782721
1525975233441763329
1525975235471806465
1525975238328057858
1525975242811785218
1525975247102550017
1525975250181181440
1525975252156792837
1525975252500717570
1525975252596977664
1525975253977112576
1525975256107712513
1525975257743511552
1525975261208002560
1525975261363113986
1525975265217740803
1525975265775702022
1525975266060906497
1525975266157371394
1525975268103446528
1525975273816064003
1525975276664012800
1525975278517985281
1525975280862564353
1525975282766729217
1525975283215568910
1525975283634937858
1525975285354713089
1525975285384060930
1525975290547261440
1525975295295164417
1525975297623048193
1525975301100126209
1525975302115328001
1525975302291300352
1525975306196209672
1525975307672399872
1525975308704403460
1525975312647000067
1525975313729060864
1525975315931189250
1525975316530974721
1525975319152312320
1525975323879301122
1525975329189265408
1525975332683120643
1525975333903777795
1525975344242638849
1525975345966600193
1525975347241558016
1525975350953623554
1525975353168126003
1525975356909428736
1525975359430205440
1525975360424366080
1525975361808486402
1525975370528395264
1525975373950898177
1525975374429028352
1525975374022299648
1525975376660398080
1525975379063848960
1525975390266834947
1525975390963089410
1525975392779223040
1525975393819586560
1525975400807116803
1525975401557794816
1525975402581266437
1525975404066050050
1525975404670070785
1525975404586098708
1525975405588512768
1525975408340090881
1525975410407882753
1525975418532134912
1525975422269284352
1525975423116627969
1525975423502491650
1525975424076943360
1525975425624817665
1525975427294146561
1525975445837053955
1525975452275421184
1525975452254449678
1525975453554683905
1525975470990249985
1525975471535579142
1525975472412188673
1525975474022645760
1525975475645841408
1525975481937448960
1525975493673197570
1525975498978902023
1525975498593017856
1525975500358836224
1525975504117026819
1525975505710764037
1525975507812200450
1525975513126297600
1525975523935113218
1525975524685889536
1525975525608521729
1525975527474966528
1525975529467297793
1525975529811222529
1525975531107373059
1525975537159655425
1525975541341298688
1525975541412683776
1525975541949599756
1525975542469922817
1525975544696823808
1525975548765274114
1525975550992556033
1525975553970405376
1525975554616344576
1525975558781288453
1525975560542896130
1525975561679646721
1525975566964383745
1525975572299538432
1525975572450578432
1525975574895898630
1525975576829431808
1525975577567580161
1525975578452574208
1525975581036273665
1525975587189186560
1525975598694387712
1525975599650590720
1525975601286356992
1525975616155172872
1525975623155470336
1525975626716483586
1525975634299834375
1525975637667758092
1525975641560064016
1525975642034081794
1525975642772316160
1525975645838352384
1525975648409378816
1525975653413158913
1525975653656444929
1525975654268796928
1525975659755053056
1525975660707078144
1525975664695844864
1525975665090215937
1525975667476684801
1525975668768620546
1525975669166972931
1525975669250875394
1525975671478140929
1525975672098852873
1525975673659179012
1525975675353632768
1525975677081726986
1525975677606019076
1525975678188912640
1525975681385091072
1525975685050904576
1525975687387283456
1525975688511213590
1525975697915002880
1525975698120351746
1525975700519505925
1525975703648362499
1525975706424840192
1525975710770282498
1525975711776792576
1525975716394827776
1525975718336905216
1525975719683276801
1525975720790466560
1525975723692937217
1525975724842024961
1525975729053216768
1525975730504355848
1525975730873683968
1525975731347640321
1525975733121736709
1525975740285702144
1525975742043021312
1525975746023505926
1525975750934794240
1525975758165970944
1525975763769516034
1525975764562325504
1525975765103194113
1525975765266771971
1525975769247358976
1525975769758965760
1525975770040045568
1525975770094608385
1525975772351045632
1525975773533847553
1525975774637039616
1525975776260247557
1525975776973160448
1525975781255614465
1525975784594325505
1525975785244327938
1525975790373986304
1525975797395206144
1525975797772996608
1525975799483998209
1525975808975806466
1525975809416110085
1525975809739087878
1525975810577813505
1525975813887250436
1525975818433925124
1525975819776032769
1525975824213721090
1525975827892019201
1525975828370272257
1525975832916856833
1525975835186016257
1525975836129624066
1525975845776637955
1525975846388899841
1525975846321790976
1525975848595165186
1525975850998538240
1525975852609060865
1525975861157150721
1525975861933088768
1525975862331555840
1525975867490435074
1525975871336718336
1525975882602520577
1525975883655299074
1525975885182078976
1525975886360715265
1525975888940175360
1525975892354293763
1525975894631792641
1525975894174707714
1525975903947333632
1525975906501767169
1525975909634826240
1525975916974903303
1525975918308646921
1525975918614831104
1525975919176953857
1525975919055228930
1525975920393199616
1525975924814249984
1525975926869221376
1525975929482256388
1525975933852823553
1525975936985927680
1525975941805010944
1525975941947719681
1525975942652370944
1525975944669831171
1525975947643473921
1525975950395154432
1525975955776229376
1525975960297807873
1525975961430282240
1525975963842007041
1525975964655792128
1525975965591080962
1525975970947153922
1525975979272830978
1525975979205722114
1525975981185544194
1525975982129270784
1525975986822598656
1525975998180872193
1525976001322287104
1525976004820406272
1525976005910880256
1525976007550853122
1525976011682287616
1525976012722421760
1525976013934559234
1525976014421217282
1525976015813627909
1525976023602454541
1525976023682240512
1525976032523829249
1525976033316446211
1525976039050059777
1525976041260568576
1525976044053975040
1525976045509222400
1525976048609140736
1525976051045769217
1525976053285588992
1525976053985984512
1525976060143316993
1525976062684909568
1525976062760558593
1525976063490134016
1525976064933216256
1525976066908573696
1525976071656525824
1525976074634641409
1525976079642525696
1525976081047736320
1525976083887267841
1525976089700581376
1525976094649761793
1525976100144291842
1525976101855559681
1525976105827573761
1525976107106934784
1525976107471839232
1525976110319779841
1525976114274893828
1525976132532715522
1525976133786914825
1525976135091249152
1525976137079615488
1525976140510384128
1525976141068124160
1525976141856526336
1525976149238628352
1525976150195019776
1525976151902105602
1525976152569008128
1525976152677879809
1525976157929218049
1525976163511853056
1525976167018266624
1525976167932645376
1525976168653914112
1525976171569000448
1525976173020332035
1525976172982636546
1525976174781992960
1525976176438689792
1525976188895756289
1525976190732877830
1525976190745423872
1525976193815691266
1525976194797248513
1525976201596108800
1525976203856863232
1525976204771315715
1525976205660409856
1525976207598178304
1525976213994749953
1525976215772975104
1525976219401039873
1525976222643245056
1525976229127589891
1525976230759223296
1525976230771695618
1525976236245274624
1525976237923090432
1525976240645193728
1525976242486394881
1525976243413426178
1525976249553899520
1525976254217846795
1525976255656562688
1525976255664906247
1525976261012725760
1525976262094864385
1525976264137494529
1525976272454705152
1525976283343093760
1525976285209567232
1525976286853726210
1525976291140579328
1525976291496845318
1525976298216206336
1525976302200557568
1525976302838288384
1525976305912664066
1525976307451969536
1525976312061517825
1525976315907788804
1525976315882573830
1525976319540051970
1525976322136322049
1525976337206345729
1525976344244502528
1525976347633401857
1525976348120043521
1525976348728107008
1525976349118083074
1525976351068639233
1525976362787520512
1525976364364570624
1525976367929733127
1525976369901060101
1525976376095956993
1525976376230264837
1525976391455543299
1525976403480551425
1525976403732271104
1525976408895459328
1525976409251913728
1525976418386968576
1525976420807323648
1525976421683843073
1525976427006513152
1525976428424077321
1525976431997616129
1525976433285287939
1525976435722264577
1525976440541310976
1525976441380294657
1525976441896194048
1525976446132420608
1525976446359019525
1525976447768268811
1525976448334544898
1525976448628056064
1525976448930029568
1525976452084006913
1525976453866659840
1525976462997741569
1525976468165124098
1525976470434336768
1525976472401465344
1525976476130103297
1525976479263342592
1525976480404193282
1525976482429952003
1525976490692775936
1525976493846839297
1525976495184822277
1525976495746912259
1525976501627236352
1525976509927854081
1525976511307825153
1525976515015585794
1525976517083287552
1525976520543584257
1525976520887517186
1525976521474822146
1525976523714572289
1525976525417349121
1525976526847631363
1525976530052071424
1525976531654299648
1525976536410738689
1525976538931511296
1525976540672147458
1525976542010130433
1525976542974730245
1525976544858017792
1525976546032332801
1525976547924094979
1525976550235152384
1525976550897745920
1525976552240029700
1525976554777595905
1525976555519848448
1525976555008180225
1525976560003690496
1525976564634112001
1525976565934342144
1525976569126260738
1525976570846134272
1525976573874257921
1525976576315228161
1525976576525049862
1525976576311144449
1525976580689907712
1525976581780361216
1525976592786329606
1525976594065547264
1525976594363428864
1525976596175282177
1525976599979773952
1525976600386445315
1525976600696725504
1525976603611758598
1525976604974923776
1525976612398804992
1525976612616945664
1525976616895143936
1525976629176066048
1525976635194888194
1525976638999117824
1525976640962060288
1525976644900556800
1525976649069633536
1525976653142364160
1525976653486252035
1525976657013661696
1525976661015113728
1525976664454332422
1525976670833987590
1525976671668649984
1525976671915868160
1525976674160062464
1525976676353679363
1525976678979321863
1525976681239953409
1525976688227762182
1525976692317372421
1525976693206294530
1525976695379046403
1525976696796626944
1525976697362911232
1525976707487911936
1525976707701817344
1525976708272250880
1525976709140516864
1525976719726813185
1525976720746024960
1525976721744355328
1525976736114036739
1525976736713818112
1525976742825021442
1525976743495999488
1525976749783363585
1525976751330971651
1525976752719335425
1525976755835740160
1525976757219868672
1525976760113762304
1525976761099427842
1525976764706656256
1525976767235706881
1525976774693203969
1525976775490150401
1525976780720508928
1525976782989582341
1525976783996305409
1525976789050335235
1525976794670714881
1525976797908803585
1525976800345567233
1525976805072678913
1525976810378387457
1525976813100576768
1525976818674802689
1525976821015117827
1525976821652766729
1525976824123203584
1525976825020686339
1525976828002897922
1525976830842396675
1525976834961289226
1525976844020985857
1525976845715382274
1525976855517462530
1525976856880717839
1525976861989380101
1525976862182236160
1525976864904421380
1525976867639017472
1525976870117904384
1525976871825027074
1525976873150423040
1525976875088084993
1525976881580978184
1525976886999924736
1525976887977201672
1525976892318392321
1525976894239285249
1525976896500023296
1525976899008069632
1525976901138923521
1525976902325915649
1525976903722872832
1525976903718293504
1525976906243489793
1525976909804363776
1525976912325132288
1525976915894489088
1525976917681360897
1525976918361018369
1525976927131123712
1525976929786118145
1525976930201247745
1525976932529184769
1525976933921603586
1525976935146262528
1525976935876157441
1525976939474964484
1525976941509103616
1525976947641155585
1525976948421406720
1525976948865908738
1525976950128447488
1525976951210627075
1525976953693646848
1525976959834017792
1525976961197154305
1525976962266693633
1525976969279680520
1525976981770326017
1525976989085097986
1525976990720966661
1525976990473457664
1525976992528621569
1525976993505759233
1525976994139078656
1525976996202823680
1525976996982947841
1525977003261927427
1525977005489065990
1525977013529477125
1525977013466587137
1525977015190532098
1525977017912524801
1525977019917426689
1525977026934480906
1525977030327775232
1525977038653464578
1525977041627189250
1525977043846025216
1525977046257741824
1525977046438002691
1525977047457312768
1525977049059495936
1525977049302810624
1525977052435910656
1525977052519735305
1525977060249849857
1525977066067329027
1525977068349136896
1525977070798618625
1525977071054462976
1525977073378107393
1525977077807206400
1525977083062657024
1525977088926392320
1525977091136708611
1525977093917626368
1525977101656104962
1525977103845425152
1525977104562667524
1525977104654995459
1525977106043138048
1525977107830022144
1525977108195217409
1525977108845056001
1525977109268729856
1525977110103396354
1525977112284278784
1525977112812740608
1525977117766320128
1525977119175630859
1525977124875735042
1525977124628209664
1525977126394073089
1525977137265655810
1525977137584406528
1525977145771696128
1525977146363101187
1525977153325740032
1525977154139344896
1525977159038279680
1525977162448347137
1525977168609787908
1525977169851187208
1525977172212588553
1525977174917931009
1525977179460337665
1525977185386913792
1525977187412692993
1525977187890909185
1525977191573594113
1525977195876712448
1525977196728393728
1525977197009420289
1525977198485819394
1525977200532803584
1525977203334434817
1525977205179916288
1525977206979182593
1525977207012741120
1525977209890013190
1525977210938707968
1525977213086097409
1525977214939979778
1525977216777060353
1525977226415570947
1525977229028741121
1525977231125843968
1525977243410907142
1525977247609262080
1525977256115507201
1525977263644327936
1525977271521185792
1525977276239818754
1525977283223343105
1525977284489920512
1525977293885263873
1525977299039969280
1525977301195886592
1525977301522997248
1525977303871791105
1525977303884472320
1525977306086481921
1525977317603942402
1525977320028348418
1525977321039183874
1525977322054098946
1525977322939088897
1525977326579744771
1525977327003475975
1525977331084451841
1525977333265575936
1525977339741491201
1525977345772879873
1525977351858925568
1525977357575770112
1525977362977939457
1525977365075083265
1525977365511282688
1525977368124346369
1525977372750749697
1525977372696117252
1525977374319427585
1525977377272123394
1525977379310559234
1525977380279529472
1525977383995682819
1525977391620833280
1525977394254950401
1525977397002178560
1525977398902243328
1525977400089227267
1525977403553730560
1525977404719652864
1525977410545537024
1525977413733187584
1525977413607378946
1525977422948028416
1525977423250079745
1525977423711444993
1525977430678183937
1525977432255496192
1525977432494325760
1525977441675657217
1525977441763745792
1525977441839333376
1525977441772216321
1525977445740032000
1525977447283294208
1525977450512982016
1525977468645031942
1525977469030834176
1525977469983006721
1525977478015201282
1525977486898745345
1525977487074742272
1525977488668639235
1525977496692334592
1525977498516848644
1525977510500044801
1525977510604857345
1525977512886603776
1525977513217998850
1525977513444384769
1525977514757304320
1525977516334272513
1525977517605232641
1525977520125927426
1525977520306372609
1525977521937850368
1525977523582124032
1525977524177473536
1525977527583391746
1525977534952873986
1525977534978043904
1525977535833681922
1525977541328179202
1525977546369576961
1525977549913866241
1525977553365872649
1525977553370071044
1525977554334756865
1525977557627195393
1525977562362613760
1525977564392603649
1525977564816318464
1525977566515019779
1525977568226197505
1525977571455864835
1525977576992346112
1525977577290072064
1525977579085340672
1525977582835060736
1525977583606718466
1525977586677035009
1525977587574394880
1525977595090706432
1525977599880609793
1525977600694304770
1525977601780633742
1525977605811445760
1525977608889974790
1525977611729571841
1525977612966940674
1525977613088477184
1525977614875172864
1525977617521836037
1525977618356502528
1525977620130631681
1525977625616842759
1525977627181318144
1525977628678795265
1525977629723004928
1525977631337816064
1525977633875427328
1525977641043562497
1525977645690781696
1525977647003615232
1525977647653834752
1525977647498543115
1525977651499962370
1525977658084929537
1525977658256932864
1525977659259461633
1525977663126392832
1525977676766490625
1525977677072842752
1525977679434027008
1525977680084099072
1525977681015230467
1525977682579693571
1525977683493912576
1525977684098093059
1525977688569171968
1525977692855754752
1525977693027721216
1525977693287751680
1525977696093802496
1525977696920035329
1525977698463629312
1525977698832613376
1525977701462560770
1525977703735824384
1525977704293605377
1525977705472311305
1525977710350286851
1525977710878760960
1525977716914327553
1525977720215199751
1525977723277037568
1525977725688852481
1525977725646913536
1525977741962760192
1525977744294789120
1525977744097439744
1525977750041161728
1525977750334369792
1525977751957557248
1525977752675004417
1525977754230960128
1525977760346300420
1525977762074329089
1525977762540011522
1525977762955149314
1525977763416522753
1525977765882777601
1525977771369021440
1525977774481080320
1525977779157835776
1525977783230398471
1525977783633076224
1525977789375078400
1525977794722906112
1525977798258700291
1525977798849875968
1525977800796213248
1525977802788712448
1525977803174334464
1525977810359181317
1525977810694701056
1525977813597175809
1525977813949501443
1525977815602106370
1525977818227671048
1525977821427945472
1525977829275537408
1525977830521176065
1525977835550167040
1525977838481989632
1525977840520294402
1525977841128587271
1525977846526754817
1525977851153076224
1525977853623402496
1525977865040297986
1525977866814603264
1525977867187896329
1525977867460419585
1525977872447545344
1525977873823125504
1525977875899359232
1525977877543624708
1525977884107612160
1525977885009498113
1525977893154738177
1525977893653848064
1525977894664675331
1525977897319772160
1525977904621965312
1525977904948973574
1525977907423629312
1525977911274135553
1525977911651708928
1525977915443367936
1525977916747694080
1525977929217368068
1525977940411920384
1525977944153366530
1525977955645550592
1525977955687612420
1525977958032228354
1525977959303110684
1525977965351292937
1525977971563106304
1525977972896931840
1525977973953806337
1525977979612012545
1525977981419757570
1525977981746831360
1525977982413717505
1525977987656650760
1525977989833449477
1525977992454889473
1525978003955662849
1525978006530965506
1525978007571152897
1525978011320852480
1525978014445707265
1525978015712350208
1525978023777943552
1525978030480445443
1525978036910407683
1525978039825227776
1525978043612790785
1525978049816236039
1525978056954982400
1525978064299212802
1525978071186255873
1525978072406577152
1525978072243130368
1525978072494874624
1525978074097106945
1525978077641297920
1525978077871882253
1525978080224886784
1525978080182820864
1525978084280881158
1525978085778022400
1525978087040733186
1525978090832154624
1525978095077015553
1525978098285649920
1525978111535349760
1525978115847114755
1525978119471042560
1525978125519159297
1525978125909344256
1525978129025617922
1525978130447572992
1525978131143737344
1525978134339796992
1525978137766641665
1525978145962135552
1525978151460827136
1525978151544832000
1525978154187296768
1525978156745822209
1525978159287500800
1525978159782535169
1525978161439293440
1525978162810605569
1525978162945040391
1525978167046918144
1525978167311228928
1525978168624140288
1525978171249725440
1525978172642275330
1525978173615157248
1525978174496047104
1525978174449782784
1525978178249949185
1525978185069912065
1525978187125010432
1525978187473231877
1525978189226463234
1525978190639931392
1525978193336967169
1525978196994310144
1525978200408457216
1525978200660131842
1525978205114572803
1525978206083371008
1525978207794626561
1525978210256797696
1525978216275529731
1525978217038942208
1525978217009618951
1525978219677097984
1525978225616343041
1525978225725386754
1525978229764509696
1525978232247418880
1525978232293572609
1525978235191836672
1525978239205883904
1525978240124329986
1525978241038786560
1525978241466515457
1525978242003476486
1525978247158185985
1525978247627952129
1525978249771220995
1525978252942139394
1525978258810052608
1525978261720686592
1525978266926043138
1525978267223830536
1525978268763049984
1525978273599070208
1525978275859906562
1525978276333768705
1525978281073422336
1525978281199251456
1525978283761868807
1525978286278467586
1525978292712521733
1525978294877028352
1525978299930923009
1525978300182675456
1525978303303143426
1525978306709004294
1525978309112250368
1525978315139559424
1525978315558776832
1525978318167842817
1525978319535087616
1525978319883276292
1525978327542026244
1525978331874840576
1525978332872982528
1525978342998122502
1525978352309313538
1525978353395810307
1525978355765587968
1525978357506134024
1525978372416872450
1525978373486436354
1525978374241501184
1525978379303981062
1525978385612214273
1525978390263627778
1525978391328989184
1525978391656153092
1525978392671428608
1525978393065422849
1525978396408389633
1525978397997944835
1525978398375530496
1525978399742763010
1525978407829487616
1525978409666494464
1525978409783918594
1525978413986680834
1525978413969940482
1525978415618265088
1525978422035550215
1525978424358993920
1525978424816418818
1525978426179452928
1525978428238872577
1525978432819060737
1525978436052860928
1525978437005058048
1525978437596356614
1525978442533060609
1525978444131090432
1525978445339148289
1525978447004188673
1525978451479601157
1525978451987025920
1525978453006340098
1525978455585734656
1525978455975804928
1525978455942250496
1525978459578695701
1525978479896023043
1525978489530236936
1525978489802874882
1525978498359341058
1525978505321799681
1525978507024662531
1525978510023700483
1525978511319744512
1525978519209230337
1525978534212423680
1525978539278802944
1525978543347359754
1525978543548768256
1525978545398456322
1525978549018329088
1525978552168067073
1525978554084864001
1525978556861497344
1525978556920102914
1525978559298273280
1525978564356718605
1525978566189633537
1525978574242684930
1525978575534493697
1525978577434341376
1525978579011612672
1525978579376521217
1525978580634812416
1525978583163932674
1525978591003131904
1525978593674858498
1525978594996064257
1525978595675480064
1525978597030256641
1525978598104084480
1525978599655985153
1525978600406761472
1525978605687291904
1525978609332236290
1525978611173494785
1525978613753036808
1525978613601951748
1525978614478516224
1525978616055595009
1525978619792674817
1525978622141640705
1525978623152377857
1525978625698308096
1525978626763677696
1525978628068188160
1525978631893311490
1525978639807954946
1525978640860823554
1525978644866158593
1525978650520297472
1525978651627429889
1525978666718699520
1525978668073369608
1525978668811550723
1525978670762016768
1525978671038726145
1525978673974845442
1525978674276835330
1525978676453593088
1525978680165556224
1525978680350097412
1525978680958279680
1525978683630145538
1525978684397608961
1525978704110923776
1525978718342094848
1525978722888728576
1525978727783473155
1525978741633011712
1525978745038938112
1525978748427943937
1525978754937507840
1525978759563816961
1525978765494345728
1525978769282203648
1525978771383369728
1525978774067716106
1525978775485304833
1525978777204973572
1525978779625082880
1525978785044111360
1525978786574962688
1525978789368549377
1525978793751584769
1525978796968398848
1525978802009935872
1525978808473604102
1525978808909582337
1525978814374887425
1525978817436721153
1525978824181178369
1525978828904046593
1525978833421225984
1525978845991559168
1525978846490775554
1525978846662520833
1525978852643721216
1525978854015254528
1525978855709745152
1525978859929313280
1525978862928150528
1525978863381188610
1525978865432248327
1525978865604218880
1525978871056715785
1525978876987441152
1525978877255884803
1525978877847289856
1525978878350589952
1525978880753934337
1525978882754609152
1525978886324031489
1525978889503350784
1525978895144693760
1525978895627034625
1525978900899176454
1525978905382903810
1525978909539545090
1525978912572035072
1525978913192693763
1525978914266435586
1525978914702491648
1525978923938590725
1525978924420935680
1525978924500537349
1525978926803206144
1525978928304758785
1525978928371978241
1525978931626663936
1525978933610500097
1525978934474461185
1525978935254732802
1525978937100222470
1525978941399482368
1525978944289361920
1525978949771223043
1525978952032038912
1525978953994883075
1525978957480329217
1525978959426600963
1525978962341535746
1525978970092707841
1525978975671095301
1525978976308678660
1525978979051634690
1525978989180878848
1525978992385433600
1525979007036047361
1525979010240393216
1525979014594035712
1525979016204886016
1525979020403302405
1525979020545994753
1525979022844473344
1525979025059065867
1525979030318637057
1525979031631446016
1525979031937527809
1525979033221095424
1525979042281050112
1525979047955677184
1525979050065395714
1525979056956657664
1525979058298929159
1525979064233873409
1525979068272939009
1525979068893605888
1525979069224992772
1525979069229277193
1525979073931055106
1525979077043052549
1525979078578163712
1525979080092442624
1525979080499376129
1525979086882889729
1525979095301079054
1525979096077025284
1525979096228020225
1525979100426514433
1525979100577517570
1525979113261043712
1525979115077132288
1525979117421834242
1525979121708408833
1525979122744295424
1525979123784437760
1525979125651066880
1525979129211920384
1525979130965147649
1525979131577618436
1525979131393060864
1525979131778895877
1525979136740806656
1525979139005726721
1525979143673942017
1525979144164675584
1525979149445107712
1525979156768509952
1525979163626283010
1525979165899489282
1525979169686966272
1525979170173603846
1525979170387410947
1525979172480421889
1525979172861976576
1525979173533143047
1525979179518410753
1525979180550217728
1525979183326932993
1525979185654669312
1525979186866814976
1525979187919654912
1525979192818532359
1525979193267322882
1525979196874530817
1525979199315517440
1525979207083474944
1525979210552074241
1525979210887610374
1525979215438393346
1525979218181607430
1525979219255238657
1525979220551381002
1525979220920385538
1525979221474086916
1525979223567089666
1525979226352107520
1525979240935706627
1525979243842256897
1525979248401567744
1525979250808979456
1525979255032643584
1525979257293398017
1525979257247535104
1525979258752999424
1525979262351773702
1525979266248318976
1525979277870739456
1525979278042710023
1525979279590318080
1525979281339424773
1525979282467704836
1525979287471398917
1525979288104841221
1525979290046763009
1525979290046709762
1525979292768817152
1525979293356068866
1525979295398731778
1525979295587385345
1525979297017651202
1525979299878055939
1525979316756140032
1525979318454738944
1525979319335407622
1525979322837782529
1525979325954240515
1525979326805598210
1525979328332369920
1525979334065938434
1525979340537831425
1525979341485744130
1525979348334825472
1525979352420257792
1525979350801256448
1525979353645035522
1525979355180064769
1525979359596642312
1525979362428071937
1525979363258339333
1525979364877385734
1525979366697467905
1525979369881194496
1525979370862567424
1525979372422934529
1525979376218775552
1525979379758669825
1525979385651773441
1525979395126599683
1525979401233612803
1525979402911219714
1525979406191185926
1525979414323990529
1525979414797987848
1525979415494201345
1525979416349786112
1525979416610111488
1525979416937041921
1525979418082136066
1525979420154019846
1525979423933181952
1525979424608473089
1525979428261855232
1525979429050130433
1525979430610296832
1525979434507018240
1525979435274485762
1525979435492581377
1525979441326956544
1525979446192267264
1525979447706386432
1525979449358950400
1525979451816804353
1525979455101059073
1525979457961484290
1525979458020249604
1525979458271838210
1525979458666102785
1525979460939698176
1525979464475328513
1525979465788145670
1525979467931426817
1525979468333989888
1525979469554536449
1525979472977182720
1525979478442262534
1525979479566430212
1525979479578918912
1525979480170315776
1525979489553068035
1525979491826290688
1525979495072935937
1525979495278125056
1525979495622225921
1525979499308822530
1525979499917099010
1525979505814212610
1525979509467455488
1525979509526347776
1525979510679785474
1525979512768430085
1525979513313804288
1525979521987579909
1525979524822978564
1525979525749809152
1525979526278389760
1525979538861109248
1525979541210013696
1525979543302971393
1525979547379937283
1525979549070237696
1525979551364431873
1525979553818193921
1525979567181144064
1525979567978160131
1525979574332440577
1525979580116475904
1525979580313522178
1525979581219471363
1525979590430281729
1525979591130628097
1525979595677237248
1525979599963836422
1525979600349700096
1525979605387059204
1525979610122334208
1525979612009865216
1525979612169248768
1525979613847252992
1525979619786121216
1525979623913308161
1525979627004493826
1525979628338352129
1525979633346289665
1525979634097078273
1525979638811574273
1525979641999151105
1525979642154426368
1525979649565773828
1525979649737732097
1525979649599234054
1525979651662925826
1525979655811084289
1525979656641454081
1525979663515934729
1525979665118134273
1525979665214603266
1525979667546656769
1525979668955938819
1525979669379837952
1525979672462381056
1525979673892626432
1525979674383351811
1525979675515920384
1525979675503251458
1525979678703357952
1525979678820945931
1525979681631125504
1525979682352549889
1525979684433010690
1525979686114840582
1525979691047432196
1525979703877808128
1525979705500893187
1525979706167808006
1525979716250910720
1525979717194620947
1525979718469701632
1525979718402580482
1525979720289902592
1525979724534755328
1525979725692567552
1525979726908518401
1525979732432543744
1525979733007011840
1525979734894596098
1525979735242727427
1525979736043929600
1525979736962387969
1525979739470675971
1525979739869126656
1525979741450170369
1525979747905331201
1525979750069682177
1525979752183615489
1525979752028332032
1525979756818202630
1525979758013689856
1525979759104118784
1525979767455064064
1525979767769530370
1525979772186251264
1525979773515845636
1525979777986879489
1525979779912048640
1525979781673668610
1525979781765947393
1525979782906880002
1525979785213657088
1525979789429022721
1525979796529872897
1525979802355871745
1525979802821398530
1525979806864592900
1525979808563220480
1525979809771409408
1525979812501803008
1525979819137191937
1525979821662261249
1525979826808569857
1525979826754146305
1525979828737949697
1525979828754735106
1525979833955540992
1525979834597445634
1525979834844954626
1525979838439469057
1525979839626285062
1525979842721763328
1525979845158739968
1525979845976592386
1525979846823788550
1525979859175997445
1525979863139721216
1525979869439569926
1525979871062654978
1525979877702344704
1525979882936844288
1525979887063924738
1525979887374372865
1525979890520051712
1525979894814998528
1525979895251320832
1525979896748691461
1525979897121890305
1525979900020199429
1525979900875776001
1525979903799312384
1525979906320084995
1525979906957533185
1525979917963476994
1525979920505180163
1525979924766523395
1525979927216115713
1525979928000356359
1525979934493130752
1525979935541579777
1525979935575351302
1525979936644861954
1525979937353646081
1525979939660496897
1525979943234043904
1525979946518200320
1525979948384649216
1525979948753768448
1525979951312384000
1525979953040396290
1525979956660035585
1525979957675102213
1525979962829901824
1525979963941347328
1525979964092579840
1525979964507664386
1525979966227324928
1525979972619407362
1525979972921438210
1525979973470896129
1525979976650133504
1525979977577021440
1525979982719242240
1525979985747509251
1525979991762247680
1525979992026451968
1525979996837511168
1525979998246543364
1525980000247226368
1525980001450983424
1525980007184711682
1525980015850147840
1525980016366043141
1525980017590779905
1525980026059034625
1525980030806925312
1525980031071277057
1525980034468655121
1525980036930621440
1525980039870914560
1525980045411491841
1525980048699842560
1525980055423406081
1525980067079372800
1525980068845080579
1525980069985980417
1525980070048849920
1525980074553421824
1525980075233005568
1525980079578284036
1525980078777192448
1525980086939156481
1525980087505539073
1525980090747785216
1525980092089999365
1525980092106563584
1525980092954034176
1525980098557534209
1525980104647708672
1525980106916864002
1525980114714038278
1525980115645173761
1525980117411012608
1525980126692839425
1525980128085434369
1525980128651554816
1525980133093306368
1525980139196399616
1525980139632447488
1525980140387328008
1525980140357951489
1525980141935017985
1525980151531593729
1525980154085920774
1525980154509635584
1525980155692433410
1525980158083186690
1525980168103374849
1525980169726722048
1525980170317864960
1525980170535985153
1525980179222384640
1525980180371722243
1525980181848023043
1525980198189125634
1525980201603284995
1525980207617916928
1525980216459509760
1525980220787789824
1525980225275932672
1525980226529787909
1525980228065042435
1525980228316700672
1525980229713657856
1525980234251743232
1525980238970331139
1525980242120261639
1525980242250084352
1525980243563057154
1525980245396013069
1525980245647581184
1525980245505056768
1525980247304417288
1525980252501118978
1525980254069727232
1525980256494096388
1525980260893921284
1525980261757816832
1525980261791432705
1525980266472345602
1525980266807939074
1525980269064364037
1525980270137970688
1525980270683426818
1525980275708149762
1525980276865785857
1525980277356437506
1525980279361380352
1525980279634026496
1525980281424990208
1525980281492103168
1525980285245988864
1525980288349880327
1525980292351131654
1525980293622116352
1525980303679840256
1525980313972875266
1525980314266484736
1525980323078627328
1525980344272490501
1525980344805216260
1525980345027416065
1525980348647104512
1525980360223465472
1525980365826965504
1525980368586825728
1525980369194983425
1525980369543122951
1525980372655386631
1525980373510914048
1525980373926260738
1525980378351255554
1525980383224946688
1525980385452212225
1525980386701938688
1525980387666808833
1525980387813498884
1525980389331697664
1525980394050437120
1525980395933777926
1525980396743180292
1525980398441971716
1525980400291565568
1525980412044099585
1525980413004595202
1525980414111801349
1525980417412718596
1525980420017373190
1525980420348825603
1525980420734697473
1525980421158215682
1525980421502156800
1525980422227763201
1525980424039702528
1525980427416117249
1525980432256405504
1525980432902258689
1525980433208553472
1525980435439923205
1525980435641159681
1525980435917987842
1525980436513673217
1525980436471681032
1525980437268553731
1525980439319658496
1525980452762570752
1525980458722463746
1525980462325415938
1525980469615120384
1525980470810447874
1525980474916708352
1525980475369656321
1525980477777227777
1525980480641699841
1525980482223149056
1525980482961346561
1525980493287661569
1525980498828398596
1525980509133848576
1525980509297422337
1525980511184773122
1525980514280144901
1525980516339572736
1525980518357016576
1525980518336106496
1525980518617079828
1525980519317618700
1525980519883751426
1525980529505587200
1525980530940039168
1525980534899412995
1525980535960510465
1525980542084292608
1525980543032123393
1525980545016119296
1525980548291866626
1525980552884518912
1525980567581429760
1525980569175302144
1525980574040694786
1525980578335674368
1525980584505446401
1525980585679781888
1525980588515241985
1525980591291875329
1525980593934282752
1525980594362101769
1525980603945889792
1525980608639426560
1525980609339957249
1525980609818021888
1525980613848846336
1525980618882011137
1525980626855374848
1525980631800356864
1525980634560319490
1525980640331681793
1525980640600113154
1525980644962193410
1525980651672969218
1525980655053590529
1525980659592101888
1525980666789253122
1525980668508766208
1525980673214976000
1525980678424338432
1525980679284072449
1525980680114655232
1525980680387280896
1525980680856928256
1525980683826511874
1525980692525502466
1525980699492241410
1525980702428344320
1525980703271407616
1525980710246531073
1525980715065741312
1525980719465615361
1525980722053451778
1525980723215323137
1525980725266337793
1525980725614346241
1525980726352654337
1525980733482979329
1525980733646548992
1525980736100130816
1525980738964926464
1525980745231220736
1525980745680007168
1525980746053128192
1525980753347203072
1525980757398888458
1525980757923139587
1525980757986091016
1525980764277460994
1525980771516928001
1525980772880027649
1525980780194848776
1525980780702445568
1525980782703132675
1525980787752980481
1525980791079161862
1525980793306324994
1525980799383764995
1525980801531256832
1525980802936410114
1525980807440936960
1525980822540410880
1525980830199336962
1525980834876071943
1525980850139054080
1525980851707777026
1525980854345924608
1525980864038899713
1525980865288777729
1525980869869043719
1525980873962700800
1525980874411581440
1525980875602776073
1525980886046588928
1525980889997516801
1525980891595657217
1525980892392562688
1525980893126479875
1525980897585074176
1525980908251119616
1525980915754745856
1525980918632046593
1525980919097614337
1525980919315804166
1525980922121691137
1525980922386038785
1525980923178668032
1525980928673206272
1525980930548109313
1525980933870034944
1525980940371218432
1525980942157979648
1525980943697203205
1525980944385069056
1525980946209587200
1525980947354734599
1525980948214558721
1525980952530407427
1525980953767723012
1525980955835514880
1525980957303402496
1525980957655941120
1525980959438360577
1525980961833459712
1525980967361560577
1525980967474802688
1525980972491194368
1525980978967109632
1525980979671736324
1525980980380684288
1525980981227831301
1525980981425053697
1525980982549131264
1525981007186432001
1525981013146484741
1525981018045435904
1525981019064700928
1525981023141511168
1525981027478429701
1525981028665499650
1525981029353328643
1525981030368391169
1525981030326407168
1525981031748227078
1525981037469351939
1525981039470030849
1525981046696648704
1525981046868783104
1525981046952574983
1525981049905467397
1525981053306953729
1525981059103719424
1525981062261882881
1525981070734278656
1525981078623756288
1525981079668248576
1525981080351920129
1525981081584943104
1525981084214779904
1525981090288128002
1525981091747831808
1525981093651947521
1525981105115090944
1525981106306162691
1525981111414824964
1525981113939857408
1525981115240312833
1525981115911118850
1525981117303635969
1525981118083760129
1525981118922629121
1525981119614791681
1525981131908304898
1525981133820805121
1525981137398599682
1525981140523356161
1525981143035695104
1525981145627865089
1525981147385274370
1525981149570514945
1525981149809496064
1525981151227158528
1525981151495704577
1525981152787550209
1525981168176275456
1525981174677610496
1525981175617142798
1525981176095248385
1525981178267844608
1525981179052269571
1525981180402745348
1525981181455507461
1525981182747369472
1525981185922457600
1525981190389366786
1525981197083492353
1525981200258584577
1525981200417861633
1525981206457634816
1525981211042226179
1525981217841192960
1525981218121998337
1525981219908902912
1525981226443673602
1525981239135461376
1525981239391420420
1525981245871689728
1525981245330563072
1525981246286962688
1525981260295950336
1525981263097741315
1525981262577512448
1525981265765322757
1525981268638420993
1525981269418459137
1525981274216796160
1525981281997180929
1525981288615780354
1525981291446816770
1525981293732823041
1525981297809711105
1525981303945961481
1525981311458070537
1525981314398167042
1525981316977725444
1525981317116174337
1525981318135197697
1525981323558543360
1525981330080669698
1525981340482650114
1525981343120822283
1525981348694855682
1525981351626817538
1525981351681327104
1525981353036111874
1525981356366643200
1525981356983033856
1525981357813399553
1525981361793818624
1525981362607595522
1525981367409983496
1525981368701833216
1525981369825955841
1525981369930850304
1525981370530598913
1525981370966761474
1525981371004555264
1525981376775872514
1525981378566729729
1525981379942617093
1525981380378873861
1525981382408687616
1525981383453286408
1525981383461576705
1525981385512603648
1525981385684557824
1525981386909229057
1525981393548886016
1525981395302207489
1525981395151036416
1525981399005769729
1525981401979445250
1525981403355267072
1525981406769340417
1525981412003926018
1525981420774035456
1525981423512977408
1525981425169747968
1525981425937301504
1525981426549764101
1525981430920228864
1525981431872344064
1525981434732748805
1525981440411897869
1525981440336330752
1525981449882677250
1525981462163509248
1525981465183457281
1525981464998854657
1525981466223599616
1525981467041488897
1525981467469283328
1525981471676170244
1525981472636772353
1525981474251583488
1525981474977030144
1525981481713139715
1525981488193282048
1525981489904726016
1525981491863375873
1525981495114055681
1525981498741952512
1525981500453314560
1525981502684770304
1525981503318007808
1525981504052023297
1525981507600273408
1525981509441699841
1525981510087716866
1525981516006051840
1525981518509887493
1525981518056677376
1525981519201783809
1525981519457787907
1525981527368163333
1525981529628876806
1525981540534083588
1525981543092600840
1525981545982484480
1525981547194630144
1525981551430860800
1525981551489601536
1525981558322216961
1525981558955442182
1525981564135407617
1525981574281453569
1525981575011246081
1525981577117077504
1525981585572511751
1525981586033983489
1525981586893709312
1525981590081490944
1525981606162448385
1525981607001108480
1525981607647141891
1525981618401423361
1525981619479273472
1525981624751468545
1525981626043334658
1525981627419086848
1525981632108408835
1525981633567936513
1525981635925139456
1525981636583636993
1525981636831203328
1525981638869585920
1525981639284822017
1525981644980686850
1525981646742249481
1525981647560134656
1525981653482487808
1525981656355590144
1525981660780670977
1525981661111980032
1525981661355180032
1525981663515357190
1525981673111814144
1525981676953911299
1525981677826211842
1525981682486198273
1525981684440649729
1525981694565687300
1525981697807982593
1525981704074235905
1525981709728202752
1525981709329649664
1525981711854620674
1525981713398083584
1525981713641390086
1525981715172405250
1525981716212588544
1525981718028623873
1525981723334529025
1525981730167037954
1525981730821263360
1525981743932645376
1525981755294986241
1525981759271223297
1525981761628524544
1525981764665106432
1525981764891693069
1525981765432709122
1525981772739133441
1525981773443768320
1525981773972242435
1525981774664310786
1525981779139624963
1525981779319988225
1525981781773672455
1525981798425153537
1525981805085696003
1525981808172711938
1525981808881541121
1525981816968052737
1525981817064640513
1525981821787422730
1525981826937929733
1525981839537618944
1525981840623951872
1525981847418818560
1525981849121607680
1525981850413449220
1525981851533266945
1525981851684417537
1525981855220215810
1525981858722418688
1525981859422904320
1525981862732173312
1525981867664715777
1525981870629920768
1525981872580435968
1525981874086195200
1525981877823209477
1525981880356679682
1525981881098969090
1525981890204901376
1525981891450617857
1525981891836403713
1525981892906045440
1525981893581328385
1525981895296942081
1525981905119809536
1525981911545524228
1525981914146000897
1525981914796019712
1525981916717015045
1525981922765283330
1525981930331709445
1525981935411019777
1525981939890540545
1525981943636103172
1525981946056265728
1525981946064646146
1525981948329459712
1525981953538793472
1525981956151947266
1525981959784042497
1525981960287444994
1525981960132341760
1525981966037680129
1525981968621613056
1525981982651568128
1525981983125475328
1525981984186634241
1525981985633599496
1525981992013115393
1525982001874059266
1525982007754428416
1525982008844771328
1525982009709023234
1525982010572931073
1525982012544360449
1525982016700928000
1525982026712629249
1525982027086020608
1525982031087288320
1525982052654256129
1525982057888890880
1525982057775628294
1525982059289780224
1525982059914833920
1525982062624268289
1525982064641728514
1525982066403426305
1525982069066715139
1525982074674585605
1525982078629814272
1525982083126120448
1525982092164747265
1525982092231835648
1525982093003603968
1525982093276155904
1525982099823595520
1525982101249589254
1525982103845978114
1525982110711963649
1525982113170075650
1525982113043996672
1525982114272923648
1525982114499502082
1525982120333672448
1525982120648355840
1525982124507025525
1525982125006020608
1525982125207453700
1525982130161041408
1525982133357096960
1525982135534129152
1525982141477269507
1525982141577932800
1525982149899436033
1525982153502228480
1525982156509544449
1525982159361691648
1525982159583977472
1525982161035214848
1525982172141715456
1525982172649250818
1525982173328592896
1525982174612430849
1525982179632750594
1525982180509466624
1525982189476773888
1525982189976002560
1525982192714895360
1525982194778382337
1525982197076922371
1525982197890555904
1525982198863646727
1525982202907041793
1525982208107986944
1525982208921587718
1525982212503519232
1525982216773423104
1525982237090381824
1525982238457876480
1525982239342870530
1525982239527518208
1525982248805203968
1525982256577265666
1525982257944698887
1525982259651743747
1525982261060857856
1525982260981387270
1525982266924711945
1525982268711395330
1525982272507084800
1525982274252054529
1525982278786105344
1525982279738138624
1525982282758115329
1525982287606718464
1525982293143212032
1525982294422753280
1525982294434910208
1525982299011141632
1525982303498944512
1525982304690110465
1525982311103201280
1525982319009570823
1525982322235002880
1525982329201733633
1525982332909395968
1525982334687891457
1525982336826986496
1525982341352546307
1525982343877607424
1525982344519327745
1525982346696073217
1525982346968719362
1525982350089256961
1525982357572014085
1525982363863351296
1525982369324449794
1525982369303371776
1525982372688166912
1525982373296340999
1525982375594934274
1525982392283893760
1525982398378385408
1525982400240570376
1525982406230032384
1525982406301343749
1525982411292561408
1525982420402569216
1525982420712964097
1525982426119704576
1525982427415470087
1525982427830706177
1525982429223305238
1525982431114735616
1525982432696180736
1525982435921600512
1525982436278026241
1525982436496138249
1525982438752923648
1525982440522760192
1525982447980187650
1525982448923951105
1525982449271971840
1525982453323776006
1525982459946491905
1525982462924443648
1525982463427854337
1525982464002478081
1525982464635813888
1525982469543034880
1525982476182618116
1525982477449322497
1525982480054079488
1525982480234430483
1525982481148788736
1525982495027744771
1525982503164682247
1525982505479831553
1525982506763399168
1525982507619045379
1525982510915670018
1525982512178003968
1525982527202152450
1525982528766676994
1525982542704218113
1525982555635273728
1525982556088422402
1525982558462287874
1525982560194641923
1525982562853609472
1525982569342320640
1525982574228787200
1525982576619442181
1525982583829450752
1525982584907481095
1525982587533119489
1525982592960548864
1525982597494587393
1525982598895378435
1525982601319567360
1525982604989800454
1525982606034194432
1525982608991039488
1525982609104412672
1525982611222548480
1525982611851595776
1525982614078775298
1525982615014088705
1525982616637276161
1525982619409731590
1525982622911827970
1525982623084040197
1525982624228986880
1525982632026288130
1525982635276763136
1525982637264973824
1525982639517478912
1525982639584432133
1525982640498782208
1525982648111452160
1525982649755516929
1525982653698260992
1525982656227422208
1525982656600625153
1525982657200459778
1525982658156560384
1525982667820367872
1525982676238405636
1525982678209679362
1525982680206020608
1525982680789270528
1525982684450807808
1525982693149749248
1525982717241921538
1525982720219828224
1525982721536888833
1525982722455482368
1525982726523854852
1525982731271806977
1525982731733172224
1525982735818686464
1525982742957244416
1525982744911790081
1525982759675564033
1525982759914680320
1525982760476856320
1525982761080733696
1525982766919303170
1525982774645166081
1525982776712957952
1525982778508120065
1525982782710853632
1525982783054573568
1525982784912773120
1525982785722372098
1525982788326940672
1525982792760406021
1525982794211549190
1525982797743243267
1525982797923594244
1525982801430036481
1525982802302353408
1525982804022026240
1525982810854502400
1525982814453133312
1525982821239627776
1525982828193792002
1525982837954035712
1525982840105709574
1525982845155565568
1525982852613029889
1525982855431696384
1525982863438528513
1525982868182278144
1525982880777875456
1525982880559775747
1525982885118889989
1525982886398140416
1525982901145600001
1525982904718966791
1525982905029341186
1525982908036661272
1525982926634106881
1525982930312601606
1525982933181419523
1525982938130792448
1525982939263250437
1525982939879575552
1525982941653999617
1525982949396586496
1525982951367921664
1525982955902013442
1525982956371968000
1525982958166982657
1525982962860302337
1525982965066567683
1525982969491488770
1525982976382844928
1525982980027686912
1525982986952392706
1525982987736727559
1525982988235943937
1525982988827336705
1525982989301301249
1525982991088070656
1525983001984872453
1525983002970492929
1525983010558025729
1525983010796994561
1525983011195461636
1525983011682111492
1525983013716336642
1525983021320617984
1525983024747188224
1525983025154203648
1525983031525265409
1525983037556768768
1525983038919819269
1525983047010631681
1525983055671963649
1525983060189118464
1525983063003496449
1525983072402952193
1525983073011175425
1525983073724207104
1525983075313799168
1525983078602067968
1525983080552480769
1525983083710885889
1525983088668557315
1525983088890757121
1525983089381584896
1525983096201531392
1525983100848812032
1525983102253801472
1525983105072381955
1525983111208546304
1525983111221235713
1525983116774473729
1525983121350332416
1525983122478735365
1525983127604277250
1525983130955415553
1525983136537927680
1525983136735236097
1525983137754382342
1525983141185392641
1525983145291653120
1525983149926367232
1525983150152761346
1525983150823952384
1525983155819163648
1525983158746898432
1525983167043325952
1525983167286456320
1525983167768891398
1525983172009373699
1525983176623116295
1525983184189464577
1525983190455812096
1525983191420481537
1525983192137834497
1525983195711549440
1525983198429204492
1525983205576294401
1525983207908380701
1525983212194906114
1525983214761873410
1525983215072198656
1525983221061758976
1525983226690523144
1525983228066156553
1525983230784163840
1525983232340131840
1525983232893779972
1525983248991633410
1525983250321137670
1525983252493869057
1525983252531580928
1525983253152382981
1525983256247734273
1525983262098825217
1525983263126429697
1525983267098443776
1525983282319372288
1525983286429892608
1525983292050264065
1525983292738224129
1525983293941895169
1525983294206132224
1525983297024802816
1525983298970959874
1525983299834880000
1525983303240667136
1525983303517589506
1525983306730332161
1525983309704183809
1525983313273540618
1525983317681745923
1525983317954281472
1525983318151516160
1525983319313235968
1525983324342259721
1525983325755781120
1525983328188477441
1525983328171597826
1525983329425707009
1525983333318119424
1525983342323290112
1525983343732568064
1525983343984132096
1525983346026610688
1525983347410776065
1525983352108503043
1525983352175591425
1525983353278709760
1525983358630744064
1525983358760755201
1525983361096876033
1525983363319963650
1525983365261926402
1525983373608599560
1525983375277928449
1525983379438682113
1525983384325046273
1525983386313048065
1525983393422393344
1525983403144843265
1525983405539741699
1525983409478287361
1525983421637529603
1525983422325346305
1525983423059222528
1525983428608462848
1525983438515458049
1525983439362699264
1525983440151142402
1525983440272760838
1525983444500680713
1525983457880379397
1525983458849341445
1525983467061772289
1525983467644891139
1525983471134511106
1525983471453315075
1525983476100521990
1525983476792582146
1525983478734635011
1525983481838243840
1525983482303897628
1525983486506676225
1525983496002408448
1525983497327894528
1525983499383103490
1525983506366595072
1525983512276377600
1525983516944744463
1525983518181957632
1525983519729766402
1525983525819887616
1525983529967968266
1525983531087720448
1525983535840088064
1525983537098149889
1525983537857429505
1525983539870814209
1525983543691706379
1525983552097091586
1525983553770635265
1525983557847482369
1525983558334128128
1525983559424651268
1525983570682060802
1525983572171145219
1525983575169900544
1525983578626084868
1525983581524344833
1525983585429344256
1525983594514104322
1525983600163840003
1525983609173295106
1525983609915592704
1525983613543755777
1525983622599266306
1525983624214069249
1525983624822136832
1525983625707126784
1525983628500557827
1525983629909938178
1525983634733379585
1525983635794497536
1525983636989825025
1525983638562787329
1525983639808446465
1525983641850916864
1525983644183150593
1525983643981991938
1525983649761468416
1525983652265574400
1525983658909351936
1525983660696121344
1525983662285758464
1525983666752593920
1525983670640726022
1525983672972607488
1525983673102868481
1525983674482712576
1525983675518791680
1525983676231729152
1525983679033614338
1525983687204032513
1525983695798165506
1525983695684894722
1525983708787924992
1525983709391900677
1525983710155186177
1525983716383764486
1525983726773190656
1525983727486087169
1525983727570014210
1525983733794357248
1525983734486425605
1525983736323624962
1525983741574893571
1525983743978229766
1525983745983012866
1525983746301825024
1525983749955018752
1525983756548440065
1525983761560657921
1525983762961555456
1525983771723546624
1525983773946413057
1525983780368003072
1525983783484284928
1525983783425519617
1525983792594403329
1525983795295526914
1525983811380592640
1525983814761185281
1525983818343190528
1525983822323621888
1525983825087561730
1525983825502740480
1525983830833876992
1525983834415812608
1525983834629718020
1525983835242041347
1525983838270275586
1525983842062016513
1525983842808614912
1525983856679178241
1525983856565837829
1525983861427081218
1525983863771742209
1525983866422300672
1525983871514292225
1525983871694778372
1525983875717021704
1525983880653815809
1525983886664163328
1525983888228634624
1525983891101667329
1525983892263653378
1525983892657799168
1525983894285303809
1525983908571009024
1525983915256729601
1525983916691271685
1525983919039987714
1525983919220346880
1525983933086720001
1525983936064770048
1525983937419304960
1525983938275164160
1525983939034243072
1525983944273014789
1525983948542619648
1525983952669908992
1525983954062479360
1525983956331548673
1525983958479130625
1525983964099497986
1525983969594028032
1525983974249619456
1525983977022140416
1525983981585440770
1525983981547753473
1525983985305804800
1525983991202971648
1525983991819558914
1525983992314580993
1525983997259567104
1525983999637716998
1525984000078237697
1525984003953672192
1525984004197036032
1525984009800626178
1525984014326112256
1525984017551695879
1525984019611099138
1525984021624279040
1525984023696269312
1525984026481369096
1525984029908029441
1525984030977581058
1525984033301319680
1525984050091118593
1525984050665635841
1525984056722313218
1525984057699467265
1525984058659979264
1525984072375451648
1525984084362665985
1525984090146721793
1525984090192846848
1525984106307371008
1525984106764308480
1525984109243338754
1525984113143988226
1525984115366969373
1525984119338975232
1525984123394875393
1525984124707684355
1525984130995044369
1525984131292741636
1525984136057344000
1525984138372816904
1525984144676691968
1525984145591226368
1525984152578686976
1525984153480593410
1525984155552686094
1525984165623214081
1525984167380525059
1525984170132099072
1525984182761046017
1525984187232276480
1525984191518752768
1525984192470867968
1525984200092012546
1525984201018945536
1525984210166718464
1525984216470765570
1525984218362351617
1525984219477946374
1525984223772950533
1525984225626931201
1525984229888126977
1525984231540854785
1525984239636066305
1525984244534857729
1525984261966381056
1525984266617765889
1525984269537054720
1525984275824271360
1525984276298223616
1525984278202355712
1525984291313881088
1525984291393519618
1525984292907765766
1525984293612306432
1525984297886400512
1525984303515160576
1525984304085577729
1525984313363247104
1525984319981998082
1525984320493600782
1525984322645262342
1525984323479949317
1525984323987554304
1525984324167802887
1525984325229068289
1525984331012968448
1525984334699716613
1525984339116408832
1525984340076896257
1525984351435071503
1525984354685566977
1525984354886893570
1525984367591542784
1525984368921128971
1525984371601203201
1525984372826034176
1525984373463556096
1525984376940552194
1525984379826102272
1525984381319397377
1525984383575830530
1525984384540614657
1525984386570665984
1525984388760076288
1525984410285314048
1525984413447860224
1525984427750223872
1525984434788487168
1525984435870515200
1525984438664015873
1525984439217668098
1525984441105109000
1525984441486778369
1525984444301058050
1525984447220396033
1525984453222404101
1525984453272666114
1525984453394411520
1525984453700595713
1525984453474000899
1525984457198542855
1525984459270389760
1525984463385088000
1525984467122327553
1525984467256483845
1525984467969421312
1525984468548440064
1525984474198118402
1525984474697195520
1525984478241468424
1525984484931379206
1525984485874991105
1525984487703826433
1525984498382475267
1525984501389676544
1525984502224396288
1525984503151345669
1525984510382415874
1525984519240568833
1525984526287228928
1525984527734251593
1525984530926030848
1525984530787598336
1525984535346806784
1525984540279427078
1525984540568784896
1525984548089057281
1525984550806966272
1525984556658171907
1525984559254347776
1525984564086284288
1525984565252202497
1525984565709328385
1525984568897163264
1525984573401743360
1525984577939972104
1525984581073129473
1525984581605793792
1525984584919404545
1525984591386918912
1525984592888418305
1525984594515877893
1525984600043962373
1525984601264377856
1525984601650470912
1525984603349168132
1525984605802831872
1525984606020943873
1525984607128240132
1525984614568710147
1525984615613145088
1525984616049528832
1525984630213689344
1525984631778074627
1525984632952393728
1525984636299624449
1525984641949253633
1525984646634274816
1525984647640932352
1525984661473792002
1525984668226560002
1525984671712026625
1525984674958409728
1525984683250618369
1525984702905163780
1525984704687644672
1525984708378632194
1525984721267662850
1525984721326460935
1525984733074804736
1525984733359898625
1525984745900974086
1525984751106068482
1525984761348558849
1525984764028755968
1525984765484191744
1525984768902500355
1525984771645505536
1525984773818175488
1525984776385187842
1525984779912589312
1525984781678280704
1525984782861144064
1525984789710483458
1525984793116266497
1525984793187569668
1525984794944970755
1525984804851920896
1525984809591394304
1525984814485999617
1525984818206343168
1525984819443810304
1525984821931040771
1525984826410557442
1525984826372890628
1525984826561597440
1525984826997755908
1525984828407021569
1525984837173186566
1525984837445861378
1525984845847044096
1525984845834248193
1525984848342663170
1525984856139878401
1525984856534044672
1525984870400393219
1525984887341301760
1525984892655484929
1525984895184543747
1525984895557844992
1525984897709625347
1525984901895528448
1525984901975224321
1525984905326469122
1525984905305505795
1525984906651869186
1525984908031631360
1525984910464253952
1525984911420694530
1525984917393399809
1525984918873964544
1525984926280978432
1525984928751550484
1525984932442652673
1525984934493663235
1525984938662711299
1525984939522641921
1525984939669340162
1525984953946742784
1525984957704847360
1525984961584431104
1525984966735183872
1525984971256696832
1525984972087205890
1525984972254896133
1525984981738201089
1525984981645934592
1525984986817613824
1525984987966734339
1525984991091609600
1525984993280933888
1525984999706611713
1525985000918659072
1525985001556393986
1525985001342484481
1525985002013564928
1525985003599011841
1525985005310189575
1525985007696855045
1525985014898360321
1525985015275868168
1525985015980605442
1525985027535798275
1525985037249916928
1525985045617561600
1525985054383435776
1525985054840832002
1525985055583215618
1525985069206327298
1525985073299857409
1525985075220713472
1525985079717134341
1525985080849510400
1525985086054735872
1525985087723950080
1525985090655899651
1525985091520024578
1525985108859273217
1525985111296049152
1525985119067983872
1525985120707936256
1525985129054748673
1525985130736668680
1525985130833141761
1525985133198774273
1525985133207113729
1525985133559525376
1525985135920824320
1525985138722627586
1525985150194032641
1525985153604018176
1525985157269839872
1525985160717643776
1525985163645136896
1525985168300851202
1525985169664053250
1525985170947440640
1525985172478361600
1525985175552786433
1525985176379072513
1525985180271398913
1525985180233609216
1525985184964812801
1525985187024326657
1525985194926383105
1525985200664104962
1525985200974577664
1525985205303279616
1525985206913617921
1525985207156781056
1525985208822013960
1525985209228967936
1525985210726334464
1525985210902401024
1525985213314211842
1525985214488510476
1525985219689447424
1525985222898208768
1525985226396246017
1525985226794713089
1525985234172403712
1525985235124764672
1525985241294376960
1525985246239391744
1525985250203115520
1525985250580475904
1525985250148438016
1525985257786335232
1525985259795496960
1525985270948147200
1525985273389228036
1525985284147519488
1525985286093668357
1525985286227996674
1525985298081005568
1525985300035543041
1525985301050556417
1525985301847588871
1525985301411160064
1525985302912847872
1525985303604908034
1525985312014467072
1525985320264687616
1525985322076475393
1525985324983128064
1525985329429241856
1525985330985320451
1525985342553210880
1525985343299653632
1525985352263077891
1525985361930985474
1525985368281063425
1525985380671148032
1525985381358964736
1525985382676021249
1525985385125498884
1525985396513034241
1525985402766643200
1525985403777339392
1525985435226411008
1525985437831122947
1525985440188203008
1525985442876858369
1525985443954704384
1525985446693679104
1525985453526196225
1525985456806141952
1525985457116422145
1525985462233575425
1525985468424364032
1525985472836673542
1525985473587462146
1525985477748314114
1525985477949636613
1525985480126365698
1525985486577213440
1525985486673694720
1525985488015872009
1525985504059183105
1525985513940955136
1525985519632584704
1525985523168210945
1525985526385463302
1525985527308197888
1525985528595849220
1525985529514409987
1525985530999189504
1525985538892865538
1525985543284301824
1525985544311906309
1525985548124430336
1525985552239153157
1525985552335609856
1525985555686645760
1525985557070880774
1525985563131748361
1525985563534311424
1525985568634593281
1525985570605907972
1525985573722521600
1525985578868686850
1525985593754361858
1525985597764009984
1525985603208232962
1525985608996462592
1525985609642303488
1525985610179149825
1525985615585726465
1525985616596459521
1525985618018258945
1525985618622398465
1525985620023201792
1525985628650889217
1525985629154250752
1525985629661716480
1525985631419060225
1525985633277198336
1525985634422505472
1525985637991604230
1525985641787531266
1525985646455799808
1525985647315632129
1525985655549054976
1525985659193905152
1525985670606426112
1525985672628142080
1525985681197219840
1525985686477840384
1525985689476640768
1525985699106783233
1525985701065543680
1525985707382251520
1525985709106028550
1525985722682982402
1525985723287064576
1525985724813692928
1525985726634119168
1525985732053159937
1525985736033456129
1525985739850358785
1525985745885863936
1525985754886840321
1525985757764124674
1525985759051796482
1525985765875978242
1525985767629242376
1525985768900001793
1525985769181044741
1525985775480889349
1525985779121590272
1525985782120448002
1525985784033071107
1525985786339938304
1525985786734252032
1525985787564662784
1525985792849592328
1525985795701723136
1525985796032978948
1525985796783804422
1525985797702565888
1525985802274185218
1525985802609631233
1525985805013078023
1525985810792726528
1525985818233475072
1525985827607695360
1525985835975331840
1525985851464986625
1525985854895927296
1525985859736113161
1525985861241909248
1525985864936996878
1525985866782490624
1525985867210317825
1525985882288840704
1525985882490212353
1525985882913783809
1525985896499056642
1525985905218973697
1525985906934546439
1525985914983526400
1525985921534918656
1525985927629180930
1525985928468119553
1525985932310110209
1525985933253873666
1525985937913745408
1525985941696954369
1525985945849405442
1525985947661135873
1525985949083222017
1525985951356534786
1525985956733632513
1525985960483250176
1525985963016593408
1525985965105418241
1525985971124117505
1525985970755031041
1525985975813513218
1525985981316341765
1525985986630537216
1525985988098539522
1525985991835754496
1525985992120840192
1525985994528391175
1525985995023437827
1525985999310008320
1525986000392028162
1525986000454963200
1525986002220814343
1525986012777824256
1525986023221649408
1525986026434531333
1525986029622132737
1525986031387951104
1525986044260278275
1525986064736845824
1525986065399418880
1525986066708041728
1525986071435157504
1525986072429309952
1525986076627636224
1525986079521886208
1525986082483015681
1525986082571141122
1525986095271489537
1525986100103114753
1525986103785824256
1525986105442566146
1525986108164669442
1525986112094732288
1525986113269161985
1525986114158436352
1525986114720477185
1525986115475451904
1525986124518277126
1525986125562712066
1525986127299100677
1525986128070860803
1525986128817696768
1525986138716086273
1525986139416453121
1525986141983363072
1525986147196968962
1525986149981880322
1525986150351048711
1525986151282130945
1525986157074341888
1525986161944043525
1525986162984091648
1525986165043736577
1525986168092905473
1525986169103626241
1525986175256764419
1525986180067631104
1525986180780773376
1525986190339366912
1525986194902749184
1525986196853235714
1525986200057692160
1525986206890070016
1525986206814961664
1525986207812968448
1525986216163819521
1525986220534284294
1525986220786044928
1525986224355287042
1525986231691132929
1525986232592912386
1525986236325838850
1525986244957818882
1525986245024808962
1525986247298191360
1525986249449824261
1525986260875091968
1525986264775905281
1525986273298722816
1525986273785262083
1525986279669874688
1525986295733960704
1525986299156512785
1525986299634544640
1525986302314926080
1525986303757754368
1525986306958016512
1525986307943501824
1525986313173970946
1525986317057802240
1525986319406665730
1525986319964508163
1525986323873550336
1525986325450596354
1525986325668560897
1525986327803600897
1525986330701864960
1525986331809173504
1525986345281265675
1525986350960353280
1525986358698860545
1525986362352185344
1525986365774635008
1525986367381114881
1525986371822837762
1525986371873013760
1525986373672607746
1525986375207530497
1525986378059743232
1525986390735048704
1525986393285091329
1525986402286149632
1525986402822938625
1525986403087171585
1525986403565420551
1525986412696244224
1525986417301671939
1525986424423587840
1525986427636436992
1525986428542386189
1525986430291427329
1525986430522097664
1525986438449340426
1525986438658920449
1525986438629806081
1525986442995965963
1525986453582397442
1525986453628526597
1525986462407196672
1525986462637780992
1525986469067870208
1525986473924775939
1525986473887027200
1525986477259247617
1525986477158682625
1525986482724515840
1525986484796407814
1525986487891898374
1525986498981552130
1525986512558383104
1525986513791733761
1525986514290753538
1525986514383028224
1525986519730757636
1525986520649175040
1525986522977259520
1525986525829275649
1525986526915612672
1525986528220131331
1525986529763549186
1525986532171165697
1525986534364794882
1525986536134742018
1525986542472282112
1525986546536652801
1525986547564150785
1525986548998709249
1525986550760316929
1525986552828121095
1525986554992369666
1525986557722779649
1525986560151326720
1525986565285195781
1525986568665714688
1525986572595875842
1525986582792220672
1525986589423329282
1525986591692439553
1525986596805152768
1525986597489061888
1525986600869560322
1525986602098606080
1525986605336563718
1525986606036959232
1525986610348695552
1525986610315157504
1525986611959418881
1525986615113531392
1525986619320303617
1525986620406628352
1525986623409758208
1525986630552670210
1525986634356891648
1525986634247856130
1525986635522916353
1525986636487606272
1525986637636845568
1525986637985075201
1525986641499893760
1525986643504771074
1525986647552270336
1525986654338555908
1525986660407713792
1525986660999127041
1525986662873976832
1525986663737851904
1525986667315740675
1525986677898063872
1525986680582201344
1525986681819652099
1525986690317307905
1525986698068475905
1525986705681137664
1525986715445370880
1525986717735567361
1525986724438056960
1525986725444694018
1525986729886359552
1525986739503779840
1525986745200033792
1525986749222207489
1525986750434357250
1525986774241005568
1525986783481192449
1525986791618138118
1525986793451147270
1525986796458360838
1525986808974172162
1525986809817219073
1525986810463150082
1525986814187560960
1525986814661644290
1525986815475335169
1525986817178222592
1525986826942664704
1525986830688174085
1525986835960418307
1525986845858881536
1525986860127997952
1525986867346391042
1525986869145649154
1525986870173351939
1525986876930367489
1525986879501484033
1525986882785398784
1525986884287188992
1525986888640868370
1525986891006464001
1525986898027589632
1525986902905700353
1525986904063107073
1525986907313741825
1525986908165361670
1525986909243203584
1525986911516561414
1525986912661651457
1525986925953568768
1525986934266396673
1525986939421302788
1525986943372251138
1525986946836746242
1525986955850399745
1525986969821532160
1525986974041100291
1525986979107708928
1525986979632058374
1525986980504514562
1525986982429700096
1525986983557857281
1525986984929513472
1525986989392203776
1525986994567905280
1525986994769301505
1525987018198638595
1525987024523632649
1525987031846993922
1525987034757746691
1525987041229651968
1525987041862885382
1525987047126736898
1525987047172886533
1525987048309538816
1525987048074649600
1525987048875773952
1525987053846122496
1525987054512914434
1525987062792568833
1525987068580704257
1525987086481883143
1525987092953808903
1525987093230542848
1525987094476247040
1525987101820432385
1525987103175229440
1525987103774998530
1525987104840351745
1525987113082179584
1525987117570084868
1525987123324518400
1525987128160751616
1525987130635390977
1525987138642247683
1525987140970094592
1525987143184699392
1525987144065589251
1525987144984141830
1525987147332952066
1525987152399634438
1525987162193285123
1525987163430608897
1525987168883187713
1525987170812583938
1525987171051634688
1525987175233376256
1525987175514394624
1525987176554672128
1525987176655335424
1525987181470392322
1525987183915671553
1525987192899883008
1525987199635816450
1525987205067456512
1525987206434803714
1525987215704313856
1525987224495562754
1525987227960066048
1525987236906426368
1525987239083352065
1525987244552617986
1525987245261479938
1525987258834223104
1525987259291521024
1525987259870224385
1525987261292199938
1525987261598269446
1525987264030965761
1525987264551178240
1525987283404750848
1525987290971004929
1525987301028794368
1525987301448376321
1525987302626971648
1525987302572441600
1525987303147159552
1525987305722355712
1525987316745089025
1525987324416430083
1525987330682757121
1525987332565901313
1525987342992949268
1525987345274654721
1525987345325084673
1525987346583265285
1525987347908681734
1525987349162778624
1525987349359996929
1525987351691943936
1525987352560259073
1525987355819229185
1525987357228507136
1525987361418510337
1525987370599948288
1525987371149303808
1525987376262270976
1525987379156336641
1525987382197207040
1525987383425916929
1525987388228521984
1525987389943996418
1525987404569534466
1525987405882335232
1525987413256019974
1525987435791847424
1525987441655816192
1525987444427997185
1525987447535968257
1525987450924974080
1525987455320702976
1525987462224420864
1525987462488662016
1525987466884354048
1525987475822452738
1525987476808077313
1525987480008155136
1525987486559678464
1525987488766087169
1525987494533156866
1525987495917363200
1525987496860999682
1525987504448487425
1525987505144836098
1525987505723539456
1525987514552549377
1525987519271149568
1525987520781111296
1525987523771736068
1525987526728683523
1525987532248211457
1525987533447999488
1525987536677511171
1525987538208403456
1525987543120023552
1525987543573057536
1525987547687571459
1525987551013654530
1525987555627638784
1525987562761834496
1525987564255162368
1525987564947005441
1525987575747469313
1525987575915225088
1525987576615776256
1525987577672736771
1525987578498924546
1525987588124860419
1525987597700448256
1525987603362762752
1525987603782279168
1525987611742982145
1525987611898105858
1525987612174917632
1525987617673826306
1525987623185137665
1525987627928891394
1525987651941191685
1525987657897189377
1525987660640276480
1525987678100934657
1525987683629162497
1525987689337704452
1525987700716843009
1525987701694115840
1525987716659306497
1525987718722904064
1525987726255849475
1525987728948613122
1525987766470844416
1525987770455539713
1525987774591008770
1525987789912801281
1525987794094637062
1525987795621249025
1525987796422258689
1525987799916331009
1525987802885804032
1525987804085374976
1525987810263670784
1525987810662023168
1525987812558118912
1525987812847370241
1525987813853777920
1525987816538267648
1525987824486473728
1525987830060687362
1525987834158411776
1525987839950954497
1525987844002545665
1525987866639159296
1525987868438577155
1525987869034041344
1525987870376398853
1525987870908878848
1525987877997334528
1525987883148054529
1525987883982671873
1525987904060903424
1525987904165752834
1525987907173027847
1525987910901764097
1525987911434649600
1525987912189345793
1525987913464483840
1525987916467556352
1525987917738528771
1525987924726120448
1525987925351079939
1525987926056009728
1525987931873333250
1525987939318210561
1525987953700265984
1525987953629093888
1525987956019933184
1525987960998375425
1525987961636110338
1525987965524226049
1525987972876738561
1525987977142358016
1525987980665573376
1525987984205664256
1525987989284962305
1525987989435961344
1525987997874790401
1525987999221170178
1525988001393827841
1525988010679992322
1525988011158167558
1525988011443462144
1525988013645471745
1525988018724675585
1525988024701669377
1525988027046273029
1525988027822182402
1525988031861182466
1525988034742829057
1525988035996880899
1525988036256927744
1525988036198154240
1525988037968240640
1525988044142174209
1525988047225032704
1525988048462172161
1525988053587832833
1525988055567552517
1525988060470685696
1525988060516655104
1525988062622363648
1525988076086083587
1525988077218430976
1525988081874219015
1525988088668991488
1525988091827261441
1525988093450412034
1525988096898224129
1525988101495087104
1525988103038582785
1525988110768648192
1525988110466748419
1525988112559755265
1525988118532440065
1525988118679236610
1525988122085015553
1525988130557308929
1525988131459284995
1525988135842217989
1525988137419292672
1525988143207436289
1525988146550390785
1525988148601315331
1525988149960314881
1525988153059852288
1525988160106156033
1525988160064438275
1525988161876283397
1525988171091169280
1525988172798124032
1525988176011091968
1525988187121889282
1525988202875654145
1525988206034006017
1525988210299613184
1525988218839130112
1525988220613406723
1525988221271916547
1525988222907588608
1525988223670943744
1525988226728710144
1525988226678374402
1525988229945602049
1525988230855794688
1525988231573037056
1525988235167547395
1525988237663260677
1525988250090733569
1525988252729372673
1525988253622538240
1525988254247526401
1525988254499352576
1525988258747932679
1525988260220108802
1525988274052947968
1525988275105800198
1525988277248983042
1525988281720225793
1525988284639354880
1525988292034011147
1525988291941650433
1525988294802259970
1525988303551483905
1525988305971691521
1525988311633997825
1525988311931944960
1525988316881068032
1525988320999886850
1525988323994521600
1525988343959326720
1525988355267350530
1525988361646665729
1525988363534213120
1525988365027446784
1525988365673308160
1525988369599238145
1525988375383220225
1525988381297082371
1525988385516658688
1525988400431497216
1525988402822369280
1525988406555123714
1525988412204916738
1525988414134304769
1525988418399920128
1525988419385577473
1525988433621139457
1525988435651088385
1525988436468965376
1525988439983898625
1525988441837735939
1525988445771931648
1525988447940485120
1525988449798561797
1525988450268233736
1525988451824410627
1525988452818468864
1525988460472856577
1525988460980486144
1525988461249011713
1525988462880604163
1525988465090904065
1525988466873573387
1525988468857389056
1525988476113539073
1525988476965076992
1525988492387487746
1525988496518823937
1525988496988590081
1525988502034259968
1525988502927773697
1525988519692447744
1525988523655979008
1525988525002436608
1525988529498730496
1525988532640169987
1525988533596454912
1525988549857796098
1525988551212646401
1525988562478432256
1525988563447296000
1525988572658118657
1525988573006249985
1525988575631876105
1525988579943538693
1525988583265521665
1525988595898761223
1525988597681225734
1525988598880911367
1525988617889488896
1525988624952598528
1525988632481374217
1525988636168278016
1525988640752533509
1525988652358189056
1525988652903325697
1525988660767768583
1525988663699578881
1525988667013140481
1525988667566829568
1525988669294841856
1525988669462663173
1525988673069645825
1525988681177341952
1525988682444189697
1525988682393583616
1525988687456133120
1525988690513776641
1525988702790602754
1525988704115777536
1525988711279824898
1525988714421313538
1525988719265726465
1525988725347557377
1525988726161260566
1525988730363953154
1525988730556796930
1525988731345330178
1525988735183212544
1525988742661558272
1525988742661562368
1525988747132735488
1525988751469686784
1525988752283287556
1525988756645457920
1525988762710380544
1525988770251739137
1525988771392638977
1525988772185223169
1525988774764810240
1525988775603707906
1525988776182484992
1525988786022260736
1525988794532495360
1525988798429118465
1525988805085384706
1525988818519719936
1525988819299868675
1525988821342597121
1525988825641754628
1525988827579711490
1525988831278665728
1525988831329239043
1525988840162336768
1525988842230128640
1525988844436443137
1525988846755643392
1525988854964035588
1525988860408352771
1525988862572503040
1525988863138680833
1525988863583322112
1525988865533689857
1525988866276175878
1525988867366592514
1525988866926071809
1525988873372848128
1525988877286051840
1525988889651032064
1525988893501407232
1525988894113677315
1525988894180839425
1525988900228976640
1525988900912746496
1525988902888169473
1525988907011215360
1525988909385019392
1525988916578332673
1525988917136265217
1525988918721925120
1525988918503649281
1525988919073988608
1525988928930693120
1525988933171044352
1525988939932348422
1525988951055646720
1525988962958909441
1525988965957963777
1525988968705232896
1525988971565678593
1525988973549654019
1525988977387442180
1525988979337723906
1525988982525403139
1525988985591500805
1525988987688697857
1525988990289166337
1525988992625287170
1525988999055089664
1525989007498387458
1525989021180170240
1525989024422408192
1525989025978400769
1525989034748792832
1525989036212604928
1525989038808870915
1525989039664508929
1525989042948546560
1525989044869599234
1525989050154377222
1525989053010681861
1525989057523814400
1525989060778631169
1525989068294725632
1525989069314002944
1525989070408753154
1525989071973232640
1525989073936125959
1525989074280013826
1525989083415183360
1525989095721279489
1525989097780690945
1525989101589110785
1525989116160131073
1525989123353460737
1525989123928076303
1525989124934705152
1525989133751042049
1525989134636044295
1525989144710848512
1525989148217204738
1525989149123268608
1525989149878235141
1525989156094197768
1525989157201403910
1525989160208805889
1525989170845556743
1525989171927695362
1525989175345958912
1525989176956620804
1525989179380879360
1525989187907858432
1525989192093904896
1525989194379710465
1525989195327672320
1525989197508710400
1525989198368591872
1525989201426128897
1525989203095478273
1525989207025627139
1525989209508663297
1525989223660134403
1525989224268369931
1525989225404973056
1525989225312624640
1525989225937641475
1525989229314166784
1525989236180238336
1525989237853761542
1525989238159835137
1525989239158185987
1525989243222384641
1525989248167550976
1525989252672151552
1525989253162881024
1525989254203158529
1525989255226466305
1525989261278945281
1525989264445546497
1525989272091865089
1525989292111192064
1525989298184519682
1525989302676639744
1525989304878628864
1525989305453367297
1525989307361665025
1525989311837003776
1525989311962832901
1525989313824968704
1525989328664596480
1525989329968971776
1525989332439400449
1525989333638971393
1525989342673502211
1525989351712243713
1525989362923626496
1525989375045210116
1525989375783448577
1525989379696631808
1525989381680648199
