1523120478441054209
1523120479527223298
1523120483209596928
1523120495222132737
1523120497684357120
1523120501777858560
1523120502633418752
1523120503199784961
1523120503837192193
1523120504726605825
1523120506731659264
1523120506911830016
1523120506903449600
1523120512972750848
1523120517611327488
1523120518958043137
1523120520606396416
1523120521491091456
1523120521977614338
1523120523038789632
1523120523479498754
1523120526775836673
1523120528491696131
1523120529527345153
1523120533642297344
1523120533717495809
1523120543394058240
1523120547302760450
1523120548095614978
1523120548204613635
1523120548967985152
1523120549265764355
1523120549312012289
1523120553783177216
1523120557998235648
1523120558397079552
1523120562197102594
1523120563262173185
1523120566223482881
1523120567519391744
1523120568765198336
1523120579829657600
1523120580706324481
1523120582958718976
1523120584644734976
1523120584724742144
1523120585873981440
1523120587547512832
1523120588251811842
1523120589380415488
1523120590697406464
1523120591309787136
1523120592987168768
1523120593574703104
1523120595700834305
1523120599794552832
1523120613975502849
1523120620262748160
1523120621655232513
1523120631658971136
1523120637346156544
1523120643612594181
1523120644417724416
1523120647248916481
1523120649165996032
1523120651686621185
1523120652831580161
1523120655717203968
1523120658628366336
1523120667138588672
1523120667767586816
1523120668363341825
1523120675300466689
1523120681885773825
1523120693931614209
1523120694783266817
1523120696117063680
1523120697928986628
1523120697936998402
1523120700005163009
1523120703704211456
1523120705197555712
1523120705239461890
1523120713757904899
1523120714345111552
1523120716459425793
1523120716001906689
1523120718170497029
1523120720187998208
1523120721052180480
1523120728971030528
1523120729847263233
1523120730271010817
1523120738013630464
1523120738592780288
1523120742048874497
1523120744800165888
1523120748725907456
1523120751360020481
1523120751372554240
1523120751636791296
1523120753813557249
1523120756330172418
1523120758855114752
1523120763888316417
1523120767075946496
1523120768065753088
1523120768863064065
1523120769680650242
1523120773422059520
1523120775338754048
1523120784709144578
1523120788320428032
1523120788852948994
1523120791143186433
1523120796469989382
1523120797182799873
1523120797866504192
1523120799078502400
1523120813053939713
1523120813456642048
1523120813393821696
1523120814328991744
1523120817999343621
1523120818527608833
1523120822008832001
1523120825628762113
1523120827008434177
1523120827746729984
1523120828044685313
1523120832737792001
1523120833446957056
1523120843639128066
1523120843747991552
1523120844490571776
1523120857098649600
1523120857408696321
1523120858688278528
1523120863901495301
1523120865008705536
1523120866883637249
1523120868247093248
1523120869857452037
1523120873548378113
1523120874676637696
1523120878136877056
1523120894054322176
1523120896269250560
1523120897871138816
1523120898982563840
1523120908390776832
1523120908852146176
1523120909367709696
1523120910110179328
1523120914887770113
1523120917790044162
1523120917810872322
1523120919455350789
1523120933942308865
1523120940292644865
1523120943115120641
1523120960919986179
1523120963227103232
1523120978070495232
1523120980998057984
1523120982596419584
1523120983418499073
1523120986144399360
1523120987713155073
1523121007447318528
1523121009964220416
1523121014611144704
1523121015169359872
1523121019028148224
1523121028561473537
1523121032068210689
1523121034420965376
1523121037403062273
1523121040276148224
1523121044395278336
1523121044780900352
1523121048690077698
1523121051466665987
1523121065056440320
1523121065668534272
1523121065911803904
1523121066809380871
1523121071532437505
1523121072039555072
1523121073805348865
1523121076796071938
1523121077567721478
1523121078830354432
1523121079195103236
1523121082450214914
1523121082970083328
1523121086279593984
1523121088657444864
1523121091337756672
1523121097054502918
1523121102737657858
1523121104814239746
1523121107464822784
1523121115853295617
1523121116285644800
1523121119041044481
1523121126108508160
1523121126808846337
1523121131284492289
1523121132102062080
1523121133138051072
1523121134421614594
1523121143917555712
1523121150855122944
1523121151035195393
1523121155455930368
1523121155732905984
1523121156743897088
1523121171105034241
1523121171986006016
1523121175047864320
1523121175915896834
1523121183847337988
1523121185663307776
1523121187085332480
1523121188452638720
1523121189882892290
1523121211261145088
1523121212297461760
1523121223902842881
1523121226649989120
1523121227384164352
1523121239132454913
1523121239400742915
1523121242634878976
1523121244518100992
1523121245495169024
1523121246686400512
1523121253493899264
1523121257054625793
1523121260498104320
1523121264214245376
1523121267087454208
1523121268157038592
1523121268865728512
1523121272896507904
1523121274351874048
1523121274339627008
1523121278848143360
1523121280320688131
1523121294023221249
1523121294631669761
1523121298553323520
1523121304878329856
1523121305713000448
1523121313845501952
1523121315334729733
1523121317020520448
1523121318127841282
1523121319352623104
1523121320254353408
1523121323026829313
1523121324029227013
1523121324314353664
1523121328428969985
1523121338243682304
1523121341376860160
1523121342878732288
1523121346015768578
1523121345663438849
1523121360024662016
1523121361379602433
1523121363174764548
1523121366207451136
1523121377103933440
1523121379012395008
1523121383210831872
1523121389053652992
1523121391603572736
1523121397190610945
1523121411585626112
1523121412977795072
1523121415486017536
1523121420657741824
1523121421597118464
1523121424184971265
1523121427980816384
1523121428198924289
1523121430409347072
1523121431764213760
1523121432515039234
1523121433731563521
1523121436185010177
1523121438521106432
1523121439515488257
1523121439922323457
1523121441142874112
1523121454237298688
1523121465885085696
1523121472524279808
1523121473417744384
1523121474151890944
1523121477293416448
1523121483970940928
1523121484763254791
1523121485233238017
1523121485761634314
1523121488517210112
1523121490274570240
1523121496285417473
1523121502224359424
1523121502245163008
1523121502459105280
1523121508759261184
1523121512819183616
1523121513129398272
1523121515323043841
1523121515947913219
1523121517562761217
1523121520444207104
1523121523275431936
1523121523652849664
1523121527507795968
1523121538274557953
1523121537628450817
1523121543093829632
1523121545862082560
1523121554170605568
1523121558344335361
1523121559639973888
1523121561103781888
1523121564316700674
1523121564996325377
1523121568053743617
1523121578510364673
1523121584856530944
1523121588262305792
1523121591772622848
1523121591856648192
1523121594390159360
1523121594872340480
1523121595128160257
1523121594889289731
1523121599418753025
1523121600056664064
1523121601499176960
1523121602661339136
1523121607182471168
1523121612144640000
1523121613633372160
1523121615521087488
1523121617852780544
1523121630318366722
1523121636697772032
1523121640275857408
1523121641491890176
1523121647636475905
1523121648177586176
1523121648555241472
1523121659254738946
1523121660303273984
1523121661431623680
1523121664338366464
1523121665550729217
1523121678611812352
1523121679135870977
1523121679664177153
1523121680008286211
1523121681836875778
1523121683476799489
1523121684403871745
1523121687834898434
1523121690166894593
1523121692352126977
1523121693077929984
1523121693468033025
1523121696064294912
1523121699054833666
1523121701801775105
1523121704155095040
1523121705723600897
1523121705983430656
1523121707963224064
1523121708311318528
1523121711452876801
1523121714686742529
1523121718423871488
1523121718985773056
1523121719304544256
1523121721456345090
1523121733758341120
1523121744583839746
1523121745447772163
1523121759175675904
1523121764410269696
1523121764695302144
1523121778742104065
1523121778654130176
1523121781422317569
1523121783247106048
1523121784240971776
1523121784614232066
1523121795154743296
1523121798144946176
1523121801685237760
1523121805526851584
1523121806445625344
1523121809222434817
1523121813093445632
1523121818370215936
1523121819301023744
1523121834413084672
1523121835633741834
1523121836699131909
1523121842063822848
1523121844425224192
1523121856315682817
1523121857200672768
1523121864037781504
1523121866105307136
1523121871935393792
1523121886133047296
1523121887026757634
1523121892810498055
1523121894668439552
1523121897990369280
1523121898858885120
1523121900142084096
1523121907146452992
1523121916659310593
1523121919561973762
1523121926415167488
1523121937383272448
1523121941611429888
1523121944538886145
1523121946166145024
1523121946359386112
1523121946963382272
1523121952457904130
1523121973194555392
1523121974263762944
1523121978374189056
1523121979469008898
1523121984141471744
1523121985542316034
1523121986536452098
1523121986762723328
1523121987626930176
1523121988138684416
1523121990076301317
1523121990260908043
1523121998431457282
1523122001333862400
1523122007700692992
1523122009072300032
1523122012197072897
1523122029280432129
1523122032841740288
1523122036578856960
1523122040349159425
1523122042823790592
1523122058607009792
1523122075858538496
1523122080455303168
1523122080794828800
1523122084750143488
1523122086939488258
1523122088214597632
1523122095320088577
1523122098599829504
1523122104614678528
1523122105914585088
1523122113858707457
1523122119873220608
1523122134918201349
1523122138772905984
1523122143977824256
1523122144191913985
1523122147673407488
1523122150005100546
1523122153813471232
1523122155336060928
1523122160964882432
1523122160922886144
1523122161132744704
1523122161980153856
1523122163871584256
1523122163930353664
1523122164894949381
1523122165436063745
1523122166849548288
1523122168141205504
1523122169806426112
1523122174646956032
1523122175225602048
1523122179470430209
1523122183488172033
1523122186923388929
1523122187795943426
1523122190471905282
1523122196117262336
1523122195790241794
1523122197237481474
1523122199451906049
1523122201398026243
1523122203729924096
1523122203901849600
1523122207529967616
1523122214014439433
1523122214027079681
1523122214870024193
1523122221644156929
1523122222139047937
1523122229109981185
1523122230489661441
1523122236059570176
1523122236642979840
1523122238458765315
1523122243257368577
1523122248357351424
1523122249821081602
1523122258679668736
1523122260311261185
1523122263033188353
1523122267529560064
1523122271732178944
1523122277340090370
1523122278321762305
1523122279756013570
1523122280217210880
1523122286525435906
1523122288748818432
1523122291869368321
1523122293035212800
1523122293731315712
1523122299628670976
1523122335477551104
1523122337683435520
1523122341420867586
1523122342326865920
1523122346160234504
1523122354293186561
1523122367798468608
1523122373695709184
1523122377185406977
1523122387612446720
1523122388514197504
1523122392633012224
1523122393325391872
1523122397141995525
1523122399159459841
1523122400417787904
1523122401608822784
1523122403903107072
1523122408085135360
1523122409599303682
1523122410500800513
1523122412073947136
1523122412887638016
1523122413793607680
1523122414510505988
1523122414661804032
1523122424073850881
1523122441400184835
1523122441844924416
1523122442327060480
1523122443958824960
1523122449004605440
1523122460689768448
1523122463525466113
1523122465030893569
1523122465685131264
1523122474082205696
1523122480449134592
1523122485100646400
1523122498535002112
1523122505862557696
1523122509763072000
1523122513576075264
1523122513827573761
1523122514573987842
1523122515509350400
1523122529950658560
1523122530835320834
1523122531531902977
1523122533301587968
1523122533997760513
1523122537630408704
1523122540037640192
1523122542097149953
1523122544756228096
1523122547302273025
1523122548698861568
1523122555388776449
1523122558920531968
1523122559818080256
1523122560375959554
1523122560153849856
1523122562049675265
1523122562481283074
1523122567661326336
1523122573202325504
1523122575848603648
1523122576436137985
1523122579149516800
1523122591078449152
1523122595289128960
1523122595989962753
1523122601601630209
1523122612636819458
1523122619179962368
1523122621029789697
1523122622619611136
1523122643217563651
1523122649450557441
1523122656547016704
1523122665640251392
1523122665875066880
1523122669495136257
1523122670644056067
1523122671445327876
1523122671650844674
1523122673282588673
1523122679200550913
1523122681322872833
1523122685517217792
1523122688298196992
1523122692538331136
1523122695323684864
1523122695566934016
1523122699547119616
1523122700369072128
1523122704899100673
1523122708975861760
1523122710108377088
1523122714466078720
1523122714680037376
1523122720774537218
1523122723416903681
1523122723945213953
1523122729053949953
1523122734451986437
1523122736549220356
1523122740474957833
1523122740709969920
1523122741549105153
1523122743595569158
1523122752177147905
1523122752793845762
1523122755557896193
1523122761266507776
1523122762029858816
1523122768489103360
1523122768551718912
1523122771920039936
1523122775179038720
1523122778529882113
1523122785945538561
1523122786083872768
1523122793214525440
1523122798209945600
1523122806971502592
1523122813347180544
1523122819193659392
1523122825803882497
1523122829826289664
1523122831738867713
1523122835862204417
1523122836201648129
1523122837053050880
1523122840018448384
1523122848130211840
1523122850248667136
1523122851477348352
1523122866081959936
1523122879080108032
1523122881534005248
1523122885866696705
1523122888395530243
1523122888672366592
1523122889490198528
1523122893315522561
1523122893617565696
1523122894284369920
1523122896780283904
1523122898801618946
1523122903541157888
1523122906422988800
1523122907005825024
1523122910663168000
1523122911347081217
1523122913465212930
1523122913809158147
1523122921685676032
1523122922776236035
1523122925435785216
1523122927817875456
1523122934709370880
1523122943999590403
1523122945677168640
1523122947602460672
1523122948608905217
1523122950958120960
1523122953461723136
1523122953789001730
1523122955114663936
1523122957127753729
1523122957391994881
1523122959845449728
1523122966107594752
1523122966539964417
1523122967722352640
1523122972961124352
1523122980532133888
1523122985191809024
1523122994570088454
1523122995551739904
1523122996411609091
1523123000727375872
1523123006985363456
1523123008067751936
1523123012828123137
1523123014942195713
1523123017349427201
1523123020272848898
1523123027239915521
1523123028518838272
1523123035586265089
1523123041948999680
1523123042310045696
1523123048139788288
1523123049662644224
1523123062278959104
1523123066586353664
1523123077370236928
1523123078133436416
1523123080754868226
1523123083405582337
1523123083468750848
1523123085846925312
1523123088707448832
1523123088749215745
1523123099272630273
1523123101659279360
1523123103332589573
1523123105731948544
1523123106700836864
1523123111503314944
1523123112681918470
1523123116834140161
1523123121234104320
1523123123868114944
1523123130616713218
1523123134068510722
1523123135721078784
1523123138820808707
1523123140955623424
1523123145917427713
1523123151449649152
1523123153559457793
1523123157502074880
1523123167828402176
1523123169703260162
1523123170932584448
1523123172219908096
1523123174891991040
1523123177362100224
1523123180176478209
1523123182047154176
1523123185897865218
1523123189722755072
1523123204608659456
1523123205799559169
1523123207292997632
1523123212955320321
1523123223814017024
1523123229988356096
1523123235809755136
1523123237126778880
1523123241690144769
1523123242307063808
1523123242365767680
1523123245758566405
1523123251613868033
1523123252867985408
1523123255283965952
1523123256127115264
1523123259667009540
1523123261227565056
1523123261403729920
1523123265090342912
1523123265362960384
1523123266595917824
1523123266885328896
1523123270933184512
1523123271058698240
1523123271738306560
1523123288322453504
1523123290231164928
1523123292189700096
1523123293481730048
1523123297281400833
1523123298154213377
1523123298254557184
1523123301190713344
1523123303900413952
1523123304533536770
1523123310254563336
1523123315006578688
1523123317951328256
1523123320094445569
1523123321172373504
1523123321944276992
1523123323655368707
1523123324351827968
1523123324955598848
1523123328491393024
1523123331352113152
1523123333369569280
1523123345625337856
1523123346321326080
1523123346275463168
1523123347550314496
1523123347416322048
1523123350968705025
1523123352851738625
1523123353875275776
1523123355179974657
1523123355830075394
1523123358690201600
1523123361856909313
1523123364436623360
1523123369264447488
1523123370719543296
1523123372812652545
1523123383537266688
1523123386473353216
1523123388738584576
1523123389501636608
1523123391800254464
1523123391951249414
1523123392404246528
1523123393670926336
1523123394396684294
1523123398741794818
1523123398662291456
1523123405838450688
1523123406018727937
1523123406559973376
1523123406903799808
1523123414751674368
1523123415271362562
1523123418266497024
1523123422607327232
1523123426482819073
1523123440319930369
1523123444824506368
1523123447135670273
1523123447894732800
1523123451762196480
1523123468891471873
1523123472071020544
1523123473245036544
1523123474331361280
1523123475057053696
1523123477984784386
1523123483919929344
1523123490290909184
1523123493839474688
1523123494329925632
1523123494669615104
1523123496586551302
1523123501158514688
1523123501401526274
1523123501426638848
1523123505470054400
1523123505784623106
1523123506606710784
1523123513929859073
1523123515414618113
1523123516622704641
1523123518103498752
1523123525091209216
1523123533798428673
1523123535405027328
1523123543671599105
1523123545399644161
1523123547262287872
1523123547597639682
1523123549015261185
1523123551997292547
1523123552882360321
1523123555394670592
1523123557798060032
1523123558876024832
1523123558981193728
1523123560201564160
1523123568053465093
1523123570502680577
1523123571245326337
1523123573585432578
1523123576953524226
1523123578757328896
1523123580787380224
1523123582867361792
1523123584196960259
1523123588919820291
1523123590773702657
1523123603058868225
1523123609555767296
1523123614484426753
1523123619001339904
1523123619676639235
1523123620356239360
1523123622042349568
1523123625687384064
1523123626664656897
1523123634356727808
1523123634688065536
1523123638651990016
1523123638756544512
1523123640451043329
1523123650903240705
1523123653172350976
1523123678115860480
1523123679026024449
1523123680901234688
1523123685317652480
1523123686911356928
1523123693236350976
1523123693756497920
1523123696709160960
1523123696692604928
1523123698491822080
1523123698579820544
1523123700563734530
1523123711670247424
1523123713964658690
1523123716082700289
1523123716426674178
1523123717638864901
1523123718947590144
1523123720214175745
1523123725821878272
1523123734223093761
1523123734382481408
1523123735397642240
1523123735607218177
1523123740598538240
1523123750186618880
1523123755169501184
1523123768465707010
1523123769836900353
1523123773624709120
1523123791278264320
1523123792423559168
1523123793614581760
1523123797544611840
1523123798622408704
1523123806776152064
1523123809682923521
1523123813294125056
1523123814518771713
1523123814732734464
1523123814825357312
1523123828892717057
1523123833686749184
1523123834357837824
1523123839055454209
1523123839818997760
1523123841165234176
1523123844420030464
1523123847389622274
1523123849977421824
1523123854645760000
1523123857435283456
1523123860823961601
1523123862766235649
1523123863038545920
1523123867480248322
1523123867560161282
1523123867493011457
1523123871012032512
1523123871465238529
1523123871733407744
1523123872001937408
1523123875739062275
1523123876082995201
1523123877454381058
1523123881435078656
1523123882751762433
1523123896211611648
1523123905917222913
1523123907837931520
1523123912548098048
1523123912657174528
1523123914016129024
1523123916205871104
1523123922375479296
1523123921792696320
1523123932131254272
1523123935876841472
1523123939865919490
1523123939894910979
1523123943082807296
1523123973050884096
1523123974271803392
1523123974800285696
1523123978789072899
1523123979346579456
1523123984828534785
1523123990276894720
1523123998355488769
1523124015019167746
1523124018055827456
1523124023068360704
1523124025354072064
1523124026557681664
1523124026905870337
1523124031540850688
1523124033516056577
1523124034937925633
1523124043574091777
1523124049450536960
1523124049986998272
1523124052663042051
1523124057876574209
1523124058472083456
1523124065937936384
1523124068882345984
1523124075366957057
1523124079263461377
1523124086464909313
1523124090080415744
1523124092194287617
1523124092928348161
1523124096631926784
1523124097361727488
1523124099736018944
1523124100578701312
1523124103514783745
1523124105159266304
1523124105687756800
1523124108317257728
1523124109227720704
1523124111022891009
1523124121713844226
1523124122452213766
1523124124385943553
1523124130773618691
1523124132241543173
1523124137346187264
1523124148750684160
1523124156589817856
1523124157038219265
1523124157650669568
1523124159051620352
1523124167687630849
1523124167792803841
1523124174931210240
1523124179779788802
1523124181465972737
1523124183592747009
1523124183869190145
1523124187845603328
1523124188713992193
1523124191305736193
1523124191863906304
1523124196876124161
1523124197442338816
1523124198062895104
1523124201275609090
1523124209018281984
1523124209320308736
1523124213112262656
1523124215725330433
1523124219084632064
1523124224327847936
1523124227326554112
1523124228425654272
1523124231759826945
1523124233542733826
1523124236755390465
1523124241117626368
1523124242312704002
1523124247077396482
1523124248033718272
1523124252853026816
1523124253461483520
1523124258104172544
1523124260197306368
1523124263804411905
1523124264685441024
1523124271295479809
1523124274650771457
1523124276433678342
1523124280418271233
1523124281017831424
1523124282054037504
1523124284356702209
1523124285107163137
1523124289201147904
1523124297723654144
1523124298424016897
1523124299103719424
1523124301947277312
1523124302010523648
1523124304522612736
1523124304942342144
1523124305340469248
1523124308419219456
1523124310436892672
1523124311095193600
1523124311510306817
1523124315323273222
1523124320125734912
1523124320750473217
1523124323971526658
1523124326689492992
1523124329499832322
1523124329802002432
1523124338861305856
1523124340065468416
1523124347417858048
1523124348391141377
1523124348969648128
1523124352518352896
1523124353642078209
1523124365553897472
1523124367315582976
1523124367412297729
1523124377587355648
1523124379462164484
1523124390824620032
1523124393051758592
1523124400970944512
1523124414723674112
1523124426291949568
1523124429391228929
1523124432440803329
1523124434420518914
1523124438052519941
1523124439348826112
1523124440258727936
1523124441768734721
1523124443664506888
1523124443715112960
1523124445946294272
1523124457803751424
1523124467982999552
1523124469371342849
1523124471199977473
1523124473666637825
1523124475352416257
1523124496118345731
1523124500451119105
1523124523926790147
1523124525868589058
1523124525776486406
1523124529639596032
1523124534160809984
1523124535817646081
1523124537310785538
1523124536899960832
1523124554737930243
1523124555212070912
1523124561717342208
1523124561700540417
1523124562548105216
1523124562740797440
1523124565215436801
1523124568336248832
1523124569426464770
1523124578662330368
1523124581011271680
1523124583238225922
1523124586535170048
1523124588393414656
1523124590188371969
1523124591069179905
1523124591983738880
1523124592973209600
1523124594621571073
1523124603756978177
1523124604348547072
1523124605296119808
1523124614335012864
1523124626640949248
1523124627341725697
1523124630050852864
1523124638926405633
1523124640025280514
1523124645972434945
1523124653316882433
1523124653568688129
1523124656819027969
1523124660824551424
1523124661562847233
1523124661714042880
1523124665463754752
1523124667845816320
1523124672761856001
1523124675848863744
1523124677102555136
1523124677836943361
1523124688276402176
1523124692089188353
1523124693414592512
1523124695385600002
1523124701287141376
1523124702293610496
1523124703056916482
1523124707750514688
1523124713458970624
1523124716709433344
1523124725853003778
1523124731314065408
1523124733201371136
1523124734526955521
1523124739241168896
1523124740310798339
1523124743817560067
1523124744437911552
1523124744497037313
1523124749689245697
1523124751132020736
1523124757805158401
1523124761294954496
1523124764545478657
1523124769645727744
1523124770199728128
1523124773278355457
1523124775044157441
1523124778189475841
1523124779686895616
1523124781037588482
1523124785282097154
1523124787379245057
1523124792668430341
1523124796623630336
1523124798959894529
1523124798989402112
1523124802055147520
1523124802927546368
1523124804399747072
1523124820858183680
1523124822133424128
1523124823748096000
1523124824285065216
1523124827951071233
1523124830144720896
1523124840961560576
1523124841863254016
1523124842500743168
1523124849631465473
1523124852256755712
1523124852437438465
1523124853393424385
1523124854136143872
1523124855373279240
1523124858917335040
1523124859345469441
1523124859642908673
1523124861563850752
1523124861916176384
1523124862176591872
1523124865078730752
1523124870938505217
1523124871919636481
1523124874431979520
1523124876592173056
1523124877716123648
1523124883861180418
1523124883831803904
1523124884070535169
1523124884255039488
1523124885094277120
1523124885219905536
1523124890248880128
1523124892396552192
1523124894153666561
1523124894514704384
1523124898033401858
1523124900625494016
1523124901959241728
1523124903196893191
1523124909811335168
1523124910867972096
1523124911056822272
1523124917134573569
1523124929075761152
1523124932560838656
1523124932976148480
1523124935656235008
1523124943092781056
1523124944766349312
1523124944846000130
1523124947039621120
1523124949283659776
1523124956229300224
1523124959001808896
1523124960708874242
1523124961623257088
1523124963967836160
1523124964211060736
1523124972377370624
1523124975649300480
1523124976605626369
1523124979356811270
1523124984528445442
1523124985664983040
1523124988726947840
1523124994204921856
1523125003839217664
1523125009639608321
1523125015398346752
1523125018149806081
1523125022436782080
1523125023657144322
1523125032914132994
1523125041692434432
1523125043588481024
1523125045131976705
1523125045454852097
1523125046725783552
1523125047791001601
1523125052543184897
1523125053478817793
1523125055751966726
1523125073044934656
1523125074106228736
1523125074571984896
1523125074982694912
1523125079302832128
1523125080963919872
1523125083719446529
1523125088157011970
1523125094670901249
1523125101981736960
1523125102539333632
1523125103911129089
1523125107761491968
1523125109653131264
1523125111586361344
1523125112802844672
1523125113616482306
1523125115420135424
1523125121065832450
1523125124320604160
1523125127642157056
1523125132084002816
1523125134495830019
1523125140778893315
1523125141428789248
1523125142804918272
1523125146923544576
1523125147175165952
1523125157291769857
1523125162534649860
1523125165193715712
1523125174585131008
1523125177780883457
1523125178649088000
1523125180129808385
1523125180284895232
1523125183988387840
1523125185464782848
1523125185955594240
1523125188304334848
1523125190758223872
1523125201638092800
1523125208634118144
1523125209817092098
1523125211113033728
1523125211872251904
1523125213646536704
1523125215504519168
1523125223939198977
1523125229702107136
1523125230180311040
1523125234345590785
1523125243346579456
1523125247985213440
1523125256403054592
1523125257124544512
1523125257959362567
1523125259146342400
1523125262010904576
1523125262908628993
1523125269946863616
1523125270664069120
1523125273788829697
1523125277856989184
1523125281052979201
1523125281015631872
1523125282546532354
1523125283251171329
1523125284828069888
1523125286098939905
1523125286111354880
1523125289554907136
1523125294516690945
1523125305132470272
1523125305858162689
1523125309876613120
1523125310040035331
1523125313357885440
1523125315370950664
1523125316860149760
1523125327618183168
1523125333251309573
1523125334241128456
1523125339395866624
1523125343183269889
1523125343602692096
1523125351051792384
1523125351794507776
1523125352641576960
1523125354595971072
1523125360405082114
1523125360455471105
1523125363353604096
1523125363907334144
1523125367992582144
1523125370307764224
1523125370694021121
1523125370823663616
1523125375273906177
1523125378012831744
1523125383339470848
1523125385117925377
1523125387135700992
1523125405519167488
1523125407431634944
1523125410845773824
1523125412095700992
1523125414025175040
1523125415971364864
1523125419566039040
1523125419754819584
1523125421352841216
1523125425899294721
1523125432328941569
1523125432891351041
1523125433868468228
1523125435017670660
1523125438033195008
1523125442580221952
1523125443205136384
1523125443964313600
1523125449894727681
1523125450364833792
1523125452319068160
1523125457134452736
1523125457255866368
1523125457985871872
1523125462771245057
1523125463194894336
1523125469884731392
1523125476113338368
1523125481117208577
1523125488591728642
1523125493045805056
1523125493884723201
1523125493813284864
1523125499018440704
1523125499090079744
1523125512339849216
1523125516169011200
1523125516978466818
1523125518044139520
1523125519364939776
1523125527715885057
1523125531918553088
1523125535232036864
1523125539657203712
1523125539669946368
1523125540298788865
1523125541599031297
1523125543277056000
1523125551313350656
1523125553142038528
1523125556887580672
1523125560439939072
1523125565858799616
1523125567561760769
1523125572058165250
1523125576504004608
1523125578324652032
1523125580153057280
1523125588802011137
1523125606044475392
1523125612277231616
1523125612583407616
1523125616299503616
1523125617624944640
1523125620468723712
1523125621836025856
1523125622884687872
1523125622217748484
1523125625661370371
1523125632624099330
1523125633160982528
1523125632648982528
1523125634905436160
1523125643432525825
1523125660675313664
1523125662306951169
1523125663225458695
1523125663275749376
1523125664672534529
1523125666316574720
1523125680208236544
1523125693676068865
1523125694284419072
1523125696029085696
1523125698977837056
1523125699028013057
1523125699485175808
1523125699800100865
1523125699808473088
1523125707576029184
1523125710314885120
1523125715968831488
1523125719299018752
1523125721249423360
1523125723891912706
1523125724604903425
1523125726467301382
1523125741583360002
1523125745584771073
1523125748478926848
1523125752849436672
1523125754212634625
1523125757299503104
1523125758956380160
1523125764430135296
1523125764434055169
1523125765323333638
1523125773699514368
1523125779416059904
1523125783559999488
1523125784327561216
1523125787133714433
1523125789113335809
1523125791126654976
1523125800475586562
1523125802359009280
1523125808994590720
1523125845866389504
1523125850098610177
1523125855139995648
1523125854632804352
1523125861150384128
1523125861771141120
1523125862832369665
1523125864279408640
1523125866410442752
1523125871028191233
1523125873196498944
1523125875012947968
1523125883162169344
1523125884756307968
1523125885532254208
1523125892037312512
1523125895514701824
1523125895648612353
1523125899247624194
1523125899478323201
1523125903462907906
1523125905505144833
1523125908206657536
1523125908265213955
1523125916603645952
1523125924664774657
1523125926103752704
1523125930712965121
1523125939282010115
1523125938913161216
1523125939324190720
1523125939504254977
1523125942121598977
1523125945443389440
1523125960534540289
1523125967094710275
1523125968314912768
1523125973029253121
1523125975323664385
1523125975382429697
1523125978612088833
1523125980490919936
1523125985113251841
1523125985285132290
1523125990771200000
1523125996706226177
1523125998791032833
1523126001219227648
1523126004348112896
1523126005627592704
1523126006059515904
1523126008815095808
1523126024577642496
1523126028243251206
1523126029643964416
1523126030168637440
1523126031820988417
1523126032118824960
1523126034312409088
1523126036497588224
1523126045519491072
1523126047327199233
1523126060535238657
1523126062460420098
1523126071574798341
1523126074388860928
1523126075714277376
1523126076267892739
1523126076842856448
1523126077560094720
1523126080265019392
1523126084371632128
1523126086032367616
1523126088225886209
1523126088288935938
1523126089287192576
1523126095385661441
1523126096425803776
1523126096736055297
1523126098124369921
1523126099236225025
1523126100976873473
1523126107976847362
1523126109499707393
1523126110598352901
1523126111986614272
1523126116470628352
1523126137517666304
1523126137836113920
1523126148724674562
1523126150490464256
1523126154399748096
1523126164361199616
1523126165187178497
1523126169268371456
1523126173177245702
1523126177489117184
1523126179338760192
1523126181016395777
1523126197797883904
1523126201203757058
1523126203690848256
1523126211555127296
1523126219465629697
1523126225925214211
1523126235265921026
1523126235475456001
1523126241921888257
1523126242685427712
1523126246208466944
1523126247982698496
1523126249241030656
1523126253754085376
1523126254006063104
1523126256312672257
1523126261425786880
1523126263220928512
1523126269663096832
1523126271156404225
1523126273945571329
1523126275820617731
1523126278689153029
1523126280006549504
1523126281344327680
1523126281411637248
1523126282296471552
1523126285320753152
1523126285404356608
1523126290789842948
1523126291519909889
1523126292807180288
1523126296615694337
1523126296850550784
1523126304241070080
1523126306740654080
1523126316920614912
1523126317075546112
1523126317931241472
1523126320162476032
1523126321076875266
1523126320867454977
1523126322838446080
1523126326437494784
1523126334175674369
1523126340530098177
1523126342686023682
1523126344741056512
1523126352622362625
1523126353457033216
1523126354308648960
1523126361862270982
1523126364148281344
1523126364127248385
1523126364236308480
1523126365217820674
1523126369319751680
1523126374885515264
1523126377796435968
1523126379260575744
1523126380678238208
1523126381550444550
1523126383005810690
1523126384758951936
1523126397606129664
1523126399954993152
1523126406699356162
1523126408016719872
1523126410348433408
1523126411602829314
1523126418300825600
1523126421987672066
1523126426106757120
1523126427473760257
1523126430036824064
1523126432095948801
1523126433865891840
1523126435384201216
1523126441604706305
1523126442426798082
1523126451138039808
1523126454900322304
1523126459987943424
1523126460877533185
1523126467408072704
1523126480128991232
1523126480871428096
1523126490090549248
1523126497804173312
1523126501884846083
1523126503193849857
1523126504376311809
1523126505676718080
1523126509736968192
1523126511263395840
1523126521946279937
1523126523607367681
1523126527998709760
1523126528036732929
1523126529332371456
1523126534122651648
1523126535028637697
1523126547003375617
1523126560018268161
1523126562513555457
1523126566309744641
1523126575851573249
1523126576459640832
1523126579576025088
1523126584793780224
1523126587063169024
1523126590002978818
1523126594688065536
1523126594864390144
1523126596043177985
1523126598857535488
1523126602665578498
1523126610479796224
1523126616289058818
1523126618947993600
1523126621666156544
1523126625092653056
1523126624765374464
1523126627764359168
1523126629706481665
1523126630222540801
1523126633057513473
1523126635113107456
1523126636681461760
1523126636765642753
1523126636866314240
1523126638204145664
1523126640322117632
1523126645393338369
1523126653202931712
1523126656159858692
1523126660781944832
1523126665190477826
1523126669766234117
1523126670625939456
1523126672995897345
1523126673188659200
1523126673277091841
1523126676212772865
1523126687029886976
1523126690968313856
1523126694307319808
1523126699403079680
1523126701102108672
1523126703739965442
1523126706202038272
1523126711663046660
1523126718503931905
1523126719892402177
1523126723415625732
1523126728495083522
1523126728499294209
1523126729467961344
1523126738087456768
1523126745398128640
1523126745993465857
1523126752662331392
1523126760010747904
1523126762070507522
1523126763668353024
1523126769431105536
1523126770400215042
1523126777870229505
1523126778776092672
1523126781171179522
1523126788674945024
1523126790608556032
1523126796509753346
1523126801526292480
1523126806311628800
1523126810266931200
1523126812942893056
1523126815358787584
1523126816969400321
1523126817174917120
1523126817288503297
1523126817716064258
1523126829422235649
1523126829464178688
1523126832878751745
1523126834614964224
1523126837215625216
1523126837643251714
1523126844567875584
1523126847545958401
1523126863513923584
1523126864713297921
1523126867334623234
1523126868110868482
1523126872023908352
1523126874406281219
1523126874506891267
1523126875165532160
1523126875937071105
1523126876310769664
1523126884430753793
1523126886729138176
1523126895679844353
1523126897693102080
1523126899169394689
1523126901799555072
1523126902113902593
1523126913916678145
1523126918152740869
1523126919151116290
1523126923223871495
1523126923689218049
1523126924872101891
1523126926139092992
1523126940940443650
1523126943067295745
1523126946787622912
1523126949371006976
1523126950042435584
1523126955264344064
1523126957893844993
1523126961366654976
1523126964420235264
1523126965477298177
1523126975061241858
1523126975434735617
1523126976563019776
1523126982573056001
1523126983152087041
1523126983520968704
1523126994887712769
1523126996683071490
1523127004127711233
1523127006170435585
1523127015578435584
1523127015640944640
1523127017012555776
1523127020896792578
1523127023291363329
1523127025514520576
1523127025850068992
1523127026676563968
1523127031088959488
1523127034599424001
1523127035169628160
1523127035509764096
1523127041373007875
1523127042308718593
1523127043210186752
1523127044821098496
1523127053930827776
1523127055952408576
1523127060650098689
1523127061652860928
1523127062193741825
1523127063301193728
1523127066954452993
1523127074378158080
1523127076362063878
1523127076555046912
1523127077226131456
1523127083375161345
1523127083827871746
1523127088173453312
1523127089352024064
1523127091851837440
1523127092786909185
1523127092984127489
1523127095861252098
1523127096725635073
1523127097274773506
1523127098734694400
1523127103759302656
1523127112655204352
1523127118800244736
1523127122067615744
1523127124218974209
1523127129516707841
1523127132481806337
1523127138286968834
1523127140644188160
1523127145018847232
1523127147468324864
1523127151918084096
1523127167600705536
1523127173497774080
1523127173543985154
1523127174571892736
1523127175750160384
1523127194670837760
1523127202954432517
1523127203671592960
1523127220155617286
1523127222973997056
1523127228317450241
1523127232557764608
1523127237977034752
1523127240904658944
1523127243555409921
1523127245128142849
1523127246512291840
1523127248315842560
1523127248449986560
1523127253088886789
1523127255291297792
1523127255509127169
1523127262110908416
1523127267957772289
1523127272512921611
1523127273255231488
1523127278917586946
1523127285867769857
1523127287972958209
1523127288090357760
1523127292834234368
1523127302053191680
1523127301797408769
1523127308252590083
1523127311511744512
1523127314132860928
1523127315345014784
1523127315839913984
1523127318012563456
1523127320025870336
1523127327793635329
1523127332260564992
1523127340443873280
1523127352561225728
1523127354906005504
1523127356294111232
1523127357934120961
1523127360119181312
1523127366826205185
1523127372345602050
1523127372740173825
1523127378121486339
1523127381518852096
1523127389529718785
1523127390737678336
1523127395414327297
1523127398300270592
1523127398224769024
1523127402687352832
1523127403115126785
1523127404453007360
1523127406672101377
1523127412661587968
1523127417124134913
1523127418424152066
1523127421964222465
1523127425139240960
1523127426406301696
1523127428855779330
1523127429866266624
1523127432626118657
1523127437475086336
1523127440943742976
1523127451102154757
1523127451605356544
1523127453824131072
1523127456856780800
1523127456969887744
1523127460799254528
1523127468403556352
1523127469166931968
1523127471465324544
1523127476750221312
1523127478033829888
1523127479547879424
1523127481674338304
1523127486435008512
1523127490721497089
1523127493708115970
1523127503073669120
1523127506077126657
1523127507318603776
1523127514042101760
1523127527316860928
1523127534644195328
1523127540935704577
1523127543288664065
1523127551211757571
1523127556123230208
1523127560993112065
1523127565845553152
1523127566541852672
1523127576218447873
1523127576721784833
1523127586951376897
1523127596049104896
1523127596120408064
1523127596753440768
1523127598330437632
1523127598397927424
1523127605540667392
1523127610351362048
1523127613069398017
1523127617808846850
1523127618316677121
1523127621223317506
1523127621445464069
1523127626319151117
1523127626856300544
1523127631515815937
1523127632908283910
1523127633172901888
1523127633810280448
1523127637165719552
1523127641045352448
1523127642207055872
1523127643465416704
1523127644166004737
1523127644908367874
1523127645470605313
1523127648117051392
1523127648586715136
1523127652076335109
1523127652428783624
1523127655150743552
1523127655280771072
1523127656119644160
1523127659152113665
1523127661555462144
1523127667616276480
1523127668874653696
1523127669906632704
1523127672318185472
1523127673677295618
1523127674654261256
1523127683596849152
1523127685135937539
1523127685303750657
1523127685396176898
1523127685786083333
1523127692308393985
1523127695055327233
1523127696552869890
1523127701044875264
1523127711212118019
1523127712725884929
1523127714693058561
1523127715326533633
1523127718531182592
1523127719881428993
1523127728135802883
1523127730287812608
1523127730539094016
1523127742749093889
1523127744518713345
1523127748876967937
1523127755998523393
1523127758418853888
1523127761577340928
1523127763795816450
1523127770603216899
1523127770754125825
1523127774248316929
1523127776814927874
1523127779973246976
1523127785501655040
1523127799933976578
1523127805927587840
1523127814177714176
1523127814505091072
1523127815968899072
1523127815482527745
1523127819542286337
1523127822315028481
1523127823854182400
1523127824571322368
1523127826328993792
1523127830602780672
1523127832402350081
1523127838496284674
1523127842594500610
1523127843508875265
1523127847572844544
1523127852161388544
1523127857643683840
1523127858545053699
1523127861938335744
1523127870054223872
1523127874957496320
1523127875540754432
1523127876245405696
1523127877210112002
1523127877679550465
1523127885225086976
1523127885841637378
1523127886781333504
1523127889616842753
1523127891684327424
1523127891877253122
1523127895970918400
1523127902308548613
1523127903281549312
1523127904523145216
1523127908948140032
1523127913813626881
1523127918700134401
1523127925674942465
1523127931471482880
1523127941810380800
1523127945782566913
1523127949142093824
1523127953365737472
1523127952879149056
1523127956675219461
1523127958466359298
1523127961339121665
1523127961699995648
1523127969933578241
1523127970805678080
1523127971116056577
1523127972760375296
1523127973502943233
1523127975859826688
1523127981983793153
1523127985615814656
1523127989533540352
1523127994562211840
1523127997624033280
1523127997812858882
1523128002875326465
1523128003663958017
1523128012224737281
1523128015168933889
1523128016037195778
1523128020327972873
1523128020281659392
1523128021926162434
1523128024706781184
1523128025486807040
1523128026958942208
1523128028863537152
1523128031287685122
1523128033627975681
1523128033271750656
1523128035783766017
1523128037109379074
1523128037079928833
1523128039852359685
1523128044566847488
1523128045451853826
1523128046521405446
1523128048123785221
1523128050250096641
1523128052028379136
1523128053152460800
1523128053345681408
1523128054918250496
1523128054037446656
1523128056088510469
1523128059720781824
1523128061268754432
1523128062354677762
1523128063701430272
1523128069610954752
1523128070034673665
1523128072362512384
1523128072715005952
1523128074354626560
1523128081111781377
1523128080721911808
1523128082017624065
1523128085758955520
1523128085784059904
1523128087499927552
1523128087671492608
1523128089936826368
1523128091828125696
1523128095745531904
1523128097264050177
1523128099352850432
1523128098765508610
1523128102960132097
1523128103723274240
1523128109775548416
1523128112497958912
1523128116679376897
1523128117358911488
1523128120693383168
1523128121326993411
1523128122144866304
1523128126984839175
1523128129786888192
1523128130579226625
1523128131296854018
1523128133645447168
1523128137797627904
1523128139886448640
1523128140964728833
1523128144362094593
1523128144726994945
1523128151660015617
1523128155573309440
1523128157175693313
1523128159171977217
1523128172518150144
1523128173629566976
1523128176586551298
1523128177685450752
1523128177572585475
1523128181326331905
1523128192415854592
1523128195465195520
1523128200569982977
1523128203400794112
1523128204759760898
1523128210091024384
1523128210434965504
1523128230202413056
1523128237152382978
1523128240633643008
1523128241548107776
1523128242797830146
1523128247436800000
1523128260254584832
1523128263643652099
1523128270866157570
1523128271361429504
1523128273244495874
1523128273370173442
1523128275513782272
1523128279510786050
1523128280278507521
1523128280832180224
1523128283923042305
1523128284145680384
1523128294937591809
1523128299110776832
1523128301518483456
1523128302126628867
1523128302587711488
1523128306278682626
1523128330882809856
1523128336146345984
1523128338025684993
1523128339346583552
1523128345659326464
1523128346661601280
1523128348180103170
1523128349404577793
1523128355263942656
1523128366420791296
1523128372003749888
1523128373144612864
1523128374356443136
1523128376130785280
1523128376856170496
1523128378328551426
1523128384054005762
1523128385957814273
1523128387354918912
1523128399535157251
1523128408971960326
1523128410905612288
1523128416635342849
1523128421408145408
1523128422171820032
1523128426470723585
1523128431483166720
1523128435798732800
1523128436109488128
1523128441129689088
1523128444413878274
1523128448172306433
1523128463107964929
1523128471345844224
1523128473904025600
1523128475212972033
1523128479557951488
1523128480442949632
1523128482590605313
1523128482854850560
1523128494221594625
1523128496746373120
1523128498575265795
1523128510210260993
1523128511099293698
1523128511644389376
1523128513163055104
1523128514748243968
1523128519097683969
1523128521027112960
1523128525124898816
1523128526601277442
1523128527956344832
1523128528127946752
1523128530757947393
1523128536411697152
1523128546855886854
1523128547782832128
1523128548462297090
1523128548579753985
1523128555424649216
1523128556825554947
1523128557999906816
1523128559295864832
1523128560453492739
1523128570323046402
1523128572612956163
1523128572264972288
1523128574978686977
1523128575498596352
1523128576748359681
1523128577117417474
1523128577415598082
1523128579185381376
1523128579131080704
1523128581471178754
1523128582918520832
1523128584898023424
1523128585908887552
1523128588161421312
1523128589465829376
1523128590237196288
1523128598072332288
1523128602866458625
1523128607060598784
1523128613486600192
1523128621732593664
1523128622491463680
1523128622806355970
1523128624404180992
1523128625821732865
1523128631236898816
1523128638278930432
1523128640573423617
1523128640736993280
1523128644197142528
1523128647439187969
1523128650211954688
1523128654267809792
1523128657505828865
1523128657883320321
1523128659657302016
1523128659795656706
1523128662224433152
1523128665227337728
1523128665818677249
1523128666167087104
1523128670365249537
1523128672118394881
1523128674077212673
1523128675595661314
1523128677852135424
1523128680863903744
1523128690225586177
1523128694868525057
1523128698911686656
1523128702900473858
1523128703181795334
1523128703961554944
1523128708114317312
1523128709351604224
1523128712715145217
1523128717739843586
1523128723142496257
1523128723440279552
1523128723721048064
1523128724199297024
1523128725595779072
1523128727261097990
1523128727743344640
1523128732017250304
1523128732927418369
1523128735532478464
1523128740837953536
1523128745556852736
1523128748307976195
1523128748346085382
1523128754775633920
1523128756352827392
1523128761625235456
1523128764489560064
1523128764552646659
1523128771141795842
1523128779736068096
1523128784370941953
1523128785868308480
1523128786707005440
1523128786782461952
1523128791878766592
1523128795506503681
1523128796060086272
1523128810064908288
1523128816197009408
1523128819078549504
1523128823013068800
1523128828729921536
1523128837277888513
1523128840150609923
1523128842549878784
1523128843367714816
1523128843489271809
1523128852935233536
1523128854860034048
1523128856412327938
1523128859214098432
1523128859885031424
1523128860509827072
1523128863089299458
1523128865698516992
1523128890864021504
1523128892680290305
1523128892927934470
1523128894702100481
1523128898598416384
1523128899630092288
1523128912452399105
1523128922136842240
1523128927539298304
1523128937404108800
1523128939517992961
1523128939752968194
1523128940428070914
1523128942886019073
1523128952440635392
1523128955464994817
1523128963992023040
1523128969767227392
1523128972883611648
1523128976092598273
1523128995025506304
1523128998275989504
1523129000251789312
1523129007491133440
1523129009051410432
1523129011811254273
1523129014382120961
1523129016827641856
1523129025614389248
1523129026885337089
1523129036998062082
1523129037501075456
1523129044883148800
1523129044971433984
1523129045835157504
1523129045155827712
1523129049555828738
1523129054068584448
1523129057025880064
1523129063111806977
1523129064651124736
1523129066899001347
1523129070036299777
1523129071353225216
1523129073308147712
1523129073731776513
1523129074075549696
1523129083650998272
1523129087975469057
1523129090802425857
1523129096376487936
1523129096955662336
1523129104018509825
1523129109018460166
1523129109328850944
1523129109697765377
1523129113430884352
1523129114340716544
1523129113904508929
1523129120049172481
1523129127855099907
1523129131075981313
1523129132468826112
1523129134703992832
1523129146469076992
1523129146968207360
1523129150944706560
1523129159714758658
1523129162264977410
1523129170573750272
1523129174990499842
1523129178245136384
1523129181495873536
1523129183609655297
1523129185224384513
1523129197530853376
1523129201389600768
1523129204363374593
1523129226865434626
1523129229021351942
1523129231114481664
1523129242716094470
1523129245957902337
1523129248734756864
1523129250530078720
1523129253335867392
1523129254225285120
1523129262596796416
1523129263842463745
1523129263742124033
1523129266833027074
1523129270301696004
1523129273736843265
1523129277213990914
1523129279739232258
1523129283371167744
1523129283358896128
1523129285279727616
1523129291097190403
1523129291399180288
1523129298504220672
1523129301516046338
1523129305567424513
1523129306721001472
1523129306779684864
1523129308000120832
1523129313691844609
1523129317861081088
1523129318167113729
1523129328665513987
1523129330280255489
1523129335569338368
1523129345497534466
1523129352891756544
1523129356142456832
1523129356771631104
1523129357094502400
1523129357534777345
1523129357774258176
1523129358851870722
1523129361037205504
1523129361565888520
1523129363461709824
1523129364711636992
1523129366984953856
1523129370344316928
1523129373179609088
1523129376229183495
1523129379358130176
1523129381597872128
1523129387956469760
1523129388442677248
1523129388539203593
1523129392037523456
1523129397439459329
1523129403131445249
1523129403416276992
1523129404502597633
1523129412446605313
1523129414241841153
1523129414544142337
1523129414975901697
1523129425252188161
1523129425826836480
1523129427223547904
1523129427584065536
1523129432679976960
1523129436635160578
1523129444461805568
1523129450359308288
1523129450841313280
1523129453270159360
1523129458793672704
1523129464909344768
1523129465810739200
1523129467169742849
1523129468339953665
1523129469812473856
1523129470181208065
1523129471897042944
1523129475126411266
1523129476158455808
1523129481342631942
1523129482101784576
1523129486073802753
1523129492289507329
1523129493887406080
1523129500959055872
1523129501047218178
1523129508697886725
1523129512481144832
1523129517082316800
1523129520001196033
1523129521339531264
1523129521691496448
1523129530344525825
1523129535696601088
1523129535713189888
1523129539039219712
1523129551986909185
1523129555698868225
1523129557104029697
1523129566868377601
1523129569544441856
1523129572622946304
1523129575467012096
1523129579745193985
1523129582739542018
1523129582979006464
1523129588372881408
1523129590809788416
1523129593699340288
1523129594823512064
1523129596744548357
1523129597411225601
1523129603736408064
1523129615652630533
1523129627845136384
1523129631519350784
1523129634422161408
1523129636871450624
1523129639950221313
1523129640734273536
1523129640701034497
1523129643200565248
1523129644740128769
1523129646195171329
1523129647038349314
1523129654571327490
1523129657830166529
1523129657838563329
1523129658924888064
1523129665858437123
1523129671260454912
1523129673651134464
1523129676708806657
1523129679934156800
1523129685982408704
1523129686640914433
1523129688264085506
1523129690248032256
1523129697613193216
1523129698850512896
1523129705658204160
1523129707486621696
1523129709260943360
1523129712205524993
1523129717435494401
1523129720707067904
1523129721495896064
1523129722212737024
1523129724247158785
1523129726021169152
1523129728227553282
1523129728852721664
1523129729963995137
1523129735395618817
1523129739833069568
1523129741855064064
1523129742236340224
1523129743222181888
1523129754345676800
1523129755435868160
1523129755968499712
1523129755930824705
1523129768295936000
1523129768807260160
1523129769252245504
1523129770523136000
1523129778357764096
1523129785639391232
1523129789124530177
1523129792492900354
1523129798234497024
1523129802785718272
1523129808275787776
1523129812860252161
1523129821923999744
1523129824360947712
1523129824407334912
1523129825195851776
1523129827452395521
1523129832510349312
1523129833428975618
1523129849795153921
1523129849933864960
1523129853964603392
1523129854048280578
1523129857663721472
1523129859266191362
1523129860666761218
1523129865448439808
1523129871307722752
1523129873145143297
1523129873333583872
1523129880950444032
1523129882678546432
1523129883316170754
1523129887791362049
1523129892095000576
1523129897366876166
1523129898680057858
1523129900701466626
1523129907576205312
1523129908582809600
1523129908800761856
1523129914761019398
1523129919387054080
1523129919466786818
1523129919684886528
1523129922696351744
1523129927352352768
1523129933093949440
1523129933869973504
1523129939842633728
1523129939985326080
1523129952857563137
1523129954677846022
1523129955818754049
1523129965902196736
1523129966237388800
1523129967059644417
1523129970134249472
1523129970989875200
1523129971803271168
1523129973598396416
1523129973560983552
1523129975133863937
1523129982024708096
1523129983580864512
1523129990392340480
1523129996952457217
1523130001977085952
1523130010600558593
1523130012928741378
1523130012798709760
1523130014379962368
1523130022286217216
1523130025033482240
1523130025721339904
1523130037280509952
1523130037322588166
1523130037578649601
1523130045174530050
1523130045497487360
1523130045845450753
1523130055051911168
1523130056809148418
1523130059636154370
1523130067060068352
1523130071925796864
1523130078359875584
1523130087260160001
1523130090137161728
1523130090359386112
1523130104662007809
1523130105115348992
1523130108848005121
1523130111851073536
1523130112933494784
1523130114162053121
1523130114703298560
1523130119174320128
1523130124060798976
1523130125386088448
1523130126330101760
1523130129664253952
1523130130784145410
1523130132105469952
1523130132336373761
1523130134513188865
1523130142662438914
1523130147326496768
1523130149335871488
1523130154348068864
1523130155534749696
1523130158705954817
1523130162942218240
1523130165131362305
1523130170860707840
1523130176800198656
1523130177416568833
1523130179224489985
1523130180889628672
1523130181761830921
1523130183028338691
1523130184446234625
1523130187583729664
1523130205363392512
1523130205434376192
1523130207548461056
1523130207934111744
1523130208982913026
1523130210631127040
1523130214104154113
1523130218952728576
1523130220227985410
1523130221456674818
1523130223168008194
1523130223729930240
1523130226418798592
1523130227613863938
1523130231032524801
1523130238384836608
1523130244214915073
1523130248229015552
1523130249302577152
1523130254621130752
1523130255413719041
1523130265836703744
1523130268185665537
1523130269221277696
1523130271117156352
1523130274565226496
1523130278306365441
1523130280114257921
1523130280650821632
1523130283217805314
1523130286803988480
1523130287466553345
1523130289027002368
1523130296744382464
1523130298439184385
1523130298883780610
1523130299294445568
1523130303333642241
1523130311214784513
1523130315706802177
1523130318433124352
1523130327686074368
1523130330886012929
1523130332245278720
1523130334342041601
1523130336892231681
1523130336980484097
1523130336980267008
1523130338091757568
1523130338150875136
1523130338834272257
1523130340407132161
1523130343238250496
1523130348829569026
1523130349114507265
1523130352512151553
1523130363706552321
1523130372229189633
1523130378063650816
1523130385273475073
1523130397714173952
1523130400360521730
1523130401409052674
1523130407633498112
1523130414910431233
1523130425627058176
1523130430714572800
1523130432618782720
1523130439707553792
1523130441800159232
1523130442882371584
1523130443368910848
1523130443477962754
1523130447101788160
1523130447886172161
1523130450545324032
1523130457268776960
1523130457654644736
1523130458107936768
1523130461077532672
1523130461286846464
1523130463527006208
1523130464147435520
1523130465791578113
1523130472817123330
1523130475883417600
1523130481960951808
1523130484372676608
1523130486150746112
1523130495395061760
1523130496812732416
1523130499413069824
1523130503666282501
1523130509940998150
1523130511723433985
1523130514160324611
1523130517415026688
1523130517536747520
1523130519113945088
1523130519848103936
1523130520796020738
1523130521043324931
1523130521856880641
1523130522414714881
1523130522893193217
1523130527120769024
1523130531483119616
1523130536885207040
1523130536796979200
1523130539040931841
1523130540508950529
1523130541003788288
1523130543935733760
1523130545948872710
1523130546171260929
1523130546586472448
1523130548423585793
1523130556581498882
1523130559106805761
1523130566823972865
1523130577154674688
1523130579306250240
1523130580627427328
1523130586071650305
1523130594099617795
1523130594988896256
1523130599019405313
1523130600928190464
1523130605239734273
1523130607353532416
1523130612248621056
1523130614286741506
1523130614769422336
1523130616031551489
1523130620242628609
1523130625288409090
1523130625972387842
1523130627624955907
1523130632963977217
1523130633936990210
1523130638735654912
1523130644246970369
1523130645739937793
1523130649162686464
1523130654698876928
1523130654686605312
1523130657886593024
1523130667692830720
1523130668586201089
1523130674601148416
1523130679638528000
1523130680909373440
1523130685157904385
1523130691336404992
1523130693223841793
1523130694767157248
1523130694947393537
1523130697644343296
1523130706662424579
1523130708142698496
1523130713310068737
1523130717626060802
1523130719773487105
1523130723590639618
1523130725678993409
1523130726874443776
1523130730569678851
1523130732595785729
1523130733925212160
1523130745589747713
1523130752317108224
1523130754317701120
1523130761272037376
1523130781526544384
1523130781773697025
1523130786232340482
1523130790766419969
1523130798693486592
1523130799130017793
1523130801881239553
1523130810186010624
1523130811528081408
1523130811578519554
1523130814485172226
1523130820109602816
1523130821699584001
1523130822316146689
1523130822903140353
1523130823863537665
1523130826636070912
1523130829496471553
1523130830545207299
1523130833313300481
1523130840594759680
1523130843673374722
1523130843660644352
1523130845414010882
1523130845938450433
1523130848232366080
1523130851701059584
1523130857141293057
1523130859553181696
1523130868025466880
1523130871011762176
1523130870806511616
1523130873922555904
1523130874580983808
1523130875411460096
1523130878032945152
1523130878133735424
1523130878939049986
1523130879282978816
1523130880306208770
1523130885083742212
1523130885834305537
1523130889546477568
1523130899973427200
1523130901609476096
1523130904322797570
1523130906529382400
1523130910123700224
1523130930591940609
1523130930386419712
1523130932223434752
1523130940679409664
1523130941522124800
1523130947843260419
1523130956680376321
1523130964322713601
1523130966352744448
1523130966797328389
1523130969980489731
1523130977153056769
1523130982505009154
1523130986036297728
1523130987047129088
1523130991313047552
1523131002469511168
1523131002629021696
1523131003128061952
1523131003791101954
1523131004155744256
1523131005896437761
1523131007486271489
1523131011931934721
1523131013425246208
1523131018437349377
1523131021398618112
1523131030764281858
1523131039865982976
1523131041677905920
1523131042768384000
1523131044454715392
1523131050326732800
1523131051823943681
1523131056031158272
1523131057662431232
1523131057767596032
1523131059000410112
1523131061626101761
1523131063177912320
1523131064587276289
1523131068445908992
1523131071486865408
1523131073642696704
1523131076163551232
1523131079133216768
1523131082056650752
1523131084904570881
1523131084728328192
1523131085265199105
1523131089241448448
1523131089597911041
1523131091283963906
1523131093096210433
1523131094346133504
1523131094484332544
1523131096942231552
1523131098779176961
1523131103833300992
1523131108736471040
1523131112649723910
1523131115380572160
1523131123047735296
1523131125052284928
1523131126360907776
1523131132250058752
1523131136746332163
1523131138201440257
1523131138125950977
1523131149941305345
1523131155318550528
1523131157977595904
1523131158267056134
1523131158158262272
1523131160725180416
1523131168006479872
1523131168400756736
1523131173899161600
1523131178227990528
1523131178458492929
1523131182652997632
1523131188483080192
1523131197479600130
1523131207890124800
1523131209043300354
1523131210540920832
1523131211325272064
1523131212088283138
1523131213954772992
1523131227066097665
1523131228055953408
1523131228945141763
1523131229499191302
1523131230535004167
1523131234481848320
1523131239288295424
1523131242450804738
1523131251305050113
1523131254664839170
1523131255482630144
1523131256094937089
1523131258569584640
1523131266291404803
1523131267365154816
1523131271156617216
1523131274042306561
1523131275241922560
1523131276269563904
1523131282884026368
1523131284284862464
1523131285895585792
1523131303352279041
1523131308339503104
1523131311690424320
1523131314194743296
1523131314982907904
1523131319055634433
1523131319504576518
1523131324059594752
1523131329252106245
1523131329692704771
1523131329759485953
1523131330493571072
1523131333647736832
1523131337141792770
1523131337557049344
1523131343210782720
1523131343152062466
1523131344200511489
1523131350311927808
1523131353344188416
1523131362496102402
1523131372935647232
1523131374131101702
1523131376069128194
1523131377557803009
1523131382695792641
1523131384977846273
1523131386865008640
1523131388681396227
1523131395010621440
1523131401859592193
1523131404388773888
1523131405429256192
1523131406356197376
1523131408847409154
1523131418779418624
1523131420788420611
1523131423988744194
1523131431345557504
1523131432767524864
1523131436873949184
1523131441131188225
1523131448907153415
1523131449544933377
1523131451901833217
1523131455081226240
1523131459107790848
1523131465730445312
1523131469094215680
1523131471568986119
1523131478149894145
1523131480481828864
1523131484844040193
1523131486093905922
1523131486555148288
1523131491034996736
1523131497854734338
1523131501059407872
1523131509770964994
1523131510148288512
1523131522336706563
1523131525331849219
1523131533682524161
1523131534986801152
1523131536953909249
1523131538149281795
1523131547930398720
1523131549620834306
1523131550589538304
1523131554574127104
1523131555866193921
1523131558739480576
1523131561666875392
1523131565131575299
1523131568432107520
1523131568918831106
1523131581749022720
1523131587981946881
1523131589374648321
1523131591819628545
1523131595959513094
1523131606545829888
1523131612204089344
1523131612694675456
1523131622333112320
1523131623171977216
1523131627202777088
1523131629081747456
1523131630319435781
1523131634211430402
1523131635620888578
1523131643644456960
1523131648094527488
1523131653400727552
1523131654856146944
1523131660169928705
1523131661419958274
1523131663361839104
1523131666562453504
1523131668139511809
1523131676016410624
1523131680781139969
1523131681057636352
1523131683436138496
1523131690540969985
1523131693292527617
1523131695217610752
1523131695725092864
1523131697503514624
1523131708564213760
1523131709662715904
1523131712808620034
1523131719561396226
1523131723218780160
1523131724196102144
1523131733083926528
1523131734694391810
1523131739354583041
1523131743301095425
1523131745285062656
1523131746568519681
1523131750821826560
1523131752528580608
1523131761261105152
1523131762825588736
1523131764528467968
1523131766445379585
1523131767104098304
1523131771734396929
1523131772375945216
1523131784988618752
1523131787131686912
1523131791120367616
1523131799672700930
1523131809755656193
1523131811790036992
1523131814553944069
1523131815472427008
1523131819037667328
1523131821864669184
1523131824154816513
1523131828936540160
1523131830027038721
1523131831566036993
1523131841342939136
1523131842139881472
1523131847844130817
1523131850096787457
1523131851724197888
1523131853523361792
1523131853502554112
1523131853854576640
1523131856362905606
1523131857650728960
1523131860611706880
1523131865993216001
1523131870564995073
1523131874234667008
1523131878668050441
1523131882447114240
1523131882426228737
1523131892044025856
1523131902022262784
1523131906002276352
1523131906006851586
1523131915347595264
1523131916609761281
1523131918610726912
1523131921437708288
1523131922939281408
1523131923253858304
1523131923484262409
1523131923895242753
1523131924688084996
1523131924914393089
1523131926563164161
1523131928391651331
1523131935530225665
1523131942405033984
1523131942514065408
1523131943075909633
1523131944602677248
1523131949363396608
1523131952894603266
1523131961367142402
1523131966408777728
1523131968061571072
1523131971492364288
1523131983706087425
1523131984674967553
1523131988357500929
1523131991247527937
1523131993290117120
1523131997933080576
1523132009337352192
1523132011510177798
1523132013930479616
1523132014597189633
1523132016530759682
1523132022520049664
1523132024168538112
1523132027763326977
1523132028505387008
1523132028916404224
1523132031185653762
1523132033014370304
1523132039297650688
1523132041122181120
1523132047132307457
1523132056582119424
1523132061019631617
1523132062332604417
1523132069576122370
1523132073166487553
1523132073976135680
1523132077268295680
1523132083144564736
1523132084381962241
1523132094196887552
1523132095664881669
1523132101310263297
1523132101398310913
1523132105953320961
1523132106331004928
1523132106519445504
1523132108210061313
1523132109195739136
1523132110416064512
1523132112131411969
1523132111938543617
1523132112701825024
1523132113825845248
1523132114228723714
1523132117688799234
1523132117739184128
1523132121858166784
1523132126912299015
1523132131119034368
1523132132876595201
1523132138018590721
1523132146231169025
1523132150648029184
1523132153957175296
1523132155634884608
1523132157706788864
1523132160399462401
1523132167248695297
1523132168679006210
1523132169404788737
1523132170038038529
1523132170398748673
1523132172441333760
1523132183187116037
1523132183065825281
1523132187389923330
1523132203101605890
1523132206126104578
1523132207170482176
1523132209095344129
1523132210391678980
1523132211956162560
1523132212547579904
1523132215210741760
1523132215487512576
1523132215609241603
1523132217236639745
1523132221972185091
1523132226375847936
1523132226665332737
1523132227592155136
1523132228603052034
1523132231526481921
1523132235284549633
1523132237725720576
1523132240430960640
1523132244701114368
1523132247385255936
1523132258168750083
1523132263688404993
1523132265207074816
1523132273197207552
1523132280159424512
1523132287759826944
1523132292004073472
1523132293434712066
1523132295888048131
1523132297490624512
1523132311574704128
1523132311914524672
1523132313248440320
1523132315227942912
1523132316968701952
1523132327076892672
1523132331116138497
1523132339898830849
1523132349944410112
1523132353887023105
1523132360170090496
1523132361839423494
1523132363316023296
1523132364830158848
1523132365383557120
1523132365639495680
1523132366683738113
1523132368436924416
1523132379300196352
1523132383679201280
1523132391254269955
1523132391950360577
1523132396366794753
1523132397738672128
1523132401722875904
1523132402184323072
1523132404545826816
1523132405543936000
1523132412657651712
1523132413668327424
1523132414268436486
1523132415891636225
1523132416214413312
1523132416226824193
1523132418680852480
1523132418726969344
1523132419578425345
1523132420429860864
1523132424833892353
1523132425584660481
1523132430424883200
1523132438847057920
1523132443112488965
1523132449361780738
1523132449542258688
1523132451203305472
1523132455997558784
1523132456353812486
1523132458899808262
1523132460896514049
1523132464381972480
1523132467565236224
1523132468018089987
1523132468777291777
1523132471243649024
1523132472275390464
1523132475005829120
1523132482035589120
1523132485961457664
1523132494962470913
1523132512570347520
1523132516814798849
1523132518769299457
1523132518765309952
1523132525413277696
1523132532304519168
1523132534900785154
1523132536985055232
1523132537115009025
1523132543746383872
1523132546199916547
1523132546338414597
1523132554680881153
1523132555683266560
1523132559890141185
1523132561991499776
1523132563614752768
1523132566110633984
1523132575933681664
1523132577154240512
1523132579058454528
1523132581960568832
1523132584116748288
1523132585555103745
1523132586440392704
1523132590672121856
1523132591313874944
1523132597001285632
1523132597962145793
1523132616974741504
1523132618350669824
1523132620644954114
1523132620779192320
1523132624234967040
1523132624226684931
1523132624792788993
1523132629603610624
1523132630488817669
1523132630946181120
1523132633798131713
1523132635614425093
1523132635710636033
1523132640186236928
1523132645709803521
1523132646628663296
1523132646863572992
1523132661308751874
1523132664638631936
1523132677951750145
1523132679247462400
1523132679679524866
1523132681546047488
1523132683043610629
1523132683488210944
1523132684645679104
1523132686809792512
1523132693067841540
1523132697425883136
1523132698809626625
1523132703499259905
1523132704010772482
1523132705558642688
1523132707399602176
1523132708859355137
1523132710478249984
1523132712667992064
1523132715549306880
1523132716190949376
1523132722356670464
1523132726882504704
1523132735040245761
1523132736931725312
1523132737397280768
1523132737636368385
1523132741239603201
1523132741490860032
1523132745874313217
1523132755290497024
1523132763104178176
1523132769429340161
1523132773342404611
1523132777281224704
1523132777738162176
1523132779508428800
1523132785807953921
1523132802102927362
1523132803218644993
1523132804023783425
1523132807827976193
1523132810080489472
1523132810130649089
1523132810869067776
1523132813754929152
1523132814060703745
1523132814719213568
1523132817856630785
1523132820482412545
1523132822814605313
1523132825423147008
1523132825746169857
1523132827348652033
1523132827805622275
1523132829722243072
1523132833115652097
1523132843878137857
1523132844570136579
1523132844939304965
1523132852807905280
1523132855110758401
1523132855496359936
1523132860491702272
1523132861422866432
1523132863704875008
1523132864438554624
1523132866422398976
1523132870378004480
1523132870855847937
1523132877588004866
1523132878045212672
1523132879555141632
1523132883640021000
1523132886081187846
1523132887012450304
1523132889336283136
1523132889806012417
1523132890397089793
1523132895803559936
1523132900715077633
1523132903353421825
1523132911733538816
1523132916183670789
1523132922064416768
1523132927500255233
1523132935687352320
1523132940754239489
1523132941336866816
1523132942981431296
1523132943346008064
1523132947192188930
1523132952724447232
1523132953274220544
1523132958781022208
1523132963814141952
1523132971938566145
1523132974463860737
1523132976728576001
1523132981375873024
1523132982260760577
1523132984232136705
1523132989118500864
1523132996831875072
1523133000481128448
1523133006285705217
1523133011562496001
1523133021918232577
1523133022400299008
1523133024023769088
1523133027584335873
1523133028381642752
1523133031522865152
1523133034358136832
1523133039521402882
1523133049755504640
1523133049940365312
1523133050560917504
1523133051768741888
1523133053169807360
1523133055057072128
1523133055367475200
1523133071964672000
1523133074590306304
1523133074883547136
1523133075362058241
1523133082869530624
1523133084396310528
1523133091258245120
1523133092222754816
1523133095372726278
1523133095934709761
1523133097033691137
1523133107498532864
1523133111881535489
1523133113601343495
1523133115979681793
1523133119028555779
1523133123189706754
1523133124083093509
1523133127907954688
1523133131380826113
1523133136283992064
1523133146329497600
1523133148149682177
1523133152902119425
1523133159788978177
1523133160036388867
1523133164000006144
1523133164360658944
1523133176792719360
1523133178398994432
1523133187299315714
1523133196220911616
1523133196388507649
1523133200117035008
1523133205175541760
1523133208564490243
1523133209336508416
1523133227346456577
1523133228944867329
1523133230299643905
1523133232371273728
1523133233529036800
1523133235529609216
1523133242819313664
1523133249052049408
1523133254299447296
1523133254429069313
1523133255209598979
1523133256849190912
1523133257180581890
1523133257352548355
1523133259344920576
1523133260519280640
1523133263954407426
1523133264097030145
1523133265728589824
1523133266810662912
1523133270187122688
1523133274297577474
1523133275912347649
1523133279796445185
1523133280677101569
1523133280970809345
1523133283928014849
1523133291519684609
1523133292005916672
1523133294518300672
1523133295336517633
1523133301657120768
1523133304991494144
1523133305004359680
1523133310075310080
1523133310654095360
1523133310792208384
1523133313720143873
1523133320242110464
1523133323643600896
1523133324017168384
1523133325866680320
1523133327326126080
1523133332770689024
1523133335148453889
1523133338306977793
1523133339955126272
1523133344757780482
1523133353695752193
1523133356103565314
1523133359660142593
1523133359836303360
1523133362403262464
1523133364718698497
1523133370036887559
1523133371559280641
1523133371802689536
1523133372801126400
1523133373568364544
1523133377960099841
1523133383886336001
1523133388563300352
1523133390744354816
1523133401204928513
1523133403041656832
1523133404119715840
1523133404773974016
1523133405017350144
1523133407240552450
1523133412495839233
1523133412713938945
1523133416777994240
1523133416870498304
1523133419839889408
1523133420200767489
1523133421307908096
1523133422553952257
1523133425145708544
1523133429537447949
1523133430082711553
1523133430266949633
1523133431604994049
1523133433354067969
1523133433962463232
1523133435417534464
1523133439008215046
1523133440438071299
1523133440966594560
1523133443743264768
1523133449527255040
1523133457731182592
1523133460742868992
1523133463871717376
1523133466111451136
1523133466316992512
1523133471950004224
1523133474508767232
1523133476937121794
1523133481244626944
1523133484319096832
1523133486164447233
1523133503378169857
1523133507370770433
1523133511309217792
1523133511342776320
1523133515314966528
1523133515348332544
1523133517701337088
1523133518989389826
1523133519668596736
1523133524844363776
1523133525389676549
1523133527436701696
1523133530217148416
1523133530406109190
1523133530636955648
1523133533232918530
1523133538245169152
1523133538589102080
1523133540950769665
1523133548332466176
1523133549666512896
1523133551863992320
1523133554259025920
1523133554561011713
1523133555198488581
1523133557472108545
1523133557635522561
1523133562702254081
1523133564157857793
1523133565394948096
1523133568536436737
1523133571875098624
1523133575142334464
1523133580947628032
1523133585871577088
1523133592200613888
1523133593412939776
1523133600811524096
1523133600874766337
1523133601642323969
1523133601801400320
1523133608625467392
1523133610500702215
1523133611054034944
1523133624987492352
1523133625407004675
1523133630742409216
1523133631023046657
1523133632235376645
1523133644621066241
1523133653458456576
1523133653391450113
1523133658085072897
1523133663742889985
1523133665240358912
1523133665999527942
1523133666599219200
1523133674627407872
1523133676951060480
1523133684903256064
1523133687931731972
1523133688384397317
1523133689005101056
1523133690460930048
1523133692649959427
1523133695817039872
1523133700917108736
1523133704482172929
1523133705925296129
1523133708206854144
1523133710601580546
1523133710870237185
1523133714968236034
1523133723167715328
1523133724426080256
1523133726917644289
1523133735016689664
1523133735838834689
1523133738112401408
1523133740255518720
1523133743048835077
1523133746647552000
1523133746676858880
1523133750242021377
1523133755984007169
1523133757879951361
1523133758085693441
1523133767686434816
1523133769380777984
1523133774334427136
1523133777446273024
1523133777597272065
1523133778746822660
1523133779224662016
1523133782232031232
1523133782630744065
1523133787348951041
1523133796564062208
1523133802171670529
1523133807754244096
1523133820526108674
1523133820802793472
1523133826012229632
1523133828482539520
1523133830173184000
1523133830315806721
1523133835415887872
1523133837793914881
1523133839106838529
1523133839006396416
1523133842864971777
1523133843724587008
1523133845570465792
1523133853400928258
1523133857423413248
1523133865275011072
1523133867758170112
1523133876465704960
1523133877769830401
1523133882702262272
1523133884778622979
1523133885483261954
1523133884623298560
1523133885722542081
1523133890164293632
1523133893746081797
1523133897248501761
1523133902864457728
1523133905930526720
1523133908312903681
1523133908786638850
1523133912884858881
1523133912553488385
1523133913304113152
1523133914067447808
1523133918869741569
1523133925953990656
1523133926864297985
1523133932253827072
1523133942378995712
1523133942651568129
1523133946376065024
1523133948334776320
1523133948750176257
1523133951044251648
1523133953041104897
1523133953397325824
1523133957323120640
1523133959353389057
1523133960477310976
1523133962423574529
1523133962696204289
1523133966295113728
1523133972796088321
1523133981474324480
1523133988935811073
1523133991662256128
1523133999379791872
1523134001552117760
1523134003791998976
1523134007638380546
1523134007973584896
1523134009580138496
1523134014152114176
1523134014345060357
1523134026453700612
1523134027548737538
1523134035094032385
1523134035278839810
1523134037094813696
1523134042408996864
1523134042769477632
1523134042132332544
1523134046586478592
1523134053708288000
1523134055432130560
1523134057688805377
1523134061841203200
1523134066798829568
1523134069474836481
1523134072230346753
1523134076789706759
1523134077569617920
1523134078643494912
1523134083689189376
1523134089712500736
1523134091595776001
1523134095655456769
1523134103285075969
1523134106116460544
1523134112063754240
1523134113862930432
1523134118413979648
1523134121509228545
1523134123103059968
1523134123094675456
1523134124613120002
1523134134993887233
1523134138336911361
1523134141373779968
1523134149300695040
1523134151229992961
1523134156141641728
1523134156795904001
1523134160973484032
1523134164941164545
1523134170054111238
1523134173782978560
1523134185698848768
1523134186390913024
1523134191981895680
1523134197577043973
1523134199301308416
1523134199967846400
1523134201725210624
1523134204522901504
1523134207433723905
1523134215176564736
1523134216065941504
1523134217600651264
1523134220251840512
1523134220625154049
1523134221123915778
1523134223464673280
1523134224467136512
1523134227574710272
1523134230703882242
1523134232582770688
1523134232721301505
1523134233560203269
1523134233656852480
1523134234184978434
1523134235892088832
1523134238106603520
1523134239155580928
1523134254896775169
1523134259761922050
1523134259787141122
1523134261208834048
1523134262290960384
1523134276945907712
1523134286857220096
1523134289365270530
1523134295484809216
1523134296982233089
1523134297418477569
1523134315743563777
1523134316917964800
1523134318838947840
1523134322127122432
1523134331362979840
1523134332650631169
1523134332894072833
1523134334718423041
1523134338161856514
1523134340267397120
1523134343157547014
1523134348031000576
1523134354729627648
1523134356730314756
1523134361737981952
1523134365114400768
1523134365144068096
1523134367341572097
1523134369640370176
1523134376103628801
1523134379052130304
1523134383057928192
1523134392276684803
1523134393791152128
1523134397809057793
1523134401424478208
1523134403303682048
1523134404721213440
1523134410450554881
1523134412795359232
1523134413395349504
1523134413298565120
1523134419422576640
1523134425768341504
1523134426770681856
1523134441899524096
1523134447855730688
1523134448526827520
1523134449080168449
1523134450497769472
1523134450548510721
1523134454218342400
1523134456135299072
1523134458001752064
1523134459805114368
1523134462388756480
1523134465140174848
1523134472342106112
1523134475449913346
1523134476376842241
1523134478935334914
1523134480936226816
1523134483633176577
1523134485037944832
1523134488590487552
1523134488686956544
1523134490037690369
1523134499638415363
1523134499751571462
1523134499780931585
1523134509948063745
1523134515539066880
1523134517837410304
1523134518483292162
1523134523738705927
1523134524426973184
1523134525764554752
1523134530869104640
1523134535093067776
1523134536405639168
1523134541421940736
1523134549546323968
1523134552344260608
1523134558325071873
1523134565568507906
1523134568705892353
1523134569221746688
1523134573634371584
1523134573235695616
1523134575110946818
1523134575978983425
1523134576331137024
1523134576222425089
1523134576683630594
1523134580978597888
1523134587677069314
1523134596979720192
1523134602273042432
1523134602751012864
1523134607108960258
1523134626927054848
1523134629422592000
1523134633809903616
1523134633851904000
1523134634732945410
1523134634711990272
1523134635839950849
1523134638369214465
1523134638432002048
1523134649182351360
1523134660473425920
1523134661244817408
1523134668895232000
1523134669180616704
1523134670355202048
1523134671051231233
1523134673991639040
1523134677447368704
1523134684955348992
1523134686729744384
1523134691691225090
1523134691699683328
1523134693545328640
1523134694078181376
1523134694740889600
1523134697139625985
1523134709869518848
1523134713267101697
1523134714411765761
1523134717838639104
1523134719046524928
1523134720296501248
1523134721663852545
1523134721760587776
1523134725031792640
1523134725988093952
1523134730962567168
1523134737627639812
1523134739158343680
1523134744841842688
1523134753892978689
1523134758330388480
1523134759542861824
1523134762595979265
1523134766228578304
1523134766882582529
1523134768895774721
1523134769193652226
1523134771672625152
1523134772092055553
1523134772616249344
1523134773039935488
1523134776475287554
1523134780396621825
1523134784100306945
1523134795219234818
1523134796360302593
1523134799392952320
1523134803368976384
1523134804773941248
1523134804937560064
1523134807646957569
1523134810621095936
1523134812529209345
1523134819118419968
1523134826991083520
1523134828954398724
1523134829834899457
1523134838051831814
1523134844322017281
1523134844598820864
1523134848986402817
1523134852648042503
1523134856041234433
1523134864752783366
1523134869282381825
1523134872046698496
1523134872352559105
1523134885308760064
1523134886361460736
1523134890384191489
1523134897275420672
1523134898348904453
1523134901582983168
1523134904221208576
1523134906481602560
1523134916073951235
1523134917818863617
1523134921111654400
1523134929436958720
1523134930313752576
1523134934654803969
1523134942506455040
1523134951230640128
1523134951168053250
1523134954175184897
1523134955399700480
1523134961913843712
1523134967772897281
1523134973624020992
1523134973783404545
1523134987725377537
1523134989482692608
1523134991105871873
1523134992754577408
1523134997762166785
1523135007031705600
1523135007640125440
1523135014472454144
1523135021317763072
1523135025448767488
1523135028942675968
1523135035532091392
1523135037528412160
1523135043501453312
1523135046474878976
1523135047150186496
1523135048836280320
1523135056423833602
1523135057224863744
1523135065605423104
1523135066242748416
1523135065777381376
1523135076518617088
1523135080171851779
1523135080939593729
1523135082613026816
1523135083640594432
1523135088740999170
1523135096114483202
1523135097381310464
1523135097628545024
1523135101214756865
1523135101818871809
1523135105367109633
1523135108475068416
1523135122660544513
1523135124891648002
1523135135121477632
1523135137126309888
1523135138963542018
1523135140641320960
1523135143287955458
1523135145779208192
1523135146228019200
1523135154327277568
1523135156323639297
1523135162002907137
1523135163319865344
1523135171641454592
1523135171712946176
1523135174346743808
1523135183314354176
1523135183461175296
1523135195125542912
1523135195217424384
1523135199663456257
1523135201979027456
1523135204663214080
1523135206927921152
1523135209385992192
1523135209943752711
1523135210032107520
1523135210019196929
1523135214842568706
1523135218739478528
1523135223495413760
1523135231791935489
1523135232446275584
1523135238603669504
1523135243267452928
1523135246379941888
1523135251412709377
1523135257838374912
1523135258207522816
1523135269431521281
1523135278101057536
1523135278222692352
1523135282035494912
1523135289455226880
1523135292391055361
1523135295700357123
1523135297390788609
1523135298682572800
1523135300784078849
1523135301945896960
1523135302599991299
1523135302637744129
1523135304843988994
1523135314524401664
1523135316307038209
1523135317401751552
1523135326629556224
1523135333738627072
1523135337995800577
1523135345575198721
1523135346329985025
1523135348028678144
1523135348561575936
1523135351115730949
1523135354806562819
1523135360905191427
1523135368588980224
1523135371143311361
1523135374037454848
1523135374368849921
1523135384191918081
1523135388251942912
1523135389808046080
1523135394333745154
1523135397374558209
1523135398847070208
1523135409961975809
1523135410167238657
1523135412880871426
1523135416186150914
1523135416844824576
1523135419860369408
1523135428571938816
1523135430061096962
1523135430375665665
1523135434565439488
1523135435035541504
1523135436121550848
1523135438885515264
1523135450197729281
1523135453712445440
1523135454308098049
1523135454857596928
1523135457298550784
1523135471735427072
1523135475275370496
1523135478220099584
1523135479192948737
1523135486470270976
1523135491075235840
1523135495785820160
1523135501988884481
1523135502160965633
1523135503763079168
1523135512772370433
1523135512936169472
1523135513380921344
1523135515847008256
1523135519965650944
1523135520162959360
1523135521202995200
1523135523577303044
1523135528102555648
1523135530724077568
1523135532162637825
1523135535232868352
1523135536247959553
1523135547819970560
1523135551678857216
1523135553096404992
1523135559626989568
1523135563997585408
1523135572784877568
