1523105379814576128
1523105383706898432
1523105385409925122
1523105388081688576
1523105388681306115
1523105390766039040
1523105391449714688
1523105391781068807
1523105392611364865
1523105394058756097
1523105394565910528
1523105396159774720
1523105397564923910
1523105398726660096
1523105399838228481
1523105401243283456
1523105401411014656
1523105401667047424
1523105402493100032
1523105405274107905
1523105405420724225
1523105405643235328
1523105407056580609
1523105407006240768
1523105408109359104
1523105408637972480
1523105408356782081
1523105412064579584
1523105426803675136
1523105426946072578
1523105429001097216
1523105434353209344
1523105438522220544
1523105441596600320
1523105452577673217
1523105452984176642
1523105456012468224
1523105457576980481
1523105460358115333
1523105462740463616
1523105467056410625
1523105473167527936
1523105473943068672
1523105475553681408
1523105475658539009
1523105478850629633
1523105479190138880
1523105479962075137
1523105480083914753
1523105479807074307
1523105486739951616
1523105487776108544
1523105488954667008
1523105494251950080
1523105494998687745
1523105501630074882
1523105505215803392
1523105505207406593
1523105506629324802
1523105512455163909
1523105519321321472
1523105526254505984
1523105527722840064
1523105530721406977
1523105531061231617
1523105535238811648
1523105538334097408
1523105542020861952
1523105542041858049
1523105542780375041
1523105547008020480
1523105556739026944
1523105557879656448
1523105561700618240
1523105566029389824
1523105567325274112
1523105570210914304
1523105573855764480
1523105574304600065
1523105579291398145
1523105580201971712
1523105588737052673
1523105591186497536
1523105591312662528
1523105600066195456
1523105603836596224
1523105607624151041
1523105609142337537
1523105615325065217
1523105618865057792
1523105621175939078
1523105621838422016
1523105622719295490
1523105623654961152
1523105626783690752
1523105626997538817
1523105628478054401
1523105631003152386
1523105634392154112
1523105637399506945
1523105642797580288
1523105643871469569
1523105647818158080
1523105649621491717
1523105654885421056
1523105656789618688
1523105657997516800
1523105660577230849
1523105662359724032
1523105664775512064
1523105665589207040
1523105666092646400
1523105666965016576
1523105669951680512
1523105679283609600
1523105681577897984
1523105682941431808
1523105684354703361
1523105686191804416
1523105690406899712
1523105693313933312
1523105693426864128
1523105697419849729
1523105700553003008
1523105703807782918
1523105704588222464
1523105706118991872
1523105712968278016
1523105712628695040
1523105714331344897
1523105717451993093
1523105718123266051
1523105721516425216
1523105731624402944
1523105732635156480
1523105734757605383
1523105738654044160
1523105740252418048
1523105744534396929
1523105750285008898
1523105755540373506
1523105757113516032
1523105760321843201
1523105761424945153
1523105761584373760
1523105761517522944
1523105764860080129
1523105768664305666
1523105769570566145
1523105770308775936
1523105772858658818
1523105774548967429
1523105774813302785
1523105778160345088
1523105779792084993
1523105780396097536
1523105781444653056
1523105788188762112
1523105791644889088
1523105794392264704
1523105794857701376
1523105795113914368
1523105799270277120
1523105800109109252
1523105801967128578
1523105803774742528
1523105807113490432
1523105813929218049
1523105814877130755
1523105814709420032
1523105816492273664
1523105838130339840
1523105838805979136
1523105841489973248
1523105848679043072
1523105854517616641
1523105857545940992
1523105859903053826
1523105860557447168
1523105866114760704
1523105868635860992
1523105868870725633
1523105869273001985
1523105870011199488
1523105872104370181
1523105872410517506
1523105874872778753
1523105879083855872
1523105882481258497
1523105890110480390
1523105890257477632
1523105896896811008
1523105897261649920
1523105900281548801
1523105899618856962
1523105903364521987
1523105913892388864
1523105918921199621
1523105921962242049
1523105936407154689
1523105937812303872
1523105939976376320
1523105946926555136
1523105951137812480
1523105954429947905
1523105961745215488
1523105963661611008
1523105964391493632
1523105971421458432
1523105971601821696
1523105972830367744
1523105977691688960
1523105980543909893
1523105982515085313
1523105984654192640
1523105987640627200
1523105987741159425
1523105988450357249
1523105988660043776
1523105989716680704
1523105989741797378
1523105991285362688
1523105991931273216
1523105993781125120
1523105995442073600
1523105998835109888
1523106004581289984
1523106006825603072
1523106010604261377
1523106012051423232
1523106014035267584
1523106014098305024
1523106015465512961
1523106017474940929
1523106021761503232
1523106022579183623
1523106024546258944
1523106025775243264
1523106034306666496
1523106036156366848
1523106036328316928
1523106043643023363
1523106044091801601
1523106046243311617
1523106048185225216
1523106050425356290
1523106050584776706
1523106058008674304
1523106068162924546
1523106075050135553
1523106076581052417
1523106084294361088
1523106088224100352
1523106088903528448
1523106089427906560
1523106088849129472
1523106092955357187
1523106093693640704
1523106096604344320
1523106103415869445
1523106104720252928
1523106107056656385
1523106108935913475
1523106113021165568
1523106114002636800
1523106122877571078
1523106123993128960
1523106128565084161
1523106130729127936
1523106138966814720
1523106140430946305
1523106143324811264
1523106144532971520
1523106150949949441
1523106153185435650
1523106157967020033
1523106161905389568
1523106164988588032
1523106165403840512
1523106167152467969
1523106168024932354
1523106171485564928
1523106175360806912
1523106178359869440
1523106179022434304
1523106179924185088
1523106181140848641
1523106183972016129
1523106187935367168
1523106197645144067
1523106197867540480
1523106202179096576
1523106202569355264
1523106205719179264
1523106207321387009
1523106218092339200
1523106219749429249
1523106223784366080
1523106223725645825
1523106227538042881
1523106236543111168
1523106240762687488
1523106242318811136
1523106243207860229
1523106244692561920
1523106250439143424
1523106252678922241
1523106252884258817
1523106254658281472
1523106255966900224
1523106266746347522
1523106267006480385
1523106269774880768
1523106272916107265
1523106273671016448
1523106275780816896
1523106276808429569
1523106281686507525
1523106286035816448
1523106292776144896
1523106294172954626
1523106295200378880
1523106304843149312
1523106305115934720
1523106306655203334
1523106313676496896
1523106316520390656
1523106327631101952
1523106328356716545
1523106330684264448
1523106333792296971
1523106338309509120
1523106347411472384
1523106349844135937
1523106350183718913
1523106354223001600
1523106357238448130
1523106364775710721
1523106367107698689
1523106369649356802
1523106374833811456
1523106375475220480
1523106375622180866
1523106375693475840
1523106382878154752
1523106383092383745
1523106388414808065
1523106397973618688
1523106398929833984
1523106398963658752
1523106400125214720
1523106400414568448
1523106405867089923
1523106409293836289
1523106409432244230
1523106411537833985
1523106413069111297
1523106416915263488
1523106432618569728
1523106434380345345
1523106434937982978
1523106438142472192
1523106440835387392
1523106441908916230
1523106442626142208
1523106447680106496
1523106452713398273
1523106455326380032
1523106456010076160
1523106455477694464
1523106465837428737
1523106466470965248
1523106469629116418
1523106469708963842
1523106470954299392
1523106473395605506
1523106474419171328
1523106474372653056
1523106478265094144
1523106479125184513
1523106480483831808
1523106483487244289
1523106484187373568
1523106485051748352
1523106486938914817
1523106493213843456
1523106496653180930
1523106497105866752
1523106505662156800
1523106508870852613
1523106512796749827
1523106515527561217
1523106521818681345
1523106523056320512
1523106534330408961
1523106536750338048
1523106539417993216
1523106540244410368
1523106542186536961
1523106543692038144
1523106547806924801
1523106548297306112
1523106557503881217
1523106564651253760
1523106573244977152
1523106577770684416
1523106577875619840
1523106579863638016
1523106583097786368
1523106585178173440
1523106590986960896
1523106598272471040
1523106599069396992
1523106599862083584
1523106600159825921
1523106608414621696
1523106609836167170
1523106623060779008
1523106629042204672
1523106635803205634
1523106635870134273
1523106638487560195
1523106639879966720
1523106641280970754
1523106642283630594
1523106643705139200
1523106647601672192
1523106653469814785
1523106655759527938
1523106658796425216
1523106661761974273
1523106663481315328
1523106664526000128
1523106665494892544
1523106672792596481
1523106682167242752
1523106683584937987
1523106689779699713
1523106692736720898
1523106695815311360
1523106704250261504
1523106709014822912
1523106709119586304
1523106710738546691
1523106711770439680
1523106714928697346
1523106715104731137
1523106717697196037
1523106719680847872
1523106719785975808
1523106724575518720
1523106729956757504
1523106735845965826
1523106738924261378
1523106739561897984
1523106741034287106
1523106741126189060
1523106745555759104
1523106747765825536
1523106754875334658
1523106764706574337
1523106765369348097
1523106768909631490
1523106777159643136
1523106782939389952
1523106783165833216
1523106784029855745
1523106784864800769
1523106785024167936
1523106789570535425
1523106794100633601
1523106795496955904
1523106797669601280
1523106801444704257
1523106801855901696
1523106802283409410
1523106808662945792
1523106810663784448
1523106813322870784
1523106814111363072
1523106817064284161
1523106822516666369
1523106825092050944
1523106829693112320
1523106832562020352
1523106833149448192
1523106833069907968
1523106833782964224
1523106834198011905
1523106834436935680
1523106836714426368
1523106836689596418
1523106839210041344
1523106844104744960
1523106845162106880
1523106850132340738
1523106853303070722
1523106854779252737
1523106857056829440
1523106860340891648
1523106864652857349
1523106868498903042
1523106868582772737
1523106869317111809
1523106869635850240
1523106878397460480
1523106879609753602
1523106881169858561
1523106881455411201
1523106881635426304
1523106884546613248
1523106884907315201
1523106885645537281
1523106886362402816
1523106891273887744
1523106894378074112
1523106900027781120
1523106903059951617
1523106904947392512
1523106905035522049
1523106910383198208
1523106911767474177
1523106912778481667
1523106917572390913
1523106923834343424
1523106924300021760
1523106924840906753
1523106929433878528
1523106931224850432
1523106932030009344
1523106934244929536
1523106935846887426
1523106937457500160
1523106940838346753
1523106942507696128
1523106944663187456
1523106945648914432
1523106951965847552
1523106955144871937
1523106955157729280
1523106956545716224
1523106965852880896
1523106972144488453
1523106975793520641
1523106976410083333
1523106983486042113
1523106987042615296
1523106989924286465
1523106991152979971
1523106992612868096
1523106993589784577
1523106993938247680
1523107000552505345
1523107003127984128
1523107004818268160
1523107015614029826
1523107021276389376
1523107022123593731
1523107024174784512
1523107026343120898
1523107028780167168
1523107031343067136
1523107032001572864
1523107032563613701
1523107033553154048
1523107037596508160
1523107038204596224
1523107041128206336
1523107043724476416
1523107044542193669
1523107046752542720
1523107052373127174
1523107052377325568
1523107054277308421
1523107060161949696
1523107061831249920
1523107062569259008
1523107063223635968
1523107065665036288
1523107066084474880
1523107067133034496
1523107073860546561
1523107075865591808
1523107081254932482
1523107081758380034
1523107088683216902
1523107089157029888
1523107088721137664
1523107092269215745
1523107096031797248
1523107102926934017
1523107103980007424
1523107106278150144
1523107118320136195
1523107120979263492
1523107123390910464
1523107124297220097
1523107127086133251
1523107130663964673
1523107134904606720
1523107141141377024
1523107141514637317
1523107142953177088
1523107144710692865
1523107154088980480
1523107157025075201
1523107157428011008
1523107157851480064
1523107159453536256
1523107160577642496
1523107161219682304
1523107161663893504
1523107163123691520
1523107163312250880
1523107171319300097
1523107173655805952
1523107174133932035
1523107178134994944
1523107178529554432
1523107179406172162
1523107184325799939
1523107185953484800
1523107189728063488
1523107189921312768
1523107196791369729
1523107199635320832
1523107207499468800
1523107208833163266
1523107210225922048
1523107210464997376
1523107212637265920
1523107212914163713
1523107221215023104
1523107226759892997
1523107227367886848
1523107237707026433
1523107245470683136
1523107246183387138
1523107248028880901
1523107257864445953
1523107258552537100
1523107262121795584
1523107262406950912
1523107264055640066
1523107268262350849
1523107271458312192
1523107271953498112
1523107275560615936
1523107276315414528
1523107276701151233
1523107277003116545
1523107277342879745
1523107279234637825
1523107282405535744
1523107286008295428
1523107289187577858
1523107302613856256
1523107303054262273
1523107306686529536
1523107315439718400
1523107315666235397
1523107326898556928
1523107329688092672
1523107331613073410
1523107334033080321
1523107343155748865
1523107351066476544
1523107352894840834
1523107357084971008
1523107357827690497
1523107364399980545
1523107364584448000
1523107370502483968
1523107379998470145
1523107383752413186
1523107385186799619
1523107389398224898
1523107390228340736
1523107390341718016
1523107392644579328
1523107393290346496
1523107394720608256
1523107393630253056
1523107396175998977
1523107407047634945
1523107407857356800
1523107410394628097
1523107411653181441
1523107413926506496
1523107418720579585
1523107422876975104
1523107426316484609
1523107429004759041
1523107432473497600
1523107432649699328
1523107437544312833
1523107438815195136
1523107443508715521
1523107448286224384
1523107451192725504
1523107452916572160
1523107456095768577
1523107457689845764
1523107465692389376
1523107466216710146
1523107466602496002
1523107467302948864
1523107476165783552
1523107481777766400
1523107482360446976
1523107483140562944
1523107482851508224
1523107484843401216
1523107486127243267
1523107492560916480
1523107493383405568
1523107497334087680
1523107498684973056
1523107507144638464
1523107511816970240
1523107515340582913
1523107517366214656
1523107528820752384
1523107528657096705
1523107530377134080
1523107530989260800
1523107534113939456
1523107536089411585
1523107536211218437
1523107537834422273
1523107547057692673
1523107551491067911
1523107557229084672
1523107558285709312
1523107561977057280
1523107567211532288
1523107567270047745
1523107568281092098
1523107570512277506
1523107571783008258
1523107573565902848
1523107578754269189
1523107579865485312
1523107581543256064
1523107583589900288
1523107585192202240
1523107586953953280
1523107593752772609
1523107592330829824
1523107595552423936
1523107600136646656
1523107608974229504
1523107612388069376
1523107616792195073
1523107618264297472
1523107620239798272
1523107622836064256
1523107625843322881
1523107630193180672
1523107631216283648
1523107631220420609
1523107636228538368
1523107643140808704
1523107652305551360
1523107652825460737
1523107658957750272
1523107659901153281
1523107665479704576
1523107665378873346
1523107671494508544
1523107674866429953
1523107678914248704
1523107679790673920
1523107681493430273
1523107682445455361
1523107689022296069
1523107693958860800
1523107696156680194
1523107698677587969
1523107702091939843
1523107703593132032
1523107706097131520
1523107706302697474
1523107708320174080
1523107709519900674
1523107711516233728
1523107713529434112
1523107714108329984
1523107716029366273
1523107722253660160
1523107722492739585
1523107724896219136
1523107726124994561
1523107726582239232
1523107728389906432
1523107730017378305
1523107730537521158
1523107732324519936
1523107733972697090
1523107734983708672
1523107737386770435
1523107740695994368
1523107742411628546
1523107742562455552
1523107747184664577
1523107748526780416
1523107754763857920
1523107759495213056
1523107761474650113
1523107761604554752
1523107763379122177
1523107768114294786
1523107768852353024
1523107780072284160
1523107780462510080
1523107782064586758
1523107791459823621
1523107794194366464
1523107801798946816
1523107807050231810
1523107812116684800
1523107812267593728
1523107813903507459
1523107814469603328
1523107815040069632
1523107817544388608
1523107820937170944
1523107822409752577
1523107829485391872
1523107830894448640
1523107840604450816
1523107842487894017
1523107842714402816
1523107845826564096
1523107851509506048
1523107857909968896
1523107860250611712
1523107860216877056
1523107863689785346
1523107873584447488
1523107873760460801
1523107876310556672
1523107879024164866
1523107881272315904
1523107882467840006
1523107890357280768
1523107890697244673
1523107893943226368
1523107897814794240
1523107899685310465
1523107900415418369
1523107904416403456
1523107912885088256
1523107917699891200
1523107918652096513
1523107924645666816
1523107926860308480
1523107927934246912
1523107937690206208
1523107938256113667
1523107938940092416
1523107941322489856
1523107946556760065
1523107946494046208
1523107947756212224
1523107947873591297
1523107954471309312
1523107956157726720
1523107957801897984
1523107960704180225
1523107962394648577
1523107968895840257
1523107970820755459
1523107979259695105
1523107987266678784
1523107988277448707
1523107990907375621
1523107993562529794
1523107994686402560
1523107995168567296
1523107998117380098
1523107998776053761
1523108000273248256
1523108001434923008
1523108006916878336
1523108009307959298
1523108023144632322
1523108024520699904
1523108041541009408
1523108046326673414
1523108049983971328
1523108058058170369
1523108061715476480
1523108061849608192
1523108063758012416
1523108065809108992
1523108067717836800
1523108068212592640
1523108069009465346
1523108073501790209
1523108074961379328
1523108075384758272
1523108077683326985
1523108079490920448
1523108085275017222
1523108086365712384
1523108091524485121
1523108093348958211
1523108100928335874
1523108100936540160
1523108104954531842
1523108105357303809
1523108121727614976
1523108124080877568
1523108124793929728
1523108128329543680
1523108131034865672
1523108130871160832
1523108131274113024
1523108131722579968
1523108150584365059
1523108154158026754
1523108154397306880
1523108156418584579
1523108165671301120
1523108171413295104
1523108174764650497
1523108176920739841
1523108179592114177
1523108180569780224
1523108180750135297
1523108183731888128
1523108184809824260
1523108186328551424
1523108190077943808
1523108193588883457
1523108193722843137
1523108195501322240
1523108196100960256
1523108198336577536
1523108206377062400
1523108209506066432
1523108215675920384
1523108217433337858
1523108218167513088
1523108217928265728
1523108220730228736
1523108224878096385
1523108227570798594
1523108228955275264
1523108231869984768
1523108236534366208
1523108238773784576
1523108244088303616
1523108253214789633
1523108254795976704
1523108258776752129
1523108262349922304
1523108263318855680
1523108265139261441
1523108265457971203
1523108268629020672
1523108271770406913
1523108274463076352
1523108275398529024
1523108279429513217
1523108280595521536
1523108283640336384
1523108286790348806
1523108288602202112
1523108288933425154
1523108289080270848
1523108289785040896
1523108291512987648
1523108293303881729
1523108297041387522
1523108300581134337
1523108301180833792
1523108303760363521
1523108303827578880
1523108306566676482
1523108307837210624
1523108308726726656
1523108314590056448
1523108317505064961
1523108319346393088
1523108319707398144
1523108319979786240
1523108323893129216
1523108335309918213
1523108335636996098
1523108336228524034
1523108341051838464
1523108341865668608
1523108344374116352
1523108345020059649
1523108348274655232
1523108348887019521
1523108349406982144
1523108351999025152
1523108360714866690
1523108364082769921
1523108366142554112
1523108369183428608
1523108372811509763
1523108377320206337
1523108382290317312
1523108382529540099
1523108383842131968
1523108388460122112
1523108389274136577
1523108390943485952
1523108391882829825
1523108394239889408
1523108395930112001
1523108397247307777
1523108401403678720
1523108402138083328
1523108404536823808
1523108406428835840
1523108406768377858
1523108421180051457
1523108423319326720
1523108423482576901
1523108425861066753
1523108432806510592
1523108436791406592
1523108440406892546
1523108444189962240
1523108444768968704
1523108448103141376
1523108448497733632
1523108454294245376
1523108456466636801
1523108457976528896
1523108458303655936
1523108464280670208
1523108464746131463
1523108466482892800
1523108474175074304
1523108474045210625
1523108480131166208
1523108481355550721
1523108483218153472
1523108485231128577
1523108488171655169
1523108489018880000
1523108489664811008
1523108489672855553
1523108498925449216
1523108499793891329
1523108500217507840
1523108500737470464
1523108500649705472
1523108503371530241
1523108507423289344
1523108507788136449
1523108508668940289
1523108514083721216
1523108515724013568
1523108524464746496
1523108535067975682
1523108535277875200
1523108536250736640
1523108537018191874
1523108541627723777
1523108545121579008
1523108545062793216
1523108546606292992
1523108553485000704
1523108558363295745
1523108564583153664
1523108566529368064
1523108566848372736
1523108567443673088
1523108569444327424
1523108572107657217
1523108574225997824
1523108576826634240
1523108584925835264
1523108585198268418
1523108585214857216
1523108597039001601
1523108598510927872
1523108605494538240
1523108608032251904
1523108611320422401
1523108611358035968
1523108613828489218
1523108614591979521
1523108618509467650
1523108620082323457
1523108621256728578
1523108621495652352
1523108622556930048
1523108627975790593
1523108628890361856
1523108631323029505
1523108633940496386
1523108635496226816
1523108636318392320
1523108638944280579
1523108646229790720
1523108648167165952
1523108648201105408
1523108650457477121
1523108660079169537
1523108661706461184
1523108662104969216
1523108664122523648
1523108666034991104
1523108675761876993
1523108676713984000
1523108679129608192
1523108679083753472
1523108680006193152
1523108681755283456
1523108686285373440
1523108686780317696
1523108691951685634
1523108697719054337
1523108699472109568
1523108701116194816
1523108709227974656
1523108709559414784
1523108709513465857
1523108713590321153
1523108715150417921
1523108715448061952
1523108716312088578
1523108718577328128
1523108720166592512
1523108720963891200
1523108723291480070
1523108727879991296
1523108730291712000
1523108730522398721
1523108734674903041
1523108736381857792
1523108740547100672
1523108743181119488
1523108744401285121
1523108748532793344
1523108750185402369
1523108755801575429
1523108755881480194
1523108757072658432
1523108773404966912
1523108772947763201
1523108774512312320
1523108788466716672
1523108789062606848
1523108791302066176
1523108792057331712
1523108795940962305
1523108796616171520
1523108801120899073
1523108802484371457
1523108803767455744
1523108813645131776
1523108815679279105
1523108816522407936
1523108823661043713
1523108826307723264
1523108834386092033
1523108837963706369
1523108846390038528
1523108847828692992
1523108850106343427
1523108857836638209
1523108861854556165
1523108863024590848
1523108863632941057
1523108863641145344
1523108864782049281
1523108869597192193
1523108870956093440
1523108874936410112
1523108875758882816
1523108882838704130
1523108885443366913
1523108886516879360
1523108890849644546
1523108894461296640
1523108894360600576
1523108898538139648
1523108899892580352
1523108900404629504
1523108904195952640
1523108905647099906
1523108905995292677
1523108906808995842
1523108908264394752
1523108914967027712
1523108921166254080
1523108927411433472
1523108929189912576
1523108929852432384
1523108931832524804
1523108934013243392
1523108939927199745
1523108945308573699
1523108949901430787
1523108950610165763
1523108953713950728
1523108961377226753
1523108965122547713
1523108970017210368
1523108970415624192
1523108972093673472
1523108980092203008
1523108989155913728
1523108989625507842
1523108992905801729
1523108993010647040
1523108999054254080
1523109002107838464
1523109004934737921
1523109005379448832
1523109008353157121
1523109011616419842
1523109013113647105
1523109017324703744
1523109018793033728
1523109020239745024
1523109028959690753
1523109029093863424
1523109035733848064
1523109042125561861
1523109046999519232
1523109052846272512
1523109054016798720
1523109056214630400
1523109057036533761
1523109059507146752
1523109059901243392
1523109061197135873
1523109061163732992
1523109062782889984
1523109072828248064
1523109074874773504
1523109079589462017
1523109081384648704
1523109084186431492
1523109084408471552
1523109084412940289
1523109088145678337
1523109092767965185
1523109094407606273
1523109095355879424
1523109095603113991
1523109096718798848
1523109096777338880
1523109108492034048
1523109111604203521
1523109113973989376
1523109116427657217
1523109120135598081
1523109120928190464
1523109138410217472
1523109139576422400
1523109141102751744
1523109141258153985
1523109145515536384
1523109147197157376
1523109147780300800
1523109151294967808
1523109152385470464
1523109152628781057
1523109152872366085
1523109154084192256
1523109154575249408
1523109155988717568
1523109157171204098
1523109158479749120
1523109161155788800
1523109161231298560
1523109161776517120
1523109166025302016
1523109167254417410
1523109167829241857
1523109175626444801
1523109177912008704
1523109179447459841
1523109182274121728
1523109182672625665
1523109183553421312
1523109194206830592
1523109196358504448
1523109196547436544
1523109199668027393
1523109204055117825
1523109206496321536
1523109207951953920
1523109210845679616
1523109211000897536
1523109212468903936
1523109215774339074
1523109219071062016
1523109223562985473
1523109226175942657
1523109231830106112
1523109234086674432
1523109234354929665
1523109237576011776
1523109237655805952
1523109238301597696
1523109240637845504
1523109246602457088
1523109250305822721
1523109257990008832
1523109271113637888
1523109275572211712
1523109277472559105
1523109277476409344
1523109278324002817
1523109280651825152
1523109282967093248
1523109286871801856
1523109291418435590
1523109295466119168
1523109300356325376
1523109301979860992
1523109303598522368
1523109306438402049
1523109306769489920
1523109310926143489
1523109311924228096
1523109318249238528
1523109319239208960
1523109320522895360
1523109326411415555
1523109326700822529
1523109329238257664
1523109329951334400
1523109332770254848
1523109333243817985
1523109336762961920
1523109338033836032
1523109342941044736
1523109356505497600
1523109358288388097
1523109367830175746
1523109372833845251
1523109379297648641
1523109388269273088
1523109389917310976
1523109391544684545
1523109392857841664
1523109393511837697
1523109397047693314
1523109397777375232
1523109399388389376
1523109404924846081
1523109406769958912
1523109410117103617
1523109412570898434
1523109416224100352
1523109417696247809
1523109422163128320
1523109428186124288
1523109428450533376
1523109430858076160
1523109431235723265
1523109434691522560
1523109437644611584
1523109439527866368
1523109443071881216
1523109448037765120
1523109447920283649
1523109449631932416
1523109451896655878
1523109452823797760
1523109456938409985
1523109468929609728
1523109471735750657
1523109476475281408
1523109481139388418
1523109492501905408
1523109498516246528
1523109503310438400
1523109503583100935
1523109506472841217
1523109507240452096
1523109510579200001
1523109510591754243
1523109514903703553
1523109515557806080
1523109516229120000
1523109520075071489
1523109525531803649
1523109526936817671
1523109527482093568
1523109528102862848
1523109529134768134
1523109537745862656
1523109537997238272
1523109541742727170
1523109545387585537
1523109547099181056
1523109548336500736
1523109549678473217
1523109551104565249
1523109556213395456
1523109558440321024
1523109558498983936
1523109560407367681
1523109560671604736
1523109569966526464
1523109580678520832
1523109584159846400
1523109585829396485
1523109587733282816
1523109587796340738
1523109589641797633
1523109598751825920
1523109600341356548
1523109604183343104
1523109607371317248
1523109609048793088
1523109610139181056
1523109610697420801
1523109614731943937
1523109615289999361
1523109616699461632
1523109617412481024
1523109617399582722
1523109618330705921
1523109618947293185
1523109622923423744
1523109624035041280
1523109626417352704
1523109630674673666
1523109632150974464
1523109633459560450
1523109638341894146
1523109642527977472
1523109644662865920
1523109650605875200
1523109664484855808
1523109666343243776
1523109667441893378
1523109671506419712
1523109673205137408
1523109676736557058
1523109677118205953
1523109677420195841
1523109682679672832
1523109686857256960
1523109690732949504
1523109691290963968
1523109697150234625
1523109698970722304
1523109699775778817
1523109700732002305
1523109701684064258
1523109704443973632
1523109705488678913
1523109710190157824
1523109711448522761
1523109712610283520
1523109715021942784
1523109727319769088
1523109727735066624
1523109730113429504
1523109731262361600
1523109735372931072
1523109742054612992
1523109742402408450
1523109746064211971
1523109754192637953
1523109755056947203
1523109767161729024
1523109774669266944
1523109776833527815
1523109777278218243
1523109780205756416
1523109780528713729
1523109784202874880
1523109785134153729
1523109785654247425
1523109787671887872
1523109789894873088
1523109790326550528
1523109790310092800
1523109794554515461
1523109795913699329
1523109800204111873
1523109817052581890
1523109825009180672
1523109827374813186
1523109829224525824
1523109831946948609
1523109834622701568
1523109843522883584
1523109847197171717
1523109847385915392
1523109848312807424
1523109850569666560
1523109851202826240
1523109857775087616
1523109868705488896
1523109871616462859
1523109877882757120
1523109889152749568
1523109895587115008
1523109897407111168
1523109899320033280
1523109899416502272
1523109899601063937
1523109899651088384
1523109900124966912
1523109902276870151
1523109904260771842
1523109905305149440
1523109909554163712
1523109910052974595
1523109912595013632
1523109914398412800
1523109917107752961
1523109917648986112
1523109920316755970
1523109933767544834
1523109937211052032
1523109938083545088
1523109938557763584
1523109951647977472
1523109955670364162
1523109956333019136
1523109960233664512
1523109963568087041
1523109963958480896
1523109965002514434
1523109965329838080
1523109966961250304
1523109976876535808
1523109979720355840
1523109980492398593
1523109983704862720
1523109985055510528
1523109987467558914
1523109989279313920
1523109990214500353
1523109990889754624
1523109996677935104
1523109998632521728
1523110000981585920
1523110002805813251
1523110002893881344
1523110003305234432
1523110004626051073
1523110011693518848
1523110013836873728
1523110025023000576
1523110030530465794
1523110033839427585
1523110035269644289
1523110037719187456
1523110037979557888
1523110052516741120
1523110054336946177
1523110055364775938
1523110061312069632
1523110068807368704
1523110077749952512
1523110077699293184
1523110079305850886
1523110079842639878
1523110083055751168
1523110083500027906
1523110083952926720
1523110085022654464
1523110088097275904
1523110089435103233
1523110097324371969
1523110097643532289
1523110099782225920
1523110101837508608
1523110102332583936
1523110106678046723
1523110110972719104
1523110112138825728
1523110114324066305
1523110114617561089
1523110116827885570
1523110122351960069
1523110123501150210
1523110125665681408
1523110127305428993
1523110133035077632
1523110139120656384
1523110151821336576
1523110156908773376
1523110166383632384
1523110173228687360
1523110176789655553
1523110177880571904
1523110182611558404
1523110183764783104
1523110200571359232
1523110204061102080
1523110209840889856
1523110212005408769
1523110215260028929
1523110225406009345
1523110228585295872
1523110230250373120
1523110238165282817
1523110240199262208
1523110244619984896
1523110251939069952
1523110255965605888
1523110257635250176
1523110261175255041
1523110263737978886
1523110264886935552
1523110268636700672
1523110270834339841
1523110273107869696
1523110277528846336
1523110278409654274
1523110281425321984
1523110281714765824
1523110286135205888
1523110288005820417
1523110289968836608
1523110298043183104
1523110299083022336
1523110305026519041
1523110309124268034
1523110311095857152
1523110312236716032
1523110314803400705
1523110314664939523
1523110322315448320
1523110325012549632
1523110325825933312
1523110325825986567
1523110333040181248
1523110335871397891
1523110338224594945
1523110339344310272
1523110340443373568
1523110341923811330
1523110346411573248
1523110349196648448
1523110349196922880
1523110353332146176
1523110357794926592
1523110357946052608
1523110358315118593
1523110359267217409
1523110361100025856
1523110362463174657
1523110363356708864
1523110367727038464
1523110367773487105
1523110371191451648
1523110371384389632
1523110379756302336
1523110382004584449
1523110387759071232
1523110388530831360
1523110392280477696
1523110401432457218
1523110404423303168
1523110412505554944
1523110414481264641
1523110430650298368
1523110434110197763
1523110434345295873
1523110436081930240
1523110437725822976
1523110449499328521
1523110451592445953
1523110455451201537
1523110455954264065
1523110474614718466
1523110474833084416
1523110477454139392
1523110483565617153
1523110485448527873
1523110491119185920
1523110492884983808
1523110492906332162
1523110493124456448
1523110502712307712
1523110503752609793
1523110505732349952
1523110506781110272
1523110510392385537
1523110514045624321
1523110515161145345
1523110524132950017
1523110531481182210
1523110534635081728
1523110539378917376
1523110540012580865
1523110543401570304
1523110550493822976
1523110554088353792
1523110560887631873
1523110562153975811
1523110564116844546
1523110564985114624
1523110566830624770
1523110568403611649
1523110569686962176
1523110579036209153
1523110587374313472
1523110598979981313
1523110600510869504
1523110605405982721
1523110608320749568
1523110608438464512
1523110609126330371
1523110612309778433
1523110612775346181
1523110614302097408
1523110615501479936
1523110616130596864
1523110616562814978
1523110619129335808
1523110619922124800
1523110628667592704
1523110628851822592
1523110633138311168
1523110633926967301
1523110637685121031
1523110638805221377
1523110639727693825
1523110640260427777
1523110642659602434
1523110644408811520
1523110646815936513
1523110648200273922
1523110648666034176
1523110650641530880
1523110654793682944
1523110659285737473
1523110663064748032
1523110663484510209
1523110667393601536
1523110670522523648
1523110675819552774
1523110677887406080
1523110679275876352
1523110684216549377
1523110695838965760
1523110697785524224
1523110705762750464
1523110707352416256
1523110707474092032
1523110708858298369
1523110722250625024
1523110722871660545
1523110724150521856
1523110731675316227
1523110734036860928
1523110735358066691
1523110738558013441
1523110739082641408
1523110740340531201
1523110748460834818
1523110749576773632
1523110757604462593
1523110761622605824
1523110761899384832
1523110769327755264
1523110782577561600
1523110783038767105
1523110793041956865
1523110793964883968
1523110795143368704
1523110796414251008
1523110797395709952
1523110797735473152
1523110800457490432
1523110801682628611
1523110804316434432
1523110807936012288
1523110809575952384
1523110811517943809
1523110812394479616
1523110813367558144
1523110814730780673
1523110814743285761
1523110816316276736
1523110818715295744
1523110818845388800
1523110819071991809
1523110825145532416
1523110830040043520
1523110836667301888
1523110837409525761
1523110842132172805
1523110847123701761
1523110856141438976
1523110855931482112
1523110858338889729
1523110861233168384
1523110861463646208
1523110865498558464
1523110866396139520
1523110869856661504
1523110871064588294
1523110873480544257
1523110878127697921
1523110879679881217
1523110885002457088
1523110884930895872
1523110888110452737
1523110888836067328
1523110889108422664
1523110888990982145
1523110890677346305
1523110897492713472
1523110899443109888
1523110903771971585
1523110911426191360
1523110916899807233
1523110917424431104
1523110918791450625
1523110919722921984
1523110921983250433
1523110925947248640
1523110928455471104
1523110927020699648
1523110934990172161
1523110935602286592
1523110936051073024
1523110937443860483
1523110938718527488
1523110941726220288
1523110941940142080
1523110950915932161
1523110956548562946
1523110959077728256
1523110966472314880
1523110977226493952
1523110979239784448
1523110979306991618
1523110979982311424
1523110984574984193
1523110985292201985
1523110998156070912
1523110999624400896
1523111001708965888
1523111004783185922
1523111014408986625
1523111016267403264
1523111016309043200
1523111022684684290
1523111033916723200
1523111034902310912
1523111037079326720
1523111040611139585
1523111044629082112
1523111046189309955
1523111045891469312
1523111050060902400
1523111051432120321
1523111056217821184
1523111056608010241
1523111059393073158
1523111061385191424
1523111063302156290
1523111063516028928
1523111064149594112
1523111065248313345
1523111067789975553
1523111070239539201
1523111073167339520
1523111074538881026
1523111074844884992
1523111078066106369
1523111079387217925
1523111079936929792
1523111082377756672
1523111087688024064
1523111088920932352
1523111090581778433
1523111096483205120
1523111097150361600
1523111101491081217
1523111105773674498
1523111107505770496
1523111117731495937
1523111117547270146
1523111121330257924
1523111122261676032
1523111122848649216
1523111132566745088
1523111134987014145
1523111137075601408
1523111136962392065
1523111142322753538
1523111142654025728
1523111142956146689
1523111147729305600
1523111151634350080
1523111156549779456
1523111163554418689
1523111164774961153
1523111176984752129
1523111178360299520
1523111179173842944
1523111181732687872
1523111183527555072
1523111185800830976
1523111187684429824
1523111191379202049
1523111193325436929
1523111202242539523
1523111202242523136
1523111202649370624
1523111207267446784
1523111214707970049
1523111217740775424
1523111226506870786
1523111228008275968
1523111228528553984
1523111229329485825
1523111234182467584
1523111234207293440
1523111239462928384
1523111241853837313
1523111243418320896
1523111246748340225
1523111247679561729
1523111253597511680
1523111255846035456
1523111256466415617
1523111262619865088
1523111275923861504
1523111276121141251
1523111277505269761
1523111278473924608
1523111278646120454
1523111284677353473
1523111285092671489
1523111288141803521
1523111289182060544
1523111289446608896
1523111296211644419
1523111303103062017
1523111303304294400
1523111304625418240
1523111305699287040
1523111314058448897
1523111316483100672
1523111319725285376
1523111325337292800
1523111328277143553
1523111329912995842
1523111330185715712
1523111335675850753
1523111342626209795
1523111343192166402
1523111346120032256
1523111351807270912
1523111352654475264
1523111358476156933
1523111360019976192
1523111364566433797
1523111365996654594
1523111369121288193
1523111371063574528
1523111381565911040
1523111385260982272
1523111385311629312
1523111392743731200
1523111395247677441
1523111395876917248
1523111397030305800
1523111400289488896
1523111404802170880
1523111409462439936
1523111411135565824
1523111412238667776
1523111415430934528
1523111424691630081
1523111425098477569
1523111425962815488
1523111429821415424
1523111430077222913
1523111442584522752
1523111443322732545
1523111444757286912
1523111449677115393
1523111450734055425
1523111451061153792
1523111453129011200
1523111463069667328
1523111468564025344
1523111472905474048
1523111478978568196
1523111479158968322
1523111483084845056
1523111484191956992
1523111489992679424
1523111492647895041
1523111495227215872
1523111495978352642
1523111502915375104
1523111515662221313
1523111516215857152
1523111517125758976
1523111532493950977
1523111538776854528
1523111540894838784
1523111548469661698
1523111554178326533
1523111556942237696
1523111559467216896
1523111564861186050
1523111567793213440
1523111569885786114
1523111574520561664
1523111582565208064
1523111593684385792
1523111598595977216
1523111602626732033
1523111615713153024
1523111620892782592
1523111623506165761
1523111627037745152
1523111628559896577
1523111630787465219
1523111636646588416
1523111638920232961
1523111648986230784
1523111650475528192
1523111654409576451
1523111654971813890
1523111655710027776
1523111655923585024
1523111656351358976
1523111659803672578
1523111663385284608
1523111675792363520
1523111683379859456
1523111686181470208
1523111686563315713
1523111687716769792
1523111690849890304
1523111691986567168
1523111692736946176
1523111715872727040
1523111718825517056
1523111728552476672
1523111732088274946
1523111735074467840
1523111743945592832
1523111745203544066
1523111749871800321
1523111756637167616
1523111758155718661
1523111769778143232
1523111776610627584
1523111787985797121
1523111789440999424
1523111794054615043
1523111800052531201
1523111805870125056
1523111807438802944
1523111808017469440
1523111811599458304
1523111812077854721
1523111813595811840
1523111813860143104
1523111818507567104
1523111818784567297
1523111818591354880
1523111818960719872
1523111822550786048
1523111822286475264
1523111823838703616
1523111825063219207
1523111842452754432
1523111842717265920
1523111845531332609
1523111847531929601
1523111856600227841
1523111857950650368
1523111862165979137
1523111862573105153
1523111863638241280
1523111864795910145
1523111870261084161
1523111870135431168
1523111871574077440
1523111873750609921
1523111879719096321
1523111884525735936
1523111889949143040
1523111890360348674
1523111892830457857
1523111897587159040
1523111901990846464
1523111908970479616
1523111909330866176
1523111909830303746
1523111921536233472
1523111933028802560
1523111933318205445
1523111933557166081
1523111937588006913
1523111937793753089
1523111944021893120
1523111946853117952
1523111947893411841
1523111949642383360
1523111949872947200
1523111953274527744
1523111953778245632
1523111956344975361
1523111956298997760
1523111958425206785
1523111960417427456
1523111961331863552
1523111961625518081
1523111963009593344
1523111965287190529
1523111966860259328
1523111967745089536
1523111967996940288
1523111970853261314
1523111972031668224
1523111972547354626
1523111980583690240
1523111983327092737
1523111984945778689
1523111990012506113
1523111991434383360
1523111993074675712
1523111993640640515
1523111995490586624
1523111996786417664
1523111998027968512
1523111999185375233
1523112006722723841
1523112007540654081
1523112007561617409
1523112012791750658
1523112013991403522
1523112018269507584
1523112022266810371
1523112023458197504
1523112040117641216
1523112041518665732
1523112043838324736
1523112044685590528
1523112045872238592
1523112050167549953
1523112064117485568
1523112064666849282
1523112068253052929
1523112069943693313
1523112070061117441
1523112070354399239
1523112071755272192
1523112072703217665
1523112078675898369
1523112081213378560
1523112086422769664
1523112088993820672
1523112088872566784
1523112091775041536
1523112092760477702
1523112093905424384
1523112096409530368
1523112097592213504
1523112104014016512
1523112106845151233
1523112108501929984
1523112111542525954
1523112122837655553
1523112123819192320
1523112124708696064
1523112127216906240
1523112127573094400
1523112132635774976
1523112139065638912
1523112145726058496
1523112146380283904
1523112151610793984
1523112151577243650
1523112151866839040
1523112160108646400
1523112160649707520
1523112161479852032
1523112169230848000
1523112169377722370
1523112169331892224
1523112170065567745
1523112178697621504
1523112182010945536
1523112186289303554
1523112189887860736
1523112191616253954
1523112193876668416
1523112194769965057
1523112199497072640
1523112202005274624
1523112206765899776
1523112208657440769
1523112211752890368
1523112212688216067
1523112213686366210
1523112214860763136
1523112215288729600
1523112222603440128
1523112223358726145
1523112225422344193
1523112227594981376
1523112229305929730
1523112229427904514
1523112229876477965
1523112230744514562
1523112231977861120
1523112232871030784
1523112234653736961
1523112243071754242
1523112244900466691
1523112245181530113
1523112252798214144
1523112254505373697
1523112257445515264
1523112271303614464
1523112273383804929
1523112281139077120
1523112282753929216
1523112284281008128
1523112286499794944
1523112287359352840
1523112303750946816
1523112304086511616
1523112307043098624
1523112309631057920
1523112325170950144
1523112325644840960
1523112332364189696
1523112333165436929
1523112333723193344
1523112335958716416
1523112340635504640
1523112348676157440
1523112349800017920
1523112350923907072
1523112352161296385
1523112352337756160
1523112353138896897
1523112354904682497
1523112355751600128
1523112356095705088
1523112360285982720
1523112361426657281
1523112364584935424
1523112365838938112
1523112366933749760
1523112367902846978
1523112369987387392
1523112374890229761
1523112378808016896
1523112382209224704
1523112389691908096
1523112390128447488
1523112390308552707
1523112391998857220
1523112395128074241
1523112399716331521
1523112399477231617
1523112400102195200
1523112402945937408
1523112407228645376
1523112409707458560
1523112429009481728
1523112429336633350
1523112434034221057
1523112437264044033
1523112439448948736
1523112443228332032
1523112445283209216
1523112445610442752
1523112445929484289
1523112455236374533
1523112456209371137
1523112462932881409
1523112472399564803
1523112473058250752
1523112475687677952
1523112476098793473
1523112475834519552
1523112481404915713
1523112484172746755
1523112485213339648
1523112492246835204
1523112492360077313
1523112498110468099
1523112500404920321
1523112504519696384
1523112505668960256
1523112508512342017
1523112511620677632
1523112516263415810
1523112517597159424
1523112525931618304
1523112528473038848
1523112537004273665
1523112538304516096
1523112538581442563
1523112541903519744
1523112543996289024
1523112550811922432
1523112550728343553
1523112560739844096
1523112561687867392
1523112565928501248
1523112575533461504
1523112582193713152
1523112583477477378
1523112589500334083
1523112595816820736
1523112597603569664
1523112603404627968
1523112607615381505
1523112609972637696
1523112611558141952
1523112616901726208
1523112618990661634
1523112619552702464
1523112627504832512
1523112630570958849
1523112633473323009
1523112641912205312
1523112642981867521
1523112645645115392
1523112646374875137
1523112648811827200
1523112649956941824
1523112652532494339
1523112652620242946
1523112655778906113
1523112660337758208
1523112661416017920
1523112667593981952
1523112667623223296
1523112669363916800
1523112669636481024
1523112670798311432
1523112684379467776
1523112690276655104
1523112691430477824
1523112692604710912
1523112694856896512
1523112695725432832
1523112701127716864
1523112700435644416
1523112704860434432
1523112707179917314
1523112707817320448
1523112715199283202
1523112716059447297
1523112718059851776
1523112718856769536
1523112725357883396
1523112730508419072
1523112732740157440
1523112732861800448
1523112739161272320
1523112744886566912
1523112752205770752
1523112763739951104
1523112764960436228
1523112765266743301
1523112766667587584
1523112766952722432
1523112768328683522
1523112768785637376
1523112769868156928
1523112775916351489
1523112779577958401
1523112783985975297
1523112788952064000
1523112790180995072
1523112791263281154
1523112793788252160
1523112793796657152
1523112796510109696
1523112797034319872
1523112798867587072
1523112798691430400
1523112802088456192
1523112810389155840
1523112811798441985
1523112812268199936
1523112814734462977
1523112816190062592
1523112819994296325
1523112820103122944
1523112821613072384
1523112821818642432
1523112824196976640
1523112824309919746
1523112825887113219
1523112827594354689
1523112830613868544
1523112834929881088
1523112835148091392
1523112836481921025
1523112838172004352
1523112841720614912
1523112844883120129
1523112846757822466
1523112847135412225
1523112850667216896
1523112853129293824
1523112854374604800
1523112857348542464
1523112858145411072
1523112866240679936
1523112869700993024
1523112870128795648
1523112870950707204
1523112872229969921
1523112875371368448
1523112879255584768
1523112880983314433
1523112883009187840
1523112885336961024
1523112887924969472
1523112893301989376
1523112894279290880
1523112895533379584
1523112899073372160
1523112899576688640
1523112902026166272
1523112904177766400
1523112905478135809
1523112912076046340
1523112915456634881
1523112919507996672
1523112921080999936
1523112924197359617
1523112924776181761
1523112925350838272
1523112925661044738
1523112928412463104
1523112931017199617
1523112941830115331
1523112942454992896
1523112944250277890
1523112946154496000
1523112947433807872
1523112948104900608
1523112950160293888
1523112951502508032
1523112952353550337
1523112954345963520
1523112959387570176
1523112959727513601
1523112960608116737
1523112962096963584
1523112962592018432
1523112964659761155
1523112965569921024
1523112968594268160
1523112974927466496
1523112976890449920
1523112979578998784
1523112981063925765
1523112980954550272
1523112985903857664
1523112988223631362
1523112995534295041
1523112998067339264
1523113000487780352
1523113003352309761
1523113009022836736
1523113016044429312
1523113019504422912
1523113031143632897
1523113039289016321
1523113053172076544
1523113064299581440
1523113066019553280
1523113078073692161
1523113082284871681
1523113083891240960
1523113084444938240
1523113084621307904
1523113086948757505
1523113090124062721
1523113091512348672
1523113092485238784
1523113099603202048
1523113103374036992
1523113104506249216
1523113113578467328
1523113114677301252
1523113120280981504
1523113120180318210
1523113120780242945
1523113121644441600
1523113122600730624
1523113122894008320
1523113125897453568
1523113127939878915
1523113128791506945
1523113129520951303
1523113129667796992
1523113131446349824
1523113132826128384
1523113135992889349
1523113136156704773
1523113137205309440
1523113137725186049
1523113139834744837
1523113142447788032
1523113142489808897
1523113158730203138
1523113160605151232
1523113161888464896
1523113163923005441
1523113172357435392
1523113174630817792
1523113174932860929
1523113177139060736
1523113182403108865
1523113185171357696
1523113185896583168
1523113186454560768
1523113188799119360
1523113188954279937
1523113191836106752
1523113198689599488
1523113210265718785
1523113211427717120
1523113213021528065
1523113213578993664
1523113217454899201
1523113223557328897
1523113225113403393
1523113227357650944
1523113231790788609
1523113232340242432
1523113237629210624
1523113246101852160
1523113247087419393
1523113249067130881
1523113249343901696
1523113256990416896
1523113258206613504
1523113260257402881
1523113261092294656
1523113272601640961
1523113275633795073
1523113288833372161
1523113289353465856
1523113291999940608
1523113296123076609
1523113297305915396
1523113298849255424
1523113300023967744
1523113302129262592
1523113304968687616
1523113307053338626
1523113307292459009
1523113308857016326
1523113312883515395
1523113317593665536
1523113320026279936
1523113322731929601
1523113325420195842
1523113335797002242
1523113339550769152
1523113342831067138
1523113352587022337
1523113354960666625
1523113358160969730
1523113368017510400
1523113371138068480
1523113376854937600
1523113382219558913
1523113387613433856
1523113388603482112
1523113389366542339
1523113390532554752
1523113391254282241
1523113401383276544
1523113402607947776
1523113404407619585
1523113406815141889
1523113408354168832
1523113416604274688
1523113427706818561
1523113428768157696
1523113428986241024
1523113433591279616
1523113437274214400
1523113439924613120
1523113441229086720
1523113443163009024
1523113443465007106
1523113449626419200
1523113453032194048
1523113453652934656
1523113456702193664
1523113460934275074
1523113464645885952
1523113471130615809
1523113481007861766
1523113483700928513
1523113488813490176
1523113489929502720
1523113493339447296
1523113497063739392
1523113498921693184
1523113503514525696
1523113505909448704
1523113508124205057
1523113516856901632
1523113518148591618
1523113520585445376
1523113533646462976
1523113533587615744
1523113536276283392
1523113539505848320
1523113540281851904
1523113546367733760
1523113546657280000
1523113546673901568
1523113549014663168
1523113549484199936
1523113553510641664
1523113556354379776
1523113557591683072
1523113558652858368
1523113562784337920
1523113565300793345
1523113571466448899
1523113573173633024
1523113576252076034
1523113578043428865
1523113588877328384
1523113591380922370
1523113598071230466
1523113599685652480
1523113602319720450
1523113604186320896
1523113606635999232
1523113611459244033
1523113612570599424
1523113614177357824
1523113614919434240
1523113615791771648
1523113617796653058
1523113620665556993
1523113629192581120
1523113629477863424
1523113633445646336
1523113635408609281
1523113638223097856
1523113640190439425
1523113643642040321
1523113646762594304
1523113647509164032
1523113651997003783
1523113652072718338
1523113663485587456
1523113663762116608
1523113663967936517
1523113665133641728
1523113665980813312
1523113666954022912
1523113676957396994
1523113687413886976
1523113688453959681
1523113688588193794
1523113689150230531
1523113691591368704
1523113693671608320
1523113693608783872
1523113696381353989
1523113697308475393
1523113700827164672
1523113700995248128
1523113703217926144
1523113708389556224
1523113712537976833
1523113715733729281
1523113720351625216
1523113726727135232
1523113728274841600
1523113736285786112
1523113736227143680
1523113736935919616
1523113737120624642
1523113738630569987
1523113739469295616
1523113750437720064
1523113752241262593
1523113753541324800
1523113755407794176
1523113757303615488
1523113757815279617
1523113760516603906
1523113767328186368
1523113768548548613
1523113784209932288
1523113786143617025
1523113797665271808
1523113804120440833
1523113804380327936
1523113808155185152
1523113808113565696
1523113810235576320
1523113813519650816
1523113814106931205
1523113821392424960
1523113822889730048
1523113823766720513
1523113826991935494
1523113833891389440
1523113835888259073
1523113842649481216
1523113842783318017
1523113856473645062
1523113858759602176
1523113866254708736
1523113868071161856
1523113874592976897
1523113875167715329
1523113884587937793
1523113891257012224
1523113892939018241
1523113894218289152
1523113896818536448
1523113902271340544
1523113913298329601
1523113913575174144
1523113918301982720
1523113918603931648
1523113936027009025
1523113936458985472
1523113943329165312
1523113945371922437
1523113949176102912
1523113953077133317
1523113955434156033
1523113957564862465
1523113959104016390
1523113964405772288
1523113965076758532
1523113971749949441
1523113973557899264
1523113975906414593
1523113977840029697
1523113982353195011
1523113985804881920
1523113986757070850
1523113988040663041
1523113989739229184
1523114006843883520
1523114013583757312
1523114017597894657
1523114020219228160
1523114028624916480
1523114037109616641
1523114037222989825
1523114037630111746
1523114055573000194
1523114056869203968
1523114067715661825
1523114070546608130
1523114075567247362
1523114077958156293
1523114078054809600
1523114081313599488
1523114081808371712
1523114087898824704
1523114089073070082
1523114089350053888
1523114092248322053
1523114095561478145
1523114098921451521
1523114098963415041
1523114099860717569
1523114104868667394
1523114107536568321
1523114109394628608
1523114110191550464
1523114114255446016
1523114117246205959
1523114117208236032
1523114119557177344
1523114134166196224
1523114137601331200
1523114138725093377
1523114140411256832
1523114149810958337
1523114150670454784
1523114151320911875
1523114152679866369
1523114154474700800
1523114158710878208
1523114164666855424
1523114167909068801
1523114171033825281
1523114175618191360
1523114177711472643
1523114179372015616
1523114180941086722
1523114182068948994
1523114187160899584
1523114191108083712
1523114194702245888
1523114194890985474
1523114195813810177
1523114197642792960
1523114197995094016
1523114199706050560
1523114203057463298
1523114206974808065
1523114210414444547
1523114211408183297
1523114212490244096
1523114216496205825
1523114218186502144
1523114220446838784
1523114221260705792
1523114221784895489
1523114226558009345
1523114226587701248
1523114231549243392
1523114237580943360
1523114239602622464
1523114251036110849
1523114254366384129
1523114255817781248
1523114256119386112
1523114265875521536
1523114273089671170
1523114282682322944
1523114284359819266
1523114286100680704
1523114287325188096
1523114293222608897
1523114296544473088
1523114297173282817
1523114297622208513
1523114304110747650
1523114311614230530
1523114312755261440
1523114315104112640
1523114318488686592
1523114319957065729
1523114321303072769
1523114321382891520
1523114321894649856
1523114323215798273
1523114327875588097
1523114328656060416
1523114329075331072
1523114339594514432
1523114347903569920
1523114350759849984
1523114352488095744
1523114353062522880
1523114353587027969
1523114355159666690
1523114357093244929
1523114364651245568
1523114367734382592
1523114368438837249
1523114368522665984
1523114371010154496
1523114374201856000
1523114379419348993
1523114383282483200
1523114385501306880
1523114392606310400
1523114405738680320
1523114405747052545
1523114407362195456
1523114412399226881
1523114415050362881
1523114416497176576
1523114421882863616
1523114427687464960
1523114440580870144
1523114441822322690
1523114451792273410
1523114459279069185
1523114461866901506
1523114464719286272
1523114468275744768
1523114469311664129
1523114470956015617
1523114475716419584
1523114479734599681
1523114484134465536
1523114484390322176
1523114492296851456
1523114495228669952
1523114498030153729
1523114499267764225
1523114499716227072
1523114502765514752
1523114502748790785
1523114503558238209
1523114515033960449
1523114514983821317
1523114516447252481
1523114522713915394
1523114526753050624
1523114526970765313
1523114535003074561
1523114535300698113
1523114540258689024
1523114542162595840
1523114552107229184
1523114555920240640
1523114556301664256
1523114564485009409
1523114565042462720
1523114567752044545
1523114567726862336
1523114582633496576
1523114583057379330
1523114591122821122
1523114591286448130
1523114595283439617
1523114600010461184
1523114602477023232
1523114609120804864
1523114613176356864
1523114621304930304
1523114621950824450
1523114626715553793
1523114631052480512
1523114631589670912
1523114631958437892
1523114635431317506
1523114636207349761
1523114642079375360
1523114643757367296
1523114644402933761
1523114645778751488
1523114647779426304
1523114661637357568
1523114667161260033
1523114668541104129
1523114670541791232
1523114670491635717
1523114672362303491
1523114674010869761
1523114674396405760
1523114676950687746
1523114684173406211
1523114687143030784
1523114687629455360
1523114692683927552
1523114697808961536
1523114702083133440
1523114703651688448
1523114718889930753
1523114722614444032
1523114723524415497
1523114726812618752
1523114734786166791
1523114736824561666
1523114738477019139
1523114743459852288
1523114750137503744
1523114755120328704
1523114761894109186
1523114762170601472
1523114764183871489
1523114770261413889
1523114775336480768
1523114775399759873
1523114783431569408
1523114786329878528
1523114786929930241
1523114804356952065
1523114807993503745
1523114809855819776
1523114810178785280
1523114815861972992
1523114816411684866
1523114820484362242
1523114823328083968
1523114824179232768
1523114826125430784
1523114826293071872
1523114831271714817
1523114840625016834
1523114841850130433
1523114842298724352
1523114842948657153
1523114851844837377
1523114858346131458
1523114859285852160
1523114861118558208
1523114862389645313
1523114862209286144
1523114867741192195
1523114868416516096
1523114879313674240
1523114879833427968
1523114886343012352
1523114888515956736
1523114888633237504
1523114888213647360
1523114894303928320
1523114903547957248
1523114905800704000
1523114908313067520
1523114914679717888
1523114915644338176
1523114917762527232
1523114918743994368
1523114921608851457
1523114925240901632
1523114927954800641
1523114929188143104
1523114934355341312
1523114935311421440
1523114937567956992
1523114940311220224
1523114945432354819
1523114947101687809
1523114947906920448
1523114948494192640
1523114949132058624
1523114949957939200
1523114950780235776
1523114956228505600
1523114956820193280
1523114963820290050
1523114965707608064
1523114966282166272
1523114971189506048
1523114971437088768
1523114977539739648
1523114980689821697
1523114981037953028
1523114981570404353
1523114984225804288
1523114985643204609
1523114988751048704
1523114989938216960
1523114992366542850
1523114993507774464
1523114993654267904
1523115004932861952
1523115010234355713
1523115016056184832
1523115016144228352
1523115017193005056
1523115022050037760
1523115023023079424
1523115026760056833
1523115034372886529
1523115035123347456
1523115039443472386
1523115044657053696
1523115049753235458
1523115052232065026
1523115054333415428
1523115065733431297
1523115068317396992
1523115069441298432
1523115072528084992
1523115076441366528
1523115079922765830
1523115084914081792
1523115085480091648
1523115088617807874
1523115091717423105
1523115099468279808
1523115100118597633
1523115098289881088
1523115101829713921
1523115102467100672
1523115103717003264
1523115103821787136
1523115104468103168
1523115105906753536
1523115106556645377
1523115107462807553
1523115113150046209
1523115114877968385
1523115115863855104
1523115119936700416
1523115118380261377
1523115124931842049
1523115126936666112
1523115135396581377
1523115138236092417
1523115141499600901
1523115151267930112
1523115151712473099
1523115154308988928
1523115154820452352
1523115155852197888
1523115157601193985
1523115162630303745
1523115164173844481
1523115168242475008
1523115171379806209
1523115183098392576
1523115191868690434
1523115192535719936
1523115193273749504
1523115196151173120
1523115197392896000
1523115198319448064
1523115200680849408
1523115201364520960
1523115203600465922
1523115206494527488
1523115206771036161
1523115213079293952
1523115215201603587
1523115217646850048
1523115227100811264
1523115227557994496
1523115232763478017
1523115233300021248
1523115241663610880
1523115246323437568
1523115257971064838
1523115257904140288
1523115260210688005
1523115266368053249
1523115266506436608
1523115268167323648
1523115268213334017
1523115268762849281
1523115269648007169
1523115271765905409
1523115272420446209
1523115273540104194
1523115274941046784
1523115277223100418
1523115281446432768
1523115283053178880
1523115284558921728
1523115285988798464
1523115296168443904
1523115296344608768
1523115300195119104
1523115303332622337
1523115310680711168
1523115316456304640
1523115324673036288
1523115326275084288
1523115326979858432
1523115328565178376
1523115328783663104
1523115328808513537
1523115327974174721
1523115329295368192
1523115335796543490
1523115338606714881
1523115338925232128
1523115340577841152
1523115347708039168
1523115350518247424
1523115353018093568
1523115353253249024
1523115354217717762
1523115362560376832
1523115368939761666
1523115369610809344
1523115370571526145
1523115372446195713
1523115372727046145
1523115374262161408
1523115375054913536
1523115378561355776
1523115380645969920
1523115383317667841
1523115383523135490
1523115393526951936
1523115397414899712
1523115408156655616
1523115410681663488
1523115417199284225
1523115420676685825
1523115423134146560
1523115427051622400
1523115432500207616
1523115435633299456
1523115437424267265
1523115438812450817
1523115440368615425
1523115445653733376
1523115447742189568
1523115451764641800
1523115454037827584
1523115455925620736
1523115462451949568
1523115464380936193
1523115467539456000
1523115468327768064
1523115468927926273
1523115470299279360
1523115474619453440
1523115476074721280
1523115480017477632
1523115484710850560
1523115487000813569
1523115487739387904
1523115489479708673
1523115490423746561
1523115490968842241
1523115488821202944
1523115492923392000
1523115493414285312
1523115498359066624
1523115499453923329
1523115500498489344
1523115504256184321
1523115510283472897
1523115512565497856
1523115520634986496
1523115522581094400
1523115522837352448
1523115525777199104
1523115529690517504
1523115531443703808
1523115531506950144
1523115534409252868
1523115535122186241
1523115535726419968
1523115546073608193
1523115546245537793
1523115548875583488
1523115567372447744
1523115578042593280
1523115582249340928
1523115585210662912
1523115586057740288
1523115586355486720
1523115592626147330
1523115594341445633
1523115598385139712
1523115600830418945
1523115601950298112
1523115607071215616
1523115607365136384
1523115608417587201
1523115612205113345
1523115614302502914
1523115619050213381
1523115620719468545
1523115622019739648
1523115623122829313
1523115625442279428
1523115627933708289
1523115631260082177
1523115633130360832
1523115641288347648
1523115642219819008
1523115650687721473
1523115654915641344
1523115661920247808
1523115663455363073
1523115668236865537
1523115668534530049
1523115668660318208
1523115669939638272
1523115673232322560
1523115674133966848
1523115674091982853
1523115677292314624
1523115681440571393
1523115682183131137
1523115686327128066
1523115691213148160
1523115691632648193
1523115691406028802
1523115691913920512
1523115692651958272
1523115693239341056
1523115693905891328
1523115694501818368
1523115695562801155
1523115704106377216
1523115703691546624
1523115707180851200
1523115707742834693
1523115718702952448
1523115726671958017
1523115739292794881
1523115741775802368
1523115744656969729
1523115744627617793
1523115754777939968
1523115754874609664
1523115755537149952
1523115758154252290
1523115758494302208
1523115760134266882
1523115766085824512
1523115766899298309
1523115767000346624
1523115773291819009
1523115775246094336
1523115776630087680
1523115777049899008
1523115780841254913
1523115781936062464
1523115782674128896
1523115783320215552
1523115787958906880
1523115788655538176
1523115789234192385
1523115789158879232
1523115796981067777
1523115800273780736
1523115803201007616
1523115805617045506
1523115815763333121
1523115824680108032
1523115826148253696
1523115828689788929
1523115831420342272
1523115831692906496
1523115843957432320
1523115849300996096
1523115855001059329
1523115857433358336
1523115859849654273
1523115867323899904
1523115871710826496
1523115873795739648
1523115875875704832
1523115877633302528
1523115881664229376
1523115882985054208
1523115884667019264
1523115886562791424
1523115887267807233
1523115889872150528
1523115891877105665
1523115892749778944
1523115895341477889
1523115895563816961
1523115897438851072
1523115897749082113
1523115898776678400
1523115900483694592
1523115913855508480
1523115917093511168
1523115934097223683
1523115941168439296
1523115944041926656
1523115953340305411
1523115955898896385
1523115959459930112
1523115960554561536
1523115961288740870
1523115966745706496
1523115967735545856
1523115970369269760
1523115972076351489
1523115972399443973
1523115984889987072
1523115989327437824
1523115990858354690
1523115991495962624
1523115992549068802
1523115993740058624
1523115998160691201
1523116001381871617
1523116010379051008
1523116012593303553
1523116012987506689
1523116015059488773
1523116020679856129
1523116022592847877
1523116034915733504
1523116036433842176
1523116040020172800
1523116049549316099
1523116055270662144
1523116057451692033
1523116060085432320
1523116060009844737
1523116061125607424
1523116061410922497
1523116061763117056
1523116063876997121
1523116068868435969
1523116081980010496
1523116084861280258
1523116087767965700
1523116090712543234
1523116107640586240
1523116109805002752
1523116112673927168
1523116116247293952
1523116123386167297
1523116124556062721
1523116126636429312
1523116137483206656
1523116138666029056
1523116143074213888
1523116143388631042
1523116165257736195
1523116166394351616
1523116175450054661
1523116177135972353
1523116177328775168
1523116185017065472
1523116194563297280
1523116202268434432
1523116204444897280
1523116209218105344
1523116214481915904
1523116224145620997
1523116223986163713
1523116227555729410
1523116233490583555
1523116235617144834
1523116237198438400
1523116241795248129
1523116244664160256
1523116246413107203
1523116247289929730
1523116248942669824
1523116249076563968
1523116249550491648
1523116250468999168
1523116250913599488
1523116252281012224
1523116255762206721
1523116257633087488
1523116257775607808
1523116258895568898
1523116261269401600
1523116264566124544
1523116266151870464
1523116268810821632
1523116271226658816
1523116284506001408
1523116284535136256
1523116285458096128
1523116286813011968
1523116290470121472
1523116293942960128
1523116295235026944
1523116297168379905
1523116301732184065
1523116305431244800
1523116306173775872
1523116308488937473
1523116309294116865
1523116311618162688
1523116312079208448
1523116316923772928
1523116323081179136
1523116325287178242
1523116327816343558
1523116327887859715
1523116341372555264
1523116345084194819
1523116349278412801
1523116359382859776
1523116364667392000
1523116364164042752
1523116365569466368
1523116367540412417
1523116368522104832
1523116370107539456
1523116370153840640
1523116375140859904
1523116376801521664
1523116378877747200
1523116381067223041
1523116388541296640
1523116389732536320
1523116392199110656
1523116392685486081
1523116393834549248
1523116394518573057
1523116407445405696
1523116409412145152
1523116411224465409
1523116412428066817
1523116414093078528
1523116414873128961
1523116416970498050
1523116420002852864
1523116421290602496
1523116435727613952
1523116451409719296
1523116453968310272
1523116454618484738
1523116455264464897
1523116462382235648
1523116462541766656
1523116463032344577
1523116463485300737
1523116465209020416
1523116469470519298
1523116470510792706
1523116472293240833
1523116472205455360
1523116474608472066
1523116476533997569
1523116477255143429
1523116478031007745
1523116484272164864
1523116488735051776
1523116491016933377
1523116493051150336
1523116494011629569
1523116498008645633
1523116498843275264
1523116511283400705
1523116511505747968
1523116513581883392
1523116522293858305
1523116528593678336
1523116535329480706
1523116537212669952
1523116542011277312
1523116548097024008
1523116548772167680
1523116557043392513
1523116557877932032
1523116561950683138
1523116565734039555
1523116565532921856
1523116572998610944
1523116572969119745
1523116579583496193
1523116579818336256
1523116588257357825
1523116592959262720
1523116596096806912
1523116599204794369
1523116608364814336
1523116609128128512
1523116616179142658
1523116618955382785
1523116620721315841
1523116631593218048
1523116631953600512
1523116635477143554
1523116640736448513
1523116642628096001
1523116642682564608
1523116643760500737
1523116648890527744
1523116650504998912
1523116651092140032
1523116652241424385
1523116652216426496
1523116655005499392
1523116668418859008
1523116669857583104
1523116677051092992
1523116677491163136
1523116681253380098
1523116690460102656
1523116691655323648
1523116693215612929
1523116693827981312
1523116695325339648
1523116696655245312
1523116701461585920
1523116702019764224
1523116709833441281
1523116711171354626
1523116713881051139
1523116715814576128
1523116717395767296
1523116717857144837
1523116718192996353
1523116721082613761
1523116722542489600
1523116724119289856
1523116724974800896
1523116726367498240
1523116730037325826
1523116730830114816
1523116731517964288
1523116731803500544
1523116740854484993
1523116745673768960
1523116746445524994
1523116749276786689
1523116751088717825
1523116751415881729
1523116753923895296
1523116758680276993
1523116760115060738
1523116761947656193
1523116766402007040
1523116768805355521
1523116769157677056
1523116774622826496
1523116775549906946
1523116776741310466
1523116780985626624
1523116781472210945
1523116788489555968
1523116789638770688
1523116794948759553
1523116798388109312
1523116803664523264
1523116805878734848
1523116811461570565
1523116817518006272
1523116824342441984
1523116824837378049
1523116827089719296
1523116827530121216
1523116834043555841
1523116834114793472
1523116836807602176
1523116841543118850
1523116845951512576
1523116846186213380
1523116848048656389
1523116851051515905
1523116850887815169
1523116855325773824
1523116859612344320
1523116869124644864
1523116869850255360
1523116873189310464
1523116874657337346
1523116876385112064
1523116878578675713
1523116881150111744
1523116894802554881
1523116898270863361
1523116898560397314
1523116900372295680
1523116902142267392
1523116903266357249
1523116915446607872
1523116918349074432
1523116921746788357
1523116924560834561
1523116925706186752
1523116929744924672
1523116930512539649
1523116932592922624
1523116934564261888
1523116940620820480
1523116941891702784
1523116942642532352
1523116945310380032
1523116948107644930
1523116948879413249
1523116951811223552
1523116952038043648
1523116952834740224
1523116961374351366
1523116966050889728
1523116969142239238
1523116973063823360
1523116974712229890
1523116981754671104
1523116986817204224
1523116987177926656
1523116992441753604
1523116992818909185
1523116995780087808
1523116997554364416
1523117003024007168
1523117007016583168
1523117011693412356
1523117013215989760
1523117013492768768
1523117016067936256
1523117016730972161
1523117018735685632
1523117021277593601
1523117023424745473
1523117023651188736
1523117036607483904
1523117038146883589
1523117040005173248
1523117041984872448
1523117042030678019
1523117042223976450
1523117043347705856
1523117044471779331
1523117044904112128
1523117048100179969
1523117048120836096
1523117048548761602
1523117051920879617
1523117058875138048
1523117063245791234
1523117065573482497
1523117071768326145
1523117072812843008
1523117074825945088
1523117075870347265
1523117077367767040
1523117082380206080
1523117084502241280
1523117090072317952
1523117090391035904
1523117092475748356
1523117093503500288
1523117095013462017
1523117095319486464
1523117095709712384
1523117102328332291
1523117104257327106
1523117108099493888
1523117110742110208
1523117111287361537
1523117112171974656
1523117123408646144
1523117128223641601
1523117130924892160
1523117131675619328
1523117132136927235
1523117134985179138
1523117139955273728
1523117140202573825
1523117140433600512
1523117141129629698
1523117148247236608
1523117151368126464
1523117153071022081
1523117154228477952
1523117156971343872
1523117157642604544
1523117158183542785
1523117161387937792
1523117166064975872
1523117166845132800
1523117171777613824
1523117183324200961
1523117195915636737
1523117196196519936
1523117202941034497
1523117210989850624
1523117212344664066
1523117217436512257
1523117217571028992
1523117217658793984
1523117217902055424
1523117218518642688
1523117224487137282
1523117227779985408
1523117233219981312
1523117234717327361
1523117238466850817
1523117238881988609
1523117245710229504
1523117248248152064
1523117249627705346
1523117250449862659
1523117250797965312
1523117251238326272
1523117260449091584
1523117263536082945
1523117263259602944
1523117264748552192
1523117265448669186
1523117266287706112
1523117271987720193
1523117272583512064
1523117279797338113
1523117280301039616
1523117281748094978
1523117281773031431
1523117281852596230
1523117284310626306
1523117286415949825
1523117286680322049
1523117288362487808
1523117288664092672
1523117291504021504
1523117297166036992
1523117297912926208
1523117309111459840
1523117315360927744
1523117316514488320
1523117320369065984
1523117320758956033
1523117324244439042
1523117327713189888
1523117332276846593
1523117332960362496
1523117334449336321
1523117340094836736
1523117340677877765
1523117341411749888
1523117344171646976
1523117358272991233
1523117362307747840
1523117364203581440
1523117364618743809
1523117367085367296
1523117368142184451
1523117372516802560
1523117376811810816
1523117379085307904
1523117383023538181
1523117385091534848
1523117386584539137
1523117390346670083
1523117393509494784
1523117395136630785
1523117403479363585
1523117406373224449
1523117414610653184
1523117421002772480
1523117423473348610
1523117425855655936
1523117429605470209
1523117432667348995
1523117442524127232
1523117444717551626
1523117450186817536
1523117451654754304
1523117465013682176
1523117467714785281
1523117474480529410
1523117493828562944
1523117500937818112
1523117501152116737
1523117511176249344
1523117512698720256
1523117514502426625
1523117514724573185
1523117516570218496
1523117518373543943
1523117523700314112
1523117524291702786
1523117527404060672
1523117529149087744
1523117529484623872
1523117528704110592
1523117532252876800
1523117532470730752
1523117534626516993
1523117539227627522
1523117542906413056
1523117544386662403
1523117550275420160
1523117551454236672
1523117551840022529
1523117561662959616
1523117562992934914
1523117568642351104
1523117569342775297
1523117569766350848
1523117581904744448
1523117584182353921
1523117585201438720
1523117586409398272
1523117586979835904
1523117587143749635
1523117590368817153
1523117594814803968
1523117598518304769
1523117602796621824
1523117605996929027
1523117607460687872
1523117609113493504
1523117609511788544
1523117610396786688
1523117611399012353
1523117612993216514
1523117627165450240
1523117636821073920
1523117643691134977
1523117647914991617
1523117652046233600
1523117661806219264
1523117662351462402
1523117667229577217
1523117668529848320
1523117669460836352
1523117673437184000
1523117675580252161
1523117679825010689
1523117679904579585
1523117683012780032
1523117684506132480
1523117689879023616
1523117694757015557
1523117694844870656
1523117696518393856
1523117696803426306
1523117697612926977
1523117699760500736
1523117707033337856
1523117717867294720
1523117718391586817
1523117725949829120
1523117730031075328
1523117731788206080
1523117733981790208
1523117738767826944
1523117748863520770
1523117755339522048
1523117758308827137
1523117763296112640
1523117764096917505
1523117774662680576
1523117775891222528
1523117783227133954
1523117783420370944
1523117788931366912
1523117793910341632
1523117796242120704
1523117796858732545
1523117805868003328
1523117807105413121
1523117810612076544
1523117814441205760
1523117815217147907
1523117823408500738
1523117824008671232
1523117825715363841
1523117826197753856
1523117827800309760
1523117829427720198
1523117829964316672
1523117831432204288
1523117830614388736
1523117832678084608
1523117835588882432
1523117843402969088
1523117843658719233
1523117856548098049
1523117857051377666
1523117857789202432
1523117867763666945
1523117870145699840
1523117875174821888
1523117876143665152
1523117879822102531
1523117888613232641
1523117889045340160
1523117890089603072
1523117890244808705
1523117900592447488
1523117901623963648
1523117903016460288
1523117908662321152
1523117909140140032
1523117909689921537
1523117923744710657
1523117923849572353
1523117933089771521
1523117934897672192
1523117938810646528
1523117939066503169
1523117940006334464
1523117942417858561
1523117943210487808
1523117944359821312
1523117949409587200
1523117956057935872
1523117956351287301
1523117955592364032
1523117968552460289
1523117972138905600
1523117973552386048
1523117975108308993
1523117977213698048
1523117977821847552
1523117978937860096
1523117984067239936
1523117986714107904
1523117987959500800
1523117988844609536
1523117991432495105
1523118007777566720
1523118014333435904
1523118021350285313
1523118021551685634
1523118023833497600
1523118023871430656
1523118028006645760
1523118032901574656
1523118034306490371
1523118041764364288
1523118042539913216
1523118042850287621
1523118045257998339
1523118046495137792
1523118058214248448
1523118058746822656
1523118060701458434
1523118064249688065
1523118065650925568
1523118068251381760
1523118073133543424
1523118072550531073
1523118074819342336
1523118078623510528
1523118080104095744
1523118080716644353
1523118083652526080
1523118085871669248
1523118086223654912
1523118089130635264
1523118095854084096
1523118101717348352
1523118115281944578
1523118118263934976
1523118120394981376
1523118121753718790
1523118123586531329
1523118124517969920
1523118130372825089
1523118132390350849
1523118134231650305
1523118137427693569
1523118139323654144
1523118141353922561
1523118142494453761
1523118142997811200
1523118145506246656
1523118145518862336
1523118149943627785
1523118150786568192
1523118152250720259
1523118155140591619
1523118156663123968
1523118157157728256
1523118160127352833
1523118162874576897
1523118165936713728
1523118172110753792
1523118173565894657
1523118184609505282
1523118185608007681
1523118186081644545
1523118189156179968
1523118190489849856
1523118190913798144
1523118197620154368
1523118203618361348
1523118216935276548
1523118217736212480
1523118224081973249
1523118232835850240
1523118234383179777
1523118239991140353
1523118241803087873
1523118241786257415
1523118259780075520
1523118263508803584
1523118265312366593
1523118274355294208
1523118281430736896
1523118281212583936
1523118284886798337
1523118294294835202
1523118298187059200
1523118301076852736
1523118306114342913
1523118310421929984
1523118310589710336
1523118317120417793
1523118327270457344
1523118334027481089
1523118346698633216
1523118346803171328
1523118347206131713
1523118347784704001
1523118351043932160
1523118354310975488
1523118359923277825
1523118363567792129
1523118373181091841
1523118373982380032
1523118379418415104
1523118381972738051
1523118386342899712
1523118400574300161
1523118403011022848
1523118409445216256
1523118411294855168
1523118412062347266
1523118416055394304
1523118417649168384
1523118417745629184
1523118431163195393
1523118447026089984
1523118456316391424
1523118460535926784
1523118461454405632
1523118466538274817
1523118466818973697
1523118469016956928
1523118469436248064
1523118481725550592
1523118482535165952
1523118485039349761
1523118485676883968
1523118488612589569
1523118489975676928
1523118493721260033
1523118497517219840
1523118498251214848
1523118507801866241
1523118516806688768
1523118517603643392
1523118519449276416
1523118520535449601
1523118524327075840
1523118525660995585
1523118530782445572
1523118530996195328
1523118535764942848
1523118537652391936
1523118539582111745
1523118542169591813
1523118542773952512
1523118544237391873
1523118546024382466
1523118546225491968
1523118547471597569
1523118557454020608
1523118557890215937
1523118560112906240
1523118560985313281
1523118561195175936
1523118561085968385
1523118561333739520
1523118567343939585
1523118569994731520
1523118570087010304
1523118574730039296
1523118578320486400
1523118586411114496
1523118589766733824
1523118591625011202
1523118597245382656
1523118607378444289
1523118608120893443
1523118608905392129
1523118610344202244
1523118613502345217
1523118616790683648
1523118620481622017
1523118630543667200
1523118634222063618
1523118638059851776
1523118643030102017
1523118652505030656
1523118653356400640
1523118653218373634
1523118653377773568
1523118655881420801
1523118656045326336
1523118656246657024
1523118657185886210
1523118657790177280
1523118658758877185
1523118667235348481
1523118672444739584
1523118676408356864
1523118681617833984
1523118682440093696
1523118686281687040
1523118697858146305
1523118700638859264
1523118704107855872
1523118704711856140
1523118707303763968
1523118709446905857
1523118713955930112
1523118716170375169
1523118719119024128
1523118723737206784
1523118727360917506
1523118729613115393
1523118729835343873
1523118732113215489
1523118733631262721
1523118736060071936
1523118747568943104
1523118748005462018
1523118748085145600
1523118749863272448
1523118751654236164
1523118752404975618
1523118758205612033
1523118765206294528
1523118766745260032
1523118767680622592
1523118769563791360
1523118771476467713
1523118773099716609
1523118774999683077
1523118776794763264
1523118777818308608
1523118777843728384
1523118779789721601
1523118786299105280
1523118786504957952
1523118792267952129
1523118792829992960
1523118799259463682
1523118802065494018
1523118814061555713
1523118815126556672
1523118819731988485
1523118820805660672
1523118821564952576
1523118822189789184
1523118823280455680
1523118824962560002
1523118826052886528
1523118826124046336
1523118827797893120
1523118828208619520
1523118829974392832
1523118830247383040
1523118834718105600
1523118850732355584
1523118858550362118
1523118866242719746
1523118875209920512
1523118877957562368
1523118881447071744
1523118883036557312
1523118885263790080
1523118889034711040
1523118889823240192
1523118894260625410
1523118894638018560
1523118896231841793
1523118899234967552
1523118899499192320
1523118902720733184
1523118904461217793
1523118911725752322
1523118913550118914
1523118914682634241
1523118917115252736
1523118921808846848
1523118937054990337
1523118941446733825
1523118949847633922
1523118952603287552
1523118956042932224
1523118956160368640
1523118960887140352
1523118962078146560
1523118964095991809
1523118965173719041
1523118968294502401
1523118971045752832
1523118969950855169
1523118974615306241
1523118974640164866
1523118977018441733
1523118982336712704
1523118982475120641
1523118995058044929
1523119001047511040
1523119005736718336
1523119010862465024
1523119010916671488
1523119013181616130
1523119013961748480
1523119014326661120
1523119017757900800
1523119026913828865
1523119028188844032
1523119031686901762
1523119031326101505
1523119033792532486
1523119035843547140
1523119035772280833
1523119041480904706
1523119045632880640
1523119046362808322
1523119048023629829
1523119049638825984
1523119053425893376
1523119053744840706
1523119054633984000
1523119054663581696
1523119056181551104
1523119056626196481
1523119056953352197
1523119059306692608
1523119069503066112
1523119071012614144
1523119072983977986
1523119079095083010
1523119082354130944
1523119082706718720
1523119094312144898
1523119096073965568
1523119100272459777
1523119104156000257
1523119109092696064
1523119111189848064
1523119115770155008
1523119115874885633
1523119128566976512
1523119138763423744
1523119139682152448
1523119144958259200
1523119145327292417
1523119146879229953
1523119149962055681
1523119156056498179
1523119170933895168
1523119172556935168
1523119175840849921
1523119181381914627
1523119182908325888
1523119183336202240
1523119184351313920
1523119186465402880
1523119188638076937
1523119201803804673
1523119203250851840
1523119209135603713
1523119210934677505
1523119218312499202
1523119218417598464
1523119231902093312
1523119242538749952
1523119242438225920
1523119245147607040
1523119253863288834
1523119255147151361
1523119263229235200
1523119264370073601
1523119267629387776
1523119282862710784
1523119284787941376
1523119287338418176
1523119288466374656
1523119290551001088
1523119291494674437
1523119296989122560
1523119298062954496
1523119298021330945
1523119301145759744
1523119304362840064
1523119305054769152
1523119306346614786
1523119307328147457
1523119307395244032
1523119311727988737
1523119313145810946
1523119318619549696
1523119323329404931
1523119323283341314
1523119325334237184
1523119328484524032
1523119328979300353
1523119332456210432
1523119333718867969
1523119334301704192
1523119337959456769
1523119347417247746
1523119352769220609
1523119356015792129
1523119356678483969
1523119362278047745
1523119372570710017
1523119376622571521
1523119380069986304
1523119381491843072
1523119385627729922
1523119394150580229
1523119397417611264
1523119405789552642
1523119408880963587
1523119409623040001
1523119410076164096
1523119411506339845
1523119414899445760
1523119416191467521
1523119424907096064
1523119428149284864
1523119430175461377
1523119430615674880
1523119431521554432
1523119432385499136
1523119436579889152
1523119437938790400
1523119447988645888
1523119450760749057
1523119455902961664
1523119457526489088
1523119458176442371
1523119460806463488
1523119461372690432
1523119462555082752
1523119463763427328
1523119467365998594
1523119467643154433
1523119467630264320
1523119469798776835
1523119473183850497
1523119474760691712
1523119479068459008
1523119479453995008
1523119484772397056
1523119484244234240
1523119485829677056
1523119486395912193
1523119491831713792
1523119495853887488
1523119496608686082
1523119503483146240
1523119504565444608
1523119505081520129
1523119509661716481
1523119510420606976
1523119512568340481
1523119515097346050
1523119517651828736
1523119530071183360
1523119533011402753
1523119534520950784
1523119535158853632
1523119537524158464
1523119549616250881
1523119550887186432
1523119556897611777
1523119560395997187
1523119560815448067
1523119566557265921
1523119567119462401
1523119574346252290
1523119575625351168
1523119576502140929
1523119579811049472
1523119580792582145
1523119581040062464
1523119582839513089
1523119586035609600
1523119587767853056
1523119595493953539
1523119602498039808
1523119617497268224
1523119618050920449
1523119619329863680
1523119620818759681
1523119625235755008
1523119639089229824
1523119642708832258
1523119644638392322
1523119646165012480
1523119653996068864
1523119658571689984
1523119660665028608
1523119663969931264
1523119664812859397
1523119668768428032
1523119669540175872
1523119670051864577
1523119678624776194
1523119684173934592
1523119684253630466
1523119684476088320
1523119685096542208
1523119688901083137
1523119693606830080
1523119699629801472
1523119699852414977
1523119701127311363
1523119707980718083
1523119712334643202
1523119714485956608
1523119714624577536
1523119717086601216
1523119722434162688
1523119724254482433
1523119735738859520
1523119737051308032
1523119740285239296
1523119740624932865
1523119741090820096
1523119744185815042
1523119744634826752
1523119745708740608
1523119753434390529
1523119760979873793
1523119763035095040
1523119769633030144
1523119772384251905
1523119777278955520
1523119778017456128
1523119781104480256
1523119788591321088
1523119792483606529
1523119793834020864
1523119794412822529
1523119795498995712
1523119796690296833
1523119797654929409
1523119798321922049
1523119805317861377
1523119807679254529
1523119808643960832
1523119812586713089
1523119815761661952
1523119817061900289
1523119818559606784
1523119821814210560
1523119823282188290
1523119825987399680
1523119840013205505
1523119842634653698
1523119856198897664
1523119861924339714
1523119864537354241
1523119867146211331
1523119870027571202
1523119882237317125
1523119884044890112
1523119884963807232
1523119886272442370
1523119889807982592
1523119894149353474
1523119903783329792
1523119911152799744
1523119914793553920
1523119921990799363
1523119924608004096
1523119926898466816
1523119929746403328
1523119930379759616
1523119930970763266
1523119931948158977
1523119933105881088
1523119933894574082
1523119934158561280
1523119943449219072
1523119944552091650
1523119946443620354
1523119949014781952
1523119951753760768
1523119956858392576
1523119960280924160
1523119960918159360
1523119960150921217
1523119962377928709
1523119974163877888
1523119977859260416
1523119980610416640
1523119983672188930
1523119986444709890
1523119986486972416
1523119988068204544
1523119989938479104
1523119992052797440
1523119992773914627
1523119993864572930
1523119999967285248
1523120006413774848
1523120006305050624
1523120006925807616
1523120010058629120
1523120012084781056
1523120017222496256
1523120018300547073
1523120022113071105
1523120025543987201
1523120029084041216
1523120031160500224
1523120032389210113
1523120032527437826
1523120039972700160
1523120042879385600
1523120049413795840
1523120052773564416
1523120060042293249
1523120060675477504
1523120072252071939
1523120081252798464
1523120083140509696
1523120083920424960
1523120091738517506
1523120092392747008
1523120093479141376
1523120094901342208
1523120098642432001
1523120102773768192
1523120101225951232
1523120115667312640
1523120121593548800
1523120123120218114
1523120124953210881
1523120125997731842
1523120126165356545
1523120129017585669
1523120129323716609
1523120129667911684
1523120134222925825
1523120140212088832
1523120146021240832
1523120146230890498
1523120153390727168
1523120156477919232
1523120160277602304
1523120160625741824
1523120163172024321
1523120176014761984
1523120180448366593
1523120182188974081
1523120185284042753
1523120186265534466
1523120192141742080
1523120193035141123
1523120198358036480
1523120203814477826
1523120206431899649
1523120209682477056
1523120210789924864
1523120210873667584
1523120211225948160
1523120212958232578
1523120214430298112
1523120222886014976
1523120225910022145
1523120230418972676
1523120233795538944
1523120234852646913
1523120237893533697
1523120241693368321
1523120247129128960
1523120247351693313
1523120247917596672
1523120251554074624
1523120251658903552
1523120255459016705
1523120260311703552
1523120268067348481
1523120274660794368
1523120276652892160
1523120276854161408
1523120277097377792
1523120278221508608
1523120278762831872
1523120279102263297
1523120282504171520
1523120289420247041
1523120289487286272
1523120296286326785
1523120305535070208
1523120306797563904
1523120307350867969
1523120321217597441
1523120321661874176
1523120327865532421
1523120328964452353
1523120340460785671
1523120341002121216
1523120341127626752
1523120343807791106
1523120343799713792
1523120344978145282
1523120353379340288
1523120355866718209
1523120359721078784
1523120360220147713
1523120366629134336
1523120370857164800
1523120374736916480
1523120375621505024
1523120386182889472
1523120400255025153
1523120400787709953
1523120414003671040
1523120415232593920
1523120427836522496
1523120444433321986
1523120455623786497
1523120456043278336
1523120463379316736
1523120464175910912
1523120471021076487
1523120472489340928
1523120477614784512
