1525642104365539329
1525642105099497472
1525642110980046848
1525642111181377537
1525642112271847425
1525642115006488576
1525642118735069185
1525642121692098561
1525642122174554114
1525642137521508353
1525642140163915776
1525642143427137537
1525642144945303552
1525642146430205952
1525642148187619329
1525642148841984005
1525642158195331073
1525642162754531331
1525642171948343296
1525642174901133314
1525642177237458946
1525642179271696384
1525642181737861121
1525642184313438208
1525642192974450691
1525642193343750144
1525642200691908610
1525642200800972802
1525642201656606721
1525642202549977093
1525642210401828865
1525642217964154880
1525642218320674817
1525642219536801792
1525642222170939392
1525642231612334081
1525642233256501250
1525642249459089409
1525642254232305664
1525642271454265344
1525642275396718594
1525642291133796355
1525642299304071168
1525642301153808384
1525642303242612739
1525642303833972737
1525642308707819521
1525642320514891783
1525642325904347137
1525642343814156288
1525642344246165507
1525642344577568770
1525642346704125952
1525642348125990918
1525642349359022080
1525642349589762050
1525642350843858944
1525642352840540160
1525642353477918720
1525642354144817157
1525642356636241920
1525642359387586560
1525642361921015816
1525642363703631873
1525642380250075139
1525642383706050560
1525642397736390656
1525642397740408832
1525642402341462018
1525642410180714497
1525642421010169856
1525642422662967301
1525642423405273088
1525642428060934145
1525642428971098112
1525642428937641985
1525642431005351938
1525642439675072512
1525642443210870788
1525642445177823232
1525642447530754048
1525642449976283138
1525642450785554433
1525642451213553665
1525642452299927553
1525642456410124289
1525642462416584705
1525642464471797760
1525642467831341056
1525642469878091777
1525642474592555008
1525642475251060736
1525642477180293120
1525642481206841344
1525642481609621506
1525642483530510336
1525642503415799808
1525642504124608512
1525642520927035393
1525642522906841089
1525642523590463490
1525642524383125505
1525642524395814915
1525642536060170240
1525642551323250695
1525642551994331138
1525642558831046659
1525642559011315714
1525642563117522945
1525642569274753024
1525642579848593408
1525642581333377026
1525642584940498945
1525642586395901957
1525642591294869507
1525642594902069250
1525642595547873281
1525642608470642688
1525642617798545408
1525642619866554368
1525642623427305472
1525642626178891777
1525642629156769792
1525642636824035328
1525642637252116485
1525642640901001221
1525642645141340161
1525642650950303745
1525642657476792320
1525642662388416512
1525642665043316737
1525642664859037697
1525642668461654017
1525642675285893124
1525642684177711106
1525642690288726017
1525642694022025216
1525642695582023680
1525642712434843652
1525642717598044161
1525642725663592449
1525642726972215296
1525642728130084864
1525642732571697153
1525642733930651648
1525642736598130689
1525642741656727553
1525642742382067713
1525642745964113923
1525642751009767428
1525642751068385280
1525642751823466496
1525642754822492160
1525642760354668545
1525642765152968706
1525642768902758405
1525642772719484932
1525642778167894017
1525642779531018240
1525642783872192512
1525642788162895874
1525642791946276865
1525642802138591232
1525642806307561472
1525642806483734529
1525642811441393666
1525642811470667776
1525642814196957184
1525642818470944769
1525642822329958400
1525642825454460930
1525642826347864065
1525642833272741888
1525642838955925504
1525642844643512322
1525642846711304198
1525642847449325569
1525642848082747395
1525642848846192640
1525642849382895616
1525642850972598279
1525642853220765697
1525642855926079491
1525642858216185856
1525642868504657921
1525642870195200000
1525642873030725632
1525642875174031360
1525642875484229634
1525642887521832960
1525642899739885568
1525642906928701443
1525642910485594112
1525642910863085569
1525642912683687936
1525642921856442368
1525642924515635201
1525642932035936257
1525642934971994113
1525642935831867394
1525642937266323456
1525642944564170752
1525642947005272064
1525642947168976897
1525642949614264320
1525642953812738048
1525642957050810374
1525642961698037761
1525642966211100672
1525642976432627714
1525642984426979330
1525642989833527296
1525642990584225794
1525642995252531200
1525643002047234049
1525643002303102979
1525643012239306752
1525643013703315456
1525643014483365888
1525643034003652608
1525643033999441920
1525643039116603399
1525643041884758016
1525643042946011136
1525643043256295424
1525643043596034048
1525643046926401538
1525643050965516289
1525643051976249346
1525643057659621376
1525643058460737536
1525643066467549184
1525643067730051073
1525643068870901760
1525643069579792386
1525643071878320128
1525643082024239105
1525643085136666624
1525643087405469696
1525643088470978568
1525643090706550784
1525643091792756737
1525643094263218177
1525643094573694979
1525643102639235079
1525643104052715520
1525643104665337856
1525643105675771906
1525643108712595458
1525643114425229312
1525643115771699206
1525643116518203397
1525643122067263488
1525643126358024192
1525643131823214593
1525643139037507584
1525643146629111808
1525643150139719680
1525643152044048385
1525643152715042816
1525643155692994561
1525643172101165056
1525643173296472064
1525643174865158146
1525643179650863104
1525643181009911808
1525643182867881984
1525643186093301761
1525643189000065024
1525643189826240513
1525643192716169216
1525643197749272576
1525643202111283201
1525643202551853056
1525643203843657729
1525643211028541440
1525643211917623298
1525643215042449411
1525643217626181634
1525643220348198913
1525643223523332096
1525643226274594816
1525643230850826240
1525643231098281988
1525643232213876737
1525643232138371075
1525643233971294209
1525643235229585408
1525643252749189121
1525643255299334147
1525643264170283009
1525643268947599360
1525643270176612352
1525643275868184578
1525643278175068161
1525643285468958720
1525643291576143872
1525643291936579585
1525643298492260353
1525643310374715392
1525643313331818496
1525643314359304193
1525643315827593217
1525643319128346624
1525643321019858946
1525643321774813184
1525643321292599297
1525643322819334144
1525643323809095681
1525643323876196352
1525643324920582144
1525643334592634883
1525643346252812290
1525643347037134861
1525643354033164289
1525643362530906112
1525643364615561216
1525643368885374977
1525643369061289984
1525643369178882049
1525643374199455746
1525643378293104641
1525643381497643008
1525643382474907648
1525643398475964416
1525643398539005952
1525643404033593344
1525643405514027008
1525643413667713024
1525643418164154376
1525643425189613569
1525643427790168064
1525643431908937728
1525643432915611654
1525643434878504962
1525643442428207104
1525643449147576320
1525643452460974083
1525643454042107904
1525643458337472512
1525643458924277760
1525643462388989952
1525643463773110275
1525643464762961922
1525643469640941569
1525643476234297344
1525643491963023361
1525643492244037632
1525643494181699585
1525643494575980544
1525643498837377024
1525643503849684992
1525643504063504384
1525643509935521793
1525643511676157952
1525643512322179072
1525643515157532672
1525643518852714498
1525643519053946881
1525643531284627457
1525643531293020162
1525643534702989313
1525643536867151872
1525643562934730752
1525643574771171328
1525643582064959489
1525643582832533504
1525643585437282306
1525643587572187136
1525643598208937987
1525643603300720640
1525643611756449792
1525643615262765057
1525643621654986752
1525643623886376961
1525643626050633728
1525643627254382592
1525643629112565761
1525643631578718210
1525643640164569089
1525643641594646528
1525643648720838657
1525643651699068928
1525643651975720960
1525643666349604864
1525643668719386635
1525643671126818816
1525643675900035072
1525643680836632578
1525643681155407878
1525643682325594112
1525643686725533696
1525643690693238784
1525643698188406784
1525643700411346945
1525643703003631616
1525643706426064897
1525643710691692544
1525643710960132097
1525643712889511937
1525643724369321985
1525643727124975616
1525643733051613184
1525643734746124289
1525643737736654848
1525643738739093506
1525643742774022144
1525643753314197504
1525643757877608450
1525643768887648257
1525643772155002880
1525643777104576512
1525643782028333056
1525643788001198083
1525643790098124800
1525643790874206208
1525643800609140736
1525643800219160578
1525643808024797184
1525643809031323648
1525643811103428608
1525643811275292674
1525643819798126593
1525643820087377922
1525643820435525632
1525643823623286784
1525643829273145345
1525643830963212288
1525643832812900352
1525643835619037187
1525643843240185856
1525643845639077888
1525643845622452224
1525643845894930433
1525643847463645184
1525643864484233218
1525643867349032961
1525643870779891713
1525643874701565953
1525643880292548608
1525643881106362370
1525643881840267266
1525643882444337153
1525643882658246657
1525643891885723648
1525643902019059718
1525643904791588865
1525643912265748480
1525643915747115011
1525643922071924737
1525643922713739265
1525643926031433728
1525643926186741763
1525643927302197248
1525643929319776259
1525643936122945536
1525643936903184386
1525643938748682241
1525643940828893184
1525643944155045891
1525643949699915776
1525643954284281858
1525643963537014784
1525643965218836480
1525643968595251204
1525643969790717952
1525643974589001730
1525643977416134656
1525643981983563776
1525643990015557633
1525643991814852608
1525643992586518529
1525643993803022337
1525643994918699008
1525643995833057281
1525643999574249473
1525644002053300226
1525644003785449473
1525644007665172482
1525644013516234753
1525644014468227072
1525644019702849536
1525644032151625730
1525644032273170432
1525644034412249088
1525644046894608386
1525644051013193728
1525644051156029441
1525644070290436097
1525644070466510849
1525644075059273733
1525644084525912070
1525644085570289667
1525644086975373312
1525644087642181633
1525644089521152002
1525644090532335616
1525644092385988612
1525644096081211395
1525644100875296768
1525644105321046017
1525644109368774657
1525644109855305729
1525644112338239489
1525644112330108929
1525644114066292736
1525644114565468160
1525644115651743745
1525644118667538433
1525644122442416129
1525644124879302656
1525644125764304897
1525644126208786432
1525644130285670400
1525644138921730048
1525644141060837378
1525644142444937216
1525644142403112963
1525644143166357504
1525644153945837569
1525644154914709504
1525644157842341888
1525644160136617986
1525644161298341888
1525644162879455233
1525644165777956864
1525644167128436737
1525644173248012289
1525644178679537669
1525644183775723522
1525644185625165824
1525644191019061248
1525644199730610176
1525644200204611584
1525644206076661760
1525644212070391808
1525644222409457667
1525644224321818625
1525644225882226689
1525644226922414082
1525644230248390656
1525644237932462080
1525644239295725569
1525644240281210881
1525644249194278913
1525644250989223936
1525644257389953026
1525644258362806273
1525644260149800965
1525644269716922369
1525644270736232448
1525644274125217792
1525644278403256321
1525644279649116160
1525644289941848071
1525644291451895808
1525644292479393792
1525644295247650816
1525644296338251778
1525644296379957248
1525644298250817536
1525644303237881856
1525644305062313985
1525644311198633984
1525644311517347841
1525644313656496133
1525644321558564866
1525644329221599233
1525644330651770880
1525644332589621249
1525644336834174981
1525644345948397568
1525644349408944128
1525644351640150016
1525644352650870786
1525644356668928000
1525644359634386946
1525644359856693248
1525644363337957379
1525644363229020160
1525644366475366400
1525644367913816064
1525644371982536705
1525644372267630592
1525644373219807232
1525644376847826944
1525644378517159937
1525644381251948546
1525644382568861703
1525644384062124034
1525644396623978498
1525644398830100480
1525644399543480320
1525644404060479488
1525644407986221056
1525644408888168450
1525644410289115136
1525644413069930496
1525644414562861056
1525644414336507905
1525644417146753025
1525644418434449409
1525644440009940992
1525644444728426496
1525644446922072066
1525644447190499328
1525644447731548162
1525644449769988096
1525644451334565888
1525644458447863809
1525644466635165696
1525644470968016897
1525644474474549249
1525644476043206656
1525644480631738370
1525644490903543809
1525644494699470849
1525644500722393089
1525644505189343232
1525644509639544833
1525644517864611841
1525644519982698497
1525644523644280835
1525644529814147073
1525644535996502018
1525644539364524033
1525644539549163522
1525644553381785601
1525644556775071746
1525644561573367811
1525644564916224000
1525644567340621824
1525644568124960769
1525644590325215232
1525644591281618945
1525644601628864512
1525644606150520834
1525644611431059457
1525644612278312960
1525644621925294081
1525644630083215361
1525644632071217155
1525644635057672192
1525644641038745601
1525644648693342210
1525644653155999747
1525644661817323522
1525644663310393345
1525644667504758784
1525644668914081792
1525644682256162816
1525644687763066880
1525644688140673024
1525644689193328640
1525644696504131586
1525644699188576258
1525644707476512768
1525644709372256256
1525644710466834432
1525644725515976704
1525644726090752006
1525644730859720704
1525644736970649601
1525644745367764992
1525644751906738177
1525644756600393728
1525644755895566341
1525644756793049089
1525644757208223744
1525644764841922560
1525644774014865408
1525644780461445121
1525644798186643456
1525644815634878464
1525644817530765312
1525644824715612163
1525644825260859394
1525644826493992960
1525644829002276865
1525644832701566977
1525644835151040512
1525644842503741440
1525644854751285248
1525644855346614279
1525644855329886209
1525644856433025024
1525644858773360641
1525644859285114880
1525644864829939716
1525644868676108290
1525644868411920384
1525644870383284224
1525644876024401920
1525644880235462656
1525644887990882304
1525644902507466757
1525644905133088768
1525644908886884371
1525644918630207488
1525644924393246720
1525644928537153536
1525644930827296768
1525644932207222784
1525644932282826752
1525644933218058240
1525644940306432000
1525644956353822720
1525644968148230145
1525644968735277057
1525644969746305025
1525644973198262274
1525644978210410496
1525644979409928193
1525644980710014976
1525644987874136065
1525644992517066752
1525644993758908417
1525644994563948544
1525645002050879488
1525645003300646912
1525645004403777536
1525645016491778049
1525645029246648321
1525645031465537536
1525645032677683200
1525645034229485570
1525645036083462147
1525645037945638912
1525645038297948160
1525645051132510210
1525645059395313667
1525645060636823557
1525645060699734016
1525645067721089024
1525645069352587265
1525645072628187138
1525645073471488003
1525645074503286784
1525645075275034625
1525645083256754177
1525645085060354050
1525645088243830784
1525645089049137153
1525645091230171136
1525645091410436096
1525645105130098689
1525645110561718272
1525645116735639558
1525645116844777472
1525645117964566528
1525645120384770049
1525645123526307840
1525645127137472513
1525645134884397056
1525645138797658114
1525645139074506754
1525645139624042496
1525645147958087681
1525645157097320449
1525645157646876673
1525645165846593537
1525645172226285577
1525645173417553920
1525645177565626368
1525645177259540480
1525645178932973568
1525645181608943618
1525645186080067584
1525645190081527814
1525645194913521665
1525645201095655425
1525645202538504193
1525645203125612544
1525645205126381568
1525645207160643584
1525645209136136196
1525645216719351809
1525645221136048136
1525645223908589568
1525645227276525570
1525645230879408128
1525645240232730624
1525645244640989185
1525645245962149894
1525645247316893696
1525645253520154624
1525645262428876800
1525645263947407362
1525645264815632386
1525645270007967744
1525645273313189889
1525645277801156610
1525645283522224128
1525645285334175744
1525645286856605697
1525645296780328961
1525645298210578432
1525645301318574080
1525645308163653632
1525645309753311232
1525645310906798080
1525645318032920576
1525645320687964161
1525645321841295360
1525645324001370116
1525645327985848321
1525645331744137216
1525645332834660356
1525645337334976512
1525645339633385472
1525645356339535872
1525645357404807169
1525645363734106112
1525645365256527873
1525645366573637638
1525645366888103936
1525645367152451584
1525645366418350080
1525645369379631104
1525645379597139968
1525645381526245376
1525645382029651969
1525645383073939462
1525645385343062017
1525645386026627072
1525645389902368770
1525645391491780608
1525645391559069697
1525645394809692160
1525645400308334592
1525645401369595905
1525645403370053633
1525645404641058818
1525645407354863617
1525645410659966977
1525645415978258436
1525645416246673410
1525645416787738624
1525645418893299718
1525645420487057409
1525645423087599617
1525645440015818752
1525645439067889664
1525645448794488833
1525645452858867715
1525645454163070976
1525645458764402688
1525645462467903488
1525645463780827136
1525645477634449408
1525645480885116934
1525645486643892225
1525645488351059969
1525645492545265664
1525645498685734914
1525645501995139072
1525645513768718337
1525645522618290176
1525645531216695297
1525645540075130881
1525645549109665795
1525645552473591808
1525645554973257728
1525645555862540288
1525645564527910912
1525645566050324480
1525645569787453440
1525645573570891776
1525645574841720832
1525645580403449856
1525645580608884737
1525645581825220610
1525645588771254272
1525645598157946882
1525645605300752384
1525645606173147144
1525645610183192578
1525645624913408003
1525645628168146944
1525645633255882753
1525645633297719297
1525645634132447233
1525645636888035329
1525645639408922624
1525645644366495744
1525645647889813504
1525645648577675265
1525645651048022018
1525645655192002560
1525645660418105344
1525645664591413248
1525645666600554496
1525645669498863616
1525645679049248768
1525645692718698496
1525645696690532354
1525645702436618243
1525645705850802178
1525645706832318468
1525645718542753793
1525645721143283714
1525645729317810176
1525645732425998336
1525645741703692288
1525645743297597442
1525645753502339072
1525645759869292545
1525645762306129920
1525645763405139968
1525645764965322752
1525645769273135104
1525645770602446848
1525645777829347328
1525645783659384833
1525645790068330497
1525645793553686530
1525645796296871936
1525645798448455683
1525645803422748677
1525645812742619136
1525645816169373698
1525645821739270144
1525645821886271499
1525645823064739840
1525645823576530950
1525645851347009537
1525645851867107330
1525645852961910785
1525645853850890240
1525645861551755264
1525645863909044224
1525645867235123200
1525645869755793410
1525645870682750981
1525645874084339712
1525645875351003138
1525645876986671104
1525645876823265281
1525645877896835073
1525645879583117313
1525645881378209794
1525645886126432256
1525645889880084480
1525645891851497472
1525645892270927873
1525645893566976000
1525645895374610432
1525645899107549184
1525645901934600196
1525645916551532544
1525645924084486145
1525645927465136131
1525645930883649536
1525645931793850368
1525645934100635649
1525645941222559745
1525645951867682816
1525645953080135680
1525645958935109644
1525645972092616705
1525645975959785473
1525645976106438656
1525645977738219521
1525645979017527296
1525645979273375749
1525645980951105536
1525645981890527235
1525645983903895560
1525645984314888193
1525645987489914882
1525645990224490497
1525645997241733122
1525646006288801792
1525646012936859649
1525646012731125761
1525646013561708546
1525646015444959233
1525646021434527744
1525646027826647041
1525646028728414211
1525646032377466880
1525646041437061120
1525646047372005376
1525646047514546176
1525646048659705856
1525646050056355841
1525646056100614144
1525646056905658368
1525646058801573890
1525646062462963712
1525646065302650880
1525646065957052423
1525646066581905415
1525646067726942211
1525646068763041792
1525646070558216193
1525646070910357505
1525646071833190400
1525646073628344321
1525646079076728832
1525646078976090113
1525646079269687296
1525646079961726978
1525646085116440576
1525646089700790272
1525646091143749638
1525646091303145472
1525646102556512258
1525646105656033285
1525646111964274688
1525646118465458178
1525646119098798082
1525646121065795587
1525646125872685059
1525646126241685504
1525646126535303168
1525646126828752896
1525646128074608641
1525646128276033536
1525646130092056576
1525646130658349056
1525646133376204801
1525646134798057472
1525646135263694848
1525646143702634498
1525646145590001667
1525646150849675264
1525646157393063937
1525646168302174209
1525646168918736897
1525646169795227648
1525646170944593923
1525646181803728897
1525646182105620480
1525646184345391104
1525646188833394696
1525646189202395136
1525646189437276161
1525646190959804416
1525646192624926722
1525646196571881472
1525646214829592583
1525646227437756416
1525646227446046727
1525646228251463682
1525646236887531524
1525646237549985797
1525646242503708672
1525646245359910915
1525646246395912192
1525646247331127296
1525646247670861824
1525646248585228291
1525646249499807746
1525646251966050308
1525646279174397954
1525646283612078080
1525646285352624135
1525646294450159616
1525646294613643264
1525646295377096704
1525646295699841024
1525646296379441152
1525646310849880064
1525646314389884929
1525646319909486592
1525646326331068417
1525646332849008642
1525646343242403841
1525646343661821952
1525646343825399808
1525646344676904964
1525646362766737408
1525646364876709888
1525646370920714244
1525646372552196096
1525646374926176257
1525646382933102592
1525646388641423360
1525646394417041409
1525646397734780931
1525646404546605058
1525646408908525570
1525646409197834246
1525646418878267395
1525646420346273793
1525646424586833921
1525646427631800326
1525646429359943683
1525646432602140672
1525646437467312128
1525646445264633858
1525646446275571713
1525646446636044290
1525646458984202240
1525646461152772096
1525646461869899776
1525646464327864328
1525646467557466113
1525646468266311683
1525646471688859648
1525646472691187712
1525646475400814598
1525646479825719298
1525646486125563904
1525646487073456128
1525646493302108160
1525646494904291328
1525646495596306432
1525646499711000576
1525646501925511174
1525646511131992064
1525646518161653760
1525646519805874177
1525646520405659649
1525646520938287105
1525646521668194304
1525646526349025285
1525646532556603393
1525646533357608960
1525646538697056257
1525646541272276992
1525646545034842113
1525646549727838208
1525646558905212928
1525646559106543616
1525646569885904896
1525646571433598978
1525646572926783488
1525646585715212289
1525646604379856896
1525646607114452994
1525646610969001984
1525646611304615936
1525646613385035777
1525646619248574464
1525646622503235584
1525646627754627075
1525646633559437312
1525646634331283456
1525646642623438848
1525646644645085185
1525646649393029121
1525646650689171457
1525646653369163776
1525646656879874049
1525646660990382080
1525646664001761280
1525646664115027969
1525646669257158656
1525646675368345602
1525646684537208834
1525646684746919936
1525646687318024192
1525646693584228353
1525646696193089536
1525646696528723971
1525646697933819907
1525646698973908992
1525646700794331140
1525646702182539268
1525646702421630976
1525646702656495617
1525646703801651200
1525646703658995713
1525646705546379267
1525646710789242882
1525646717370175489
1525646722134953985
1525646724433428482
1525646732133924864
1525646734600306688
1525646737838379009
1525646740887437312
1525646741902610443
1525646742443724800
1525646744209747968
1525646745765498880
1525646753646641152
1525646758080090112
1525646763889246208
1525646767861252098
1525646768033001477
1525646769706500096
1525646782755127296
1525646787423481856
1525646788455239680
1525646791399460864
1525646795958779905
1525646800513863680
1525646800870326276
1525646804993581057
1525646808789262341
1525646816502501376
1525646818008256513
1525646822521323520
1525646824345718785
1525646825155440640
1525646825297936385
1525646844323299328
1525646846051459073
1525646847620091905
1525646847985037312
1525646851101310977
1525646851390726148
1525646863126478854
1525646864422277120
1525646866297274368
1525646871967956992
1525646872915869696
1525646874396467200
1525646875516608512
1525646878020354050
1525646882378289155
1525646885943676928
1525646888036442113
1525646890456559616
1525646893388337153
1525646895682658307
1525646896387194880
1525646912204029954
1525646918885732352
1525646920399478784
1525646920730828800
1525646924098969600
1525646929090191363
1525646930792943616
1525646930860187650
1525646932244307968
1525646934471364608
1525646934949568512
1525646940490301440
1525646941555662848
1525646942319128578
1525646943627759621
1525646944919592961
1525646946131656705
1525646947398328320
1525646948879020038
1525646949344501762
1525646950171033601
1525646950422429696
1525646952028901379
1525646953350152192
1525646967098982400
1525646968969646080
1525646973067460615
1525646981695262720
1525646986199851008
1525646986783109120
1525646993456041985
1525646996203356160
1525646998279528449
1525647006257102848
1525647007066558470
1525647019485892609
1525647024837779456
1525647028444872706
1525647035139084290
1525647037492088832
1525647040671358976
1525647046216142850
1525647050091679744
1525647051266088960
1525647057096171521
1525647062779703296
1525647063861665792
1525647074468954112
1525647075588939776
1525647076050186241
1525647076603854849
1525647088154976256
1525647092705906689
1525647093360013312
1525647099584552968
1525647116680540160
1525647117695569920
1525647120287641601
1525647138948014082
1525647142135685120
1525647148129390593
1525647150784577536
1525647159923720192
1525647161056186368
1525647164604555264
1525647170141028353
1525647180194885632
1525647188092669953
1525647187803115520
1525647188734398464
1525647203049480192
1525647206526631936
1525647210389684226
1525647214998999042
1525647228425195522
1525647228794195970
1525647228936802304
1525647229343739904
1525647231302348800
1525647242165506053
1525647245948776448
1525647246347448320
1525647247056293895
1525647253838475265
1525647255549747200
1525647257780948993
1525647267960594433
1525647276714098688
1525647280929382401
1525647285153038338
1525647285962555394
1525647286524592131
1525647286889349120
1525647290089676801
1525647293550141440
1525647297836527616
1525647300915249152
1525647303800827904
1525647310369087488
1525647310335938560
1525647313636577280
1525647315675103233
1525647318741139457
1525647319139590144
1525647334507433985
1525647334721347584
1525647335283470336
1525647347027525632
1525647348738703362
1525647354031915010
1525647355122434049
1525647357332930561
1525647359887171585
1525647366891573248
1525647375242768384
1525647389247393792
1525647391369867264
1525647398390865920
1525647405470842883
1525647405932224512
1525647407739940864
1525647408134250496
1525647411091230721
1525647414195286018
1525647417076436993
1525647417055531010
1525647417286094848
1525647424076890113
1525647430175236097
1525647431685263360
1525647432150929408
1525647435875377152
1525647441428508672
1525647442556878856
1525647442905120768
1525647445400530944
1525647450375081985
1525647451532689409
1525647455232045056
1525647463729831937
1525647464430284800
1525647465906438144
1525647473032798208
1525647474802712578
1525647480385314816
1525647490132987904
1525647491198332934
1525647492288696321
1525647495065477120
1525647497825230849
1525647505475649536
1525647525952233473
1525647526787006466
1525647535649574913
1525647536349974528
1525647540917571584
1525647541127323651
1525647541257113600
1525647546688933888
1525647551097098240
1525647551625629696
1525647554163224576
1525647555572293632
1525647563457798145
1525647564481216512
1525647569845637125
1525647576053202945
1525647576355246081
1525647581828751366
1525647585041522689
1525647588397047808
1525647596202643457
1525647600589758464
1525647603429416961
1525647603773366278
1525647610945609730
1525647615139930112
1525647616629178368
1525647625940238336
1525647628909875200
1525647634194735104
1525647642289745921
1525647650170732545
1525647652318171137
1525647654625062912
1525647654918623233
1525647657284292608
1525647657489690624
1525647658861600768
1525647660757262337
1525647662732689408
1525647664691437568
1525647665060626432
1525647665639325696
1525647668797743105
1525647674405421059
1525647676758446081
1525647677219819521
1525647683561455616
1525647687974277121
1525647689941143554
1525647693191708673
1525647699311222784
1525647712762351621
1525647719376855041
1525647722598043649
1525647723059466240
1525647730160578560
1525647759713370112
1525647763676856321
1525647771046486017
1525647771537231873
1525647774385160194
1525647782387720192
1525647782979293184
1525647782962397184
1525647789685821440
1525647791376179201
1525647797919354880
1525647803191640064
1525647805196402691
1525647809969635334
1525647813824196608
1525647817565384704
1525647829003288578
1525647836557234177
1525647837387583489
1525647837953810432
1525647844119482369
1525647845197348864
1525647855767236609
1525647857637806080
1525647859693002753
1525647860800315394
1525647861211451394
1525647866206818304
1525647866668138496
1525647868220039168
1525647875350286336
1525647878332596230
1525647880660344834
1525647882337914880
1525647883361390592
1525647883193696256
1525647889044758530
1525647890877661184
1525647891250937856
1525647892911906816
1525647898096058370
1525647900851982336
1525647907025825795
1525647907222917122
1525647919566573570
1525647922263642115
1525647929402445824
1525647930329210882
1525647931545731072
1525647934079082497
1525647935287054336
1525647936729649152
1525647951065976832
1525647960024940547
1525647961342070787
1525647968656887809
1525647968744919040
1525647976236040192
1525647976839802881
1525647978731552769
1525647979255844864
1525647979155050496
1525647986671267840
1525647988781105152
1525647991176142852
1525647992908263424
1525647995509051392
1525647997459124225
1525647998243352576
1525648013594505216
1525648014152544256
1525648015440195584
1525648021496598528
1525648025691070465
1525648029646200832
1525648031948984320
1525648045525934085
1525648046138150913
1525648047971131393
1525648048742965248
1525648049791459330
1525648057500672000
1525648058586890240
1525648060856123395
1525648061510320130
1525648064152748034
1525648070679179267
1525648071450718208
1525648073220833282
1525648076798668802
1525648080812445698
1525648087846469633
1525648088433573897
1525648089343619073
1525648093429080064
1525648104933957633
1525648106217512960
1525648108268445696
1525648110671876098
1525648120599785472
1525648121589444608
1525648125054132224
1525648130821201920
1525648131265814528
1525648133769859072
1525648137171476481
1525648141063802881
1525648142212902913
1525648142078820352
1525648146285699073
1525648147816411136
1525648151557787650
1525648155890442240
1525648155810926592
1525648172831449093
1525648192913649665
1525648204988940288
1525648211876188160
1525648220260556801
1525648228796010496
1525648231417487362
1525648234076569600
1525648246923722752
1525648248366460928
1525648250207879168
1525648252024016897
1525648255039819776
1525648258068004869
1525648259519197184
1525648261809377280
1525648276539817985
1525648277236072448
1525648277508698119
1525648278460805120
1525648279186325505
1525648280205795328
1525648282520887305
1525648285200830464
1525648290985000964
1525648304700280832
1525648305451155457
1525648307795763200
1525648307820933120
1525648312661073920
1525648316540780551
1525648320768749576
1525648320965664768
1525648324325478401
1525648324367360000
1525648328377122820
1525648333838090241
1525648334001692673
1525648336040374272
1525648336849620993
1525648338028482560
1525648341140492288
1525648342461579265
1525648343396978691
1525648345494179842
1525648352678912006
1525648381481189376
1525648384891420672
1525648395980771328
1525648397625020416
1525648400993046528
1525648401919975425
1525648411357237249
1525648415799001092
1525648417657004032
1525648419301244928
1525648420467351554
1525648421130051584
1525648421624942593
1525648421436198913
1525648431347388416
1525648432341340161
1525648434958503937
1525648446450896896
1525648451668570112
1525648459587391488
1525648466076106752
1525648467955269633
1525648469507063808
1525648475265835009
1525648475538436096
1525648483897819138
1525648484556124160
1525648487316078592
1525648494874177536
1525648495964733441
1525648497105682435
1525648500075204613
1525648507050545152
1525648508300275712
1525648513002000384
1525648513794818055
1525648514709082112
1525648518605467648
1525648528793542657
1525648529275990017
1525648531872264197
1525648534069837829
1525648547751907340
1525648549517660160
1525648555951771648
1525648564046667776
1525648570631733250
1525648581704548354
1525648593012523009
1525648602932166660
1525648604026773504
1525648604563750912
1525648614319882240
1525648616186060804
1525648617301692416
1525648624637689856
1525648625614954496
1525648629079359488
1525648630383796224
1525648635316170753
1525648636738162688
1525648637895880712
1525648641247297538
1525648642174070784
1525648643830734849
1525648647433633792
1525648651346923521
1525648656690561028
1525648659383214080
1525648662189178881
1525648671211151360
1525648682363805697
1525648684528066560
1525648689708027905
1525648693055131651
1525648715263971330
1525648720582385664
1525648720905248769
1525648728304111616
1525648731965689858
1525648737057394690
1525648741667024896
1525648749724585987
1525648763393658881
1525648776936955904
1525648785166188544
1525648789691842561
1525648790027378690
1525648791189131264
1525648793232093185
1525648796151062531
1525648796415311874
1525648798349160448
1525648799946915840
1525648808360947712
1525648809644244993
1525648809992372224
1525648814031491073
1525648815088226304
1525648817088913409
1525648817692889088
1525648821086212096
1525648824781398017
1525648824747819012
1525648825528229888
1525648829680336898
1525648829856489473
1525648838568071168
1525648839931207685
1525648839994183682
1525648843462811655
1525648845971017728
1525648846386241536
1525648847292203010
1525648849401946116
1525648866254671873
1525648870717411328
1525648889885229058
1525648893903609856
1525648905664348162
1525648905907617792
1525648907660836868
1525648910181613568
1525648920654643201
1525648920751534080
1525648924249247744
1525648930201116673
1525648933011173377
1525648950287638528
1525648953710190592
1525648960710496256
1525648962337787906
1525648965978292224
1525648976933945346
1525648980662800384
1525648983561052160
1525648991047884801
1525649004117229569
1525649006696833024
1525649008462635009
1525649011990048768
1525649022341378051
1525649022907826177
1525649024526667776
1525649033447997441
1525649034328670208
1525649035650007044
1525649050510368768
1525649052729102337
1525649055581409280
1525649056214794243
1525649063026245633
1525649072425771008
1525649074954846208
1525649075248373760
1525649076104069122
1525649077559513090
1525649090511622145
1525649102922473472
1525649106907148291
1525649108035305475
1525649112745533443
1525649114616176640
1525649116302397440
1525649117027909632
1525649122061168641
1525649122409123840
1525649128797126660
1525649133163663360
1525649134253920257
1525649139794685953
1525649143313612801
1525649144781721602
1525649145830203392
1525649148959248389
1525649151584702464
1525649153623203845
1525649155628142592
1525649157867937792
1525649159922933760
1525649170593460225
1525649173487427587
1525649182681350144
1525649187987238917
1525649188150816768
1525649198548492290
1525649202629550080
1525649219079573505
1525649220748955648
1525649238574747648
1525649244648050688
1525649250809430018
1525649269897805825
1525649273865482242
1525649274125660161
1525649280538660865
1525649295382392832
1525649297655701507
1525649301107613697
1525649303703887874
1525649309030617088
1525649313271009281
1525649318358695936
1525649325803683841
1525649329708408832
1525649337124102146
1525649340093571074
1525649342039789569
1525649357269258240
1525649361597739009
1525649378630844416
1525649382552481792
1525649385048137730
1525649394120392706
1525649395026378756
1525649395038969860
1525649402026762247
1525649412097179649
1525649421828227072
1525649422629339136
1525649424269066243
1525649425581891589
1525649431554670592
1525649434436153344
1525649438957375488
1525649445328760832
1525649445706432512
1525649447098753025
1525649453146849282
1525649458934972420
1525649460214243329
1525649461459881984
1525649462122905601
1525649464697970689
1525649471073394690
1525649475376660480
1525649476832182274
1525649483870117890
1525649492028055552
1525649492510494720
1525649501670854657
1525649502228697090
1525649502723530752
1525649505319677952
1525649511002951681
1525649515927285762
1525649521153302528
1525649522436804609
1525649528904462337
1525649529332191233
1525649535099445248
1525649537964118016
1525649548873375744
1525649551163629573
1525649555009818626
1525649555328483328
1525649558742736898
1525649559615045633
1525649561171070977
1525649562525962245
1525649564132331521
1525649564782444544
1525649570109210624
1525649574811078664
1525649575083708418
1525649576098676736
1525649578904764416
1525649584789274627
1525649592875982850
1525649594104922112
1525649598127165441
1525649606251528192
1525649606398181376
1525649608172503043
1525649611427307520
1525649626417750021
1525649636576448513
1525649645908656130
1525649646756020224
1525649647963738118
1525649653450014720
1525649658139115520
1525649662249783297
1525649665047379969
1525649665592524801
1525649668914483201
1525649670474588160
1525649673863712768
1525649674522198016
1525649681929347073
1525649682990440448
1525649695011397632
1525649700174585856
1525649712132636673
1525649713051193345
1525649717824311296
1525649729325084675
1525649731971649539
1525649731208110080
1525649740616110081
1525649742243438598
1525649748304216066
1525649752188239873
1525649755287740418
1525649761755402241
1525649762644643842
1525649762774417409
1525649764196487169
1525649764892692480
1525649766201401345
1525649767157616647
1525649771150516224
1525649789081337860
1525649791828471809
1525649801299341315
1525649802712666114
1525649808605732872
1525649813899026432
1525649815060680704
1525649815383719939
1525649815723397121
1525649821847064576
1525649823462043649
1525649825135480833
1525649831871627265
1525649834203656197
1525649834811834368
1525649835776430081
1525649845163331584
1525649851559686144
1525649851463225347
1525649853287698433
1525649854646702082
1525649854629822465
1525649857305796608
1525649866046722050
1525649866046820352
1525649866608857089
1525649870366855169
1525649871033749504
1525649871612563457
1525649872602292224
1525649882723254277
1525649883419508736
1525649887022436353
1525649888448589825
1525649896354639873
1525649897843789824
1525649908988100608
1525649910472794112
1525649919561846785
1525649920354664448
1525649929829421056
1525649932673241089
1525649933629640706
1525649936251068419
1525649936485949441
1525649938662948866
1525649943477866498
1525649945247637504
1525649957906173953
1525649963190992897
1525649970359050242
1525649975710982146
1525649978080825344
1525649986033176577
1525649984036605952
1525649989791166465
1525649989879443456
1525649989908692992
1525649992010055682
1525649994186952705
1525649996262977536
1525649996355358727
1525649999832485890
1525650000390369280
1525650008888037377
1525650020460019712
1525650029133713408
1525650034788016129
1525650038440984580
1525650045491548160
1525650046145929216
1525650053158903809
1525650062793220097
1525650063825022976
1525650067675283458
1525650076152041482
1525650076294684672
1525650077569646594
1525650080673452032
1525650085308162051
1525650103431794690
1525650123476303883
1525650124268924929
1525650129402855429
1525650130988175360
1525650142002659329
1525650145651609601
1525650150038704128
1525650151200661504
1525650153939533831
1525650154182922240
1525650159538929666
1525650164031037444
1525650165318549504
1525650171501203457
1525650171605958656
1525650176060317703
1525650176513392640
1525650177326866432
1525650183597568001
1525650189805137921
1525650193366106117
1525650197312720896
1525650199619805187
1525650203851866112
1525650208113188864
1525650211426643968
1525650224764559362
1525650225444044801
1525650227516035072
1525650252560310278
1525650253042462720
1525650253147684864
1525650254695112704
1525650255194247174
1525650255307472897
1525650258268766209
1525650260881817600
1525650263989702656
1525650270197252102
1525650271593955328
1525650271929524224
1525650282247557122
1525650288815767559
1525650302090760192
1525650300811587584
1525650305064611840
1525650318276677633
1525650319274672128
1525650330645671936
1525650335582375938
1525650335590752256
1525650335607492609
1525650335813013506
1525650347385135105
1525650349557784576
1525650351286030337
1525650354527997952
1525650358902587393
1525650361641467905
1525650372823552001
1525650383263084544
1525650386379542528
1525650388032053250
1525650394952740865
1525650397624418306
1525650403337150464
1525650406038200320
1525650409653673985
1525650409926303745
1525650411977420802
1525650412061220866
1525650413005033475
1525650415148097538
1525650426732888064
1525650427491983360
1525650430730043392
1525650435163361280
1525650439454306304
1525650444772597761
1525650451466788864
1525650462644621313
1525650463173005314
1525650468856266752
1525650474086580233
1525650474833256448
1525650489425154048
1525650493636214784
1525650501810933760
1525650509113217025
1525650511843696643
1525650511923322881
1525650513219444737
1525650526632828930
1525650526846734336
1525650539790336002
1525650542382309376
1525650546425749504
1525650549982502913
1525650551811080192
1525650558178172928
1525650562372538368
1525650563018412033
1525650563723059200
1525650568345272322
1525650578914803714
1525650589761298433
1525650595075563521
1525650595511619585
1525650597281669120
1525650598598692866
1525650605309665288
1525650613085806592
1525650613199052800
1525650619121401856
1525650619918319617
1525650620820119555
1525650622086774785
1525650622359429120
1525650635638460416
1525650642412490752
1525650644404781060
1525650646980079618
1525650652029931524
1525650653388984320
1525650663920656384
1525650671810367488
1525650671961362432
1525650672607186944
1525650684003201026
1525650684800028672
1525650684736966656
1525650690684878848
1525650696959238146
1525650697303252992
1525650698737680385
1525650705121517568
1525650709760421889
1525650713225076736
1525650720690556929
1525650720757800962
1525650722775511040
1525650732501938176
1525650735857291265
1525650738176659456
1525650747714867200
1525650750692548621
1525650751057534976
1525650756350656516
1525650755679531008
1525650762252025856
1525650763631951873
1525650765917863939
1525650769696931842
1525650777015889920
1525650786943963138
1525650791469568000
1525650800340500482
1525650800940294145
1525650802022395904
1525650803133906944
1525650803389784065
1525650806262972418
1525650810000007169
1525650811035844610
1525650816018878464
1525650820523601921
1525650824122318851
1525650831227424769
1525650834037608449
1525650834414981120
1525650841893769216
1525650870305792000
1525650870909960192
1525650874768433154
1525650876043776001
1525650880166612992
1525650881026220032
1525650895463141376
1525650905693134849
1525650906930466819
1525650919282692097
1525650924403929088
1525650927520210946
1525650928275230720
1525650930229813248
1525650932264013826
1525650933576781825
1525650934109327360
1525650936978448385
1525650937284546561
1525650966313410560
1525650968636968960
1525650970553856000
1525650981165449216
1525650988404727808
1525650990426652672
1525651004280250368
1525651016368197634
1525651023515230208
1525651028028592128
1525651032583331840
1525651041135517696
1525651047204757504
1525651064397213696
1525651064636284929
1525651072932409344
1525651073616207873
1525651076879290369
1525651087998459905
1525651088766009347
1525651088766009345
1525651092549271554
1525651103341236224
1525651103479644160
1525651103584493569
1525651104012177408
1525651105975537664
1525651116679172096
1525651120886059008
1525651128192737280
1525651130964856837
1525651135918485505
1525651144596496384
1525651144630059009
1525651155526684672
1525651159071039489
1525651160908152833
1525651175441199105
1525651180898029568
1525651195901231111
1525651199944380416
1525651200624021504
1525651206563147776
1525651209432010753
1525651211902504962
1525651219884163073
1525651220580470785
1525651225387081728
1525651238712320000
1525651251203133440
1525651263223910401
1525651270693953536
1525651278222614528
1525651284778487809
1525651287886516224
1525651293750054919
1525651294358278151
1525651298837831683
1525651303237550080
1525651306043650048
1525651312750350336
1525651315547840512
1525651319054340096
1525651324670468096
1525651327484928002
1525651328458018819
1525651335303012352
1525651341485297664
1525651342756306944
1525651355045601281
1525651371210448898
1525651371554398208
1525651371701190657
1525651374138134528
1525651375878721536
1525651379422908416
1525651384082759680
1525651385617891328
1525651386146476032
1525651387736113153
1525651389548052480
1525651397391179776
1525651400122073089
1525651410548924421
1525651415627993088
1525651415930224640
1525651421781274624
1525651424041783296
1525651424754933760
1525651425283514369
1525651430475870208
1525651436633202688
1525651441360175114
1525651442585030659
1525651444480806913
1525651445063860225
1525651444988248064
1525651478630780928
1525651480522391553
1525651481034203139
1525651481269088258
1525651484985155585
1525651489301094402
1525651492086095873
1525651497111158784
1525651501221396481
1525651509618388993
1525651516891201536
1525651518246031366
1525651519546204161
1525651519579729920
1525651519911211013
1525651521127559168
1525651523795320832
1525651530543771649
1525651535841185795
1525651545760604160
1525651553020952576
1525651554069520390
1525651557144006656
1525651560033828864
1525651560268804097
1525651566497345541
1525651567990423554
1525651571215933443
1525651572239355904
1525651574659219458
1525651587414249473
1525651593084936193
1525651604745113603
1525651616984092672
1525651623091089408
1525651627297882113
1525651637821390849
1525651638547013637
1525651642464489473
1525651646935613446
1525651647770279936
1525651648869285893
1525651655898894341
1525651660122497027
1525651661141819393
1525651663650009094
1525651676220227586
1525651676451192832
1525651677373771778
1525651689465958400
1525651691244331009
1525651693295308800
1525651693995962370
1525651694549450753
1525651696147476481
1525651709372030977
1525651710869393408
1525651711502827521
1525651715726639104
1525651719459422208
1525651722407911425
1525651724794470400
1525651727923437568
1525651730981339137
1525651731954253825
1525651735443910656
1525651736056176642
1525651742989369344
1525651749192798208
1525651749348196352
1525651761373106176
1525651763646410757
1525651777793802241
1525651778825785344
1525651779693826048
1525651780570333185
1525651780998025216
1525651786597646336
1525651787260231680
1525651793451044865
1525651794210308097
1525651795988578304
1525651796366090240
1525651800514252806
1525651800795369472
1525651811621023744
1525651816490450948
1525651816750501892
1525651823129944064
1525651824664977409
1525651826514837504
1525651830201532421
1525651835029053440
1525651837642211329
1525651841345851394
1525651850892017666
1525651856986238976
1525651859960209408
1525651863441248256
1525651866679377929
1525651867002363905
1525651869816832001
1525651872266301443
1525651875135385600
1525651886761988096
1525651889001472000
1525651894974271490
1525651899722059776
1525651906017869824
1525651908278493184
1525651910107217920
1525651917258506241
1525651921276522496
1525651930407546887
1525651934471983105
1525651936317513728
1525651937235976192
1525651951991635971
1525651955053477889
1525651962754125829
1525651965811691520
1525651970526150657
1525651971339866113
1525651973768458240
1525651974007533569
1525651974712086529
1525651978897895424
1525651985743110144
1525651998212730880
1525651999458467841
1525651999844356101
1525652001484328964
1525652001979514882
1525652013228384257
1525652016114065409
1525652024527814658
1525652027778519041
1525652028709543936
1525652033315000320
1525652033566429184
1525652040478777346
1525652040730529792
1525652041078538240
1525652045889429505
1525652047001006082
1525652054810796032
1525652067863482368
1525652073278230529
1525652083193552897
1525652086674886656
1525652088742629377
1525652089610809344
1525652091011727360
1525652101308850176
1525652101531049984
1525652103233998849
1525652103577862145
1525652108132876291
1525652109684707329
1525652126843666433
1525652128374611968
1525652133835640833
1525652140311584773
1525652149522288640
1525652150998679552
1525652153091731456
1525652153238315009
1525652156107341824
1525652160486289410
1525652172557385728
1525652174604120064
1525652180635631616
1525652182904602624
1525652186977509376
1525652187258527745
1525652197576523776
1525652199807799297
1525652207664005120
1525652209542782978
1525652211115536384
1525652214873825285
1525652218829230080
1525652221886705664
1525652225791516672
1525652227838427137
1525652229105266688
1525652229948055553
1525652248696565760
1525652252408659969
1525652257005527040
1525652260159643648
1525652264433721346
1525652265578778624
1525652265742254081
1525652265926787078
1525652267625590784
1525652285304487938
1525652297316966405
1525652297614753793
1525652297807712256
1525652303554007041
1525652315386036226
1525652316241530880
1525652319617966080
1525652322604486664
1525652323216900098
1525652325066473473
1525652333237047297
1525652333463384064
1525652333903888386
1525652342443491329
1525652355261267972
1525652356859195392
1525652357622775808
1525652359476568064
1525652361552596992
1525652375079268353
1525652383623258112
1525652390875103232
1525652416569409537
1525652422663753729
1525652434042994688
1525652445820555264
1525652450337820672
1525652451700899841
1525652457455509504
1525652458688503808
1525652460274167808
1525652461976969216
1525652474194841600
1525652474991939585
1525652476698972161
1525652479844798464
1525652481501319169
1525652485364391938
1525652487616749569
1525652491735646208
1525652495036448768
1525652496995205123
1525652500363239424
1525652510580654081
1525652521984860160
1525652529412964354
1525652535175954433
1525652535666679808
1525652539009556481
1525652552733315072
1525652553194782731
1525652560383647744
1525652565760802816
1525652576133341185
1525652580956659712
1525652581367828481
1525652583444008961
1525652584303800320
1525652588661710848
1525652597767655424
1525652608010096640
1525652612200247298
1525652617795346432
1525652619871629312
1525652620274188290
1525652628247826432
1525652631410003968
1525652633184194563
1525652643560845312
1525652646375444481
1525652647713329152
1525652659222421504
1525652659947982849
1525652662166904832
1525652668496154626
1525652672128368642
1525652679501955072
1525652682425483266
1525652682412904448
1525652688293220354
1525652693477298176
1525652694119096322
1525652696518246400
1525652700658114560
1525652702281273344
1525652703308816384
1525652703585742848
1525652706446254080
1525652709914775553
1525652711282094080
1525652723852517376
1525652725089701889
1525652729930072065
1525652731431624705
1525652731771355136
1525652744484405249
1525652746279477250
1525652747118432258
1525652750830288896
1525652754793889794
1525652760775262208
1525652775702605825
1525652777263054849
1525652783256461312
1525652784238014465
1525652787937304577
1525652789153902593
1525652793641652224
1525652796200079360
1525652802235662337
1525652808099581952
1525652809777090562
1525652811811557376
1525652812369121281
1525652814168576003
1525652815846195202
1525652816202584064
1525652821873410049
1525652824469737473
1525652824943738881
1525652825392414721
1525652825836879872
1525652830169735170
1525652831369297920
1525652831482568705
1525652831658684416
1525652833931931648
1525652842643603457
1525652861249634304
1525652866819674114
1525652871215292417
1525652876919463937
1525652879738028032
1525652880040271872
1525652886457405457
1525652888286117889
1525652888441192448
1525652893856038912
1525652897307975681
1525652898297786368
1525652900785053696
1525652904148930560
1525652910004215816
1525652910625128448
1525652916333334534
1525652927280447488
1525652927473496064
1525652934859575297
1525652936184823808
1525652947060805635
1525652948277248001
1525652950550470656
1525652952966471680
1525652954854080512
1525652961116008450
1525652963380846593
1525652970595131393
1525652972180340737
1525652977159380992
1525652980065873920
1525652984763490304
1525652988294987778
1525652999670046722
1525653007240773632
1525653006464606209
1525653010189373440
1525653013926379521
1525653016438886400
1525653018477305856
1525653023455907840
1525653024923742208
1525653026748477441
1525653027474087936
1525653028044476416
1525653037679005696
1525653037771112448
1525653038265933825
1525653041436688384
1525653055621976065
1525653058549604352
1525653061338660864
1525653063121633280
1525653076048232449
1525653080741761025
1525653083707023365
1525653085812662273
1525653086655627274
1525653086638952448
1525653088203329539
1525653095581028357
1525653098647023617
1525653100253569024
1525653101243514881
1525653102321315840
1525653103097225216
1525653111939158016
1525653116338995200
1525653118456840192
1525653119232778241
1525653123607498752
1525653125985714177
1525653140493705216
1525653141588520960
1525653167119253505
1525653167387590656
1525653168675233792
1525653168780083205
1525653180058439680
1525653180146765825
1525653181736243201
1525653183313240071
1525653198781812736
1525653201130770432
1525653202762231808
1525653205455077377
1525653205488648198
1525653208269475840
1525653211008405505
1525653211930951680
1525653224065224704
1525653224703000576
1525653225235685377
1525653228712607744
1525653235519827968
1525653238967504896
1525653243652673539
1525653258190168065
1525653259951538176
1525653261713215488
1525653262019354625
1525653276653412352
1525653277081313280
1525653291434123264
1525653293351206912
1525653299822829569
1525653309201195008
1525653309863911424
1525653310388088832
1525653323369443328
1525653326381350912
1525653332756377601
1525653340084146176
1525653341489053697
1525653343338696707
1525653347285491717
1525653350192238595
1525653350867513344
1525653351442001920
1525653353291825153
1525653353757388802
1525653355044937728
1525653361722269697
1525653363202969602
1525653369527730176
1525653378319237122
1525653380508655619
1525653384992268289
1525653384908271616
1525653384996728832
1525653392793964544
1525653414587289603
1525653422284079105
1525653428512473089
1525653430919999493
1525653433797251074
1525653433855815680
1525653437521743872
1525653439786655746
1525653441200001024
1525653454559006720
1525653455678984192
1525653457654403073
1525653466814812160
1525653473416593411
1525653476172234752
1525653478885969920
1525653483008970757
1525653501145137154
1525653504798380035
1525653510070607873
1525653514382352385
1525653514713718787
1525653519461670913
1525653525119873024
1525653527208640512
1525653534926159872
1525653538474450944
1525653548976943104
1525653549178408960
1525653552898936833
1525653558636445698
1525653559102128128
1525653560884707328
1525653562575171584
1525653563741024256
1525653565611597828
1525653566018682880
1525653568363147264
1525653572800634880
1525653575400992768
1525653578970550274
1525653596724834304
1525653598679420928
1525653600969850880
1525653601280045056
1525653604098613248
1525653615297417216
1525653627066630144
1525653627427233794
1525653636688269312
1525653642736349184
1525653644527276032
1525653647912312833
1525653648797147136
1525653667772518400
1525653669882040321
1525653675825418246
1525653676144005121
1525653688106336257
1525653693818871811
1525653697400713217
1525653702220079104
1525653703239376897
1525653712764428289
1525653713704067077
1525653717789331464
1525653719857213440
1525653736743440385
1525653738991538176
1525653741965295617
1525653743567396865
1525653751909974016
1525653752274792448
1525653754049093632
1525653755827347456
1525653760021671936
1525653759757541376
1525653762014031872
1525653762953691137
1525653763935051779
1525653769450659845
1525653775830069249
1525653780930383872
1525653783665119236
1525653794679308288
1525653799746129922
1525653808231194627
1525653808382197760
1525653811221737474
1525653815038337025
1525653819270778881
1525653828925808641
1525653830175703040
1525653834273538050
1525653839612887041
1525653840242036736
1525653841831673865
1525653847964028928
1525653854431240192
1525653856763654144
1525653858772365312
1525653858906566657
1525653866385137664
1525653866833924097
1525653866955563010
1525653866997481473
1525653868989792257
1525653870449500164
1525653871372210176
1525653874823966721
1525653874731847680
1525653874975068165
1525653879274229760
1525653881568600065
1525653889894129665
1525653890838020096
1525653892125675520
1525653896651280385
1525653900031934464
1525653901462093825
1525653902045110274
1525653904070950913
1525653904301731842
1525653906080116736
1525653906360979457
1525653909607686146
1525653912426057732
1525653941249265667
1525653943350661121
1525653945317736448
1525653946634747904
1525653950631923712
1525653957766352897
1525653959788187648
1525653960186527744
1525653964779307010
1525653966306127873
1525653978192793611
1525653979161575424
1525653980407291904
1525653990574129152
1525653991299772416
1525654009960357888
1525654014871887875
1525654030634074112
1525654031946891265
1525654033058258945
1525654034581016576
1525654043460354050
1525654048715710464
1525654050976546817
1525654057460846595
1525654058358415361
1525654060711522305
1525654064540930054
1525654064779997187
1525654067065851905
1525654070136123393
1525654077824188417
1525654084098961408
1525654084958556160
1525654086309142529
1525654097021612037
1525654097365544961
1525654099324174336
1525654101043945472
1525654112519565314
1525654117363986432
1525654120626987008
1525654125714632704
1525654131834241026
1525654133277089792
1525654135005143045
1525654141019770880
1525654150217797633
1525654150884667392
1525654151623057408
1525654155309813760
1525654158832979968
1525654163073421313
1525654168987484160
1525654169335517184
1525654176104976384
1525654177782939649
1525654182946013186
1525654189027696640
1525654198058160132
1525654199794827264
1525654204714520577
1525654205612052481
1525654212939505665
1525654218987687938
1525654219088338945
1525654231755145216
1525654232396865537
1525654232891785218
1525654235529900032
1525654238830940161
1525654241737445376
1525654243755053057
1525654245990621186
1525654252584153091
1525654253313871872
1525654254832259073
1525654259445944321
1525654261719252992
1525654263908671489
1525654267079675904
1525654275765981185
1525654278617980928
1525654288608813062
1525654288675926016
1525654289305112576
1525654290043392001
1525654296724897798
1525654298637414402
1525654299602259969
1525654300113920000
1525654299916787717
1525654303561621505
1525654303578415105
1525654305180512256
1525654309257584643
1525654316853276672
1525654318459899904
1525654320938725376
1525654323392303105
1525654324466032641
1525654327620255751
1525654327905464320
1525654329587294209
1525654346641428480
1525654352039395328
1525654356036669441
1525654357387116544
1525654360146882560
1525654381860995072
1525654389704249344
1525654392095096832
1525654393894232064
1525654394137616385
1525654394838077445
1525654395802771456
1525654402928939016
1525654406032723969
1525654410143072261
1525654411191627776
1525654413133873152
1525654413318074368
1525654414807433216
1525654426039382016
1525654429109784576
1525654429462056960
1525654430691241984
1525654430720352258
1525654434415529984
1525654436860796930
1525654438081445889
1525654439788351488
1525654451381575680
1525654451507167232
1525654451742187522
1525654454871244802
1525654455445749762
1525654459921141760
1525654460483108866
1525654460894220290
1525654471958740992
1525654476199276544
1525654477419601921
1525654479475023872
1525654480628371456
1525654481798631425
1525654482662699013
1525654491122798592
1525654499230203904
1525654499406360576
1525654504833703937
1525654505492185095
1525654510198263808
1525654511167193093
1525654513343815680
1525654524400123904
1525654528087015426
1525654532012888064
1525654537595256834
1525654543811346433
1525654545812140032
1525654554125418497
1525654568109068288
1525654583003197441
1525654591093751808
1525654597511041025
1525654598572285960
1525654609691295745
1525654611356532736
1525654613159866369
1525654622030938113
1525654628490268672
1525654630062993408
1525654633921843206
1525654636023136256
1525654639613464578
1525654642914369537
1525654654230487041
1525654659016585216
1525654661004505089
1525654665752621056
1525654672509476865
1525654673398681601
1525654684899352577
1525654684903563264
1525654687323758592
1525654699273334784
1525654699407552512
1525654700288270337
1525654700854476801
1525654706214813696
1525654706760077313
1525654708697931777
1525654720580313089
1525654723092787202
1525654723465994243
1525654727719104512
1525654739416846336
1525654742533189632
1525654742969602048
1525654743837822978
1525654751223812096
1525654760560402432
1525654770085675008
1525654779493593094
1525654781422968833
1525654792554569728
1525654808987828226
1525654815140986880
1525654820190883841
1525654822120300544
1525654823177269248
1525654825782083584
1525654828029841408
1525654847411716096
1525654849244631040
1525654857540988929
1525654869557665792
1525654869797146624
1525654871936053249
1525654872976248832
1525654874293252096
1525654878823096322
1525654882631426055
1525654894824538112
1525654895306620930
1525654905167482881
1525654907059064834
1525654909718257666
1525654911177789440
1525654934846590976
1525654941217566727
1525654941175631874
1525654947857039362
1525654951392907270
1525654962570682369
1525654970514788352
1525654971043422208
1525654970955190273
1525654971307503616
1525654973677285378
1525654976982183937
1525654981281558528
1525654990379008001
1525654990701961216
1525654991121309697
1525654999883292674
1525655006627581952
1525655012717772808
1525655017637675008
1525655021332971521
1525655022775816193
1525655022964551680
1525655032133304322
1525655041901744129
1525655051125018629
1525655056263139328
1525655088483684352
1525655090727616512
1525655091566501888
1525655105395122176
1525655113368363009
1525655115415396352
1525655116342255616
1525655126261878786
1525655130808500224
1525655130925834242
1525655131005460480
1525655138542596096
1525655146180616194
1525655155437338624
1525655157521932288
1525655171669168129
1525655172172722176
1525655178959015944
1525655178866835458
1525655180871606273
1525655185187545088
1525655186177409024
1525655203168628736
1525655209480970240
1525655210600894464
1525655225280888837
1525655230309969921
1525655230519681029
1525655236832022529
1525655239235358721
1525655239659077632
1525655242213404672
1525655242695708672
1525655244155265024
1525655245489164291
1525655256327237633
1525655261322657793
1525655265885843461
1525655269425958912
1525655277449650177
1525655278326259712
1525655279957942272
1525655282239561728
1525655284697505792
1525655284751949824
1525655287318847488
1525655288459808768
1525655302514827265
1525655306134487040
1525655316498636800
1525655319480832003
1525655322085539840
1525655326455906305
1525655333183496193
1525655352913629184
1525655357745512448
1525655374132654081
1525655374950547456
1525655376988983296
1525655399206162432
1525655409087987713
1525655409276878849
1525655419636662273
1525655433318346752
1525655433800605697
1525655434371407872
1525655442659102723
1525655444546535427
1525655451395833862
1525655452750692353
1525655462355472385
1525655462544347136
1525655474074537985
1525655476737802240
1525655478281326593
1525655486367940611
1525655488762982401
1525655493594779648
1525655499978719237
1525655500045570049
1525655502239240192
1525655502776315904
1525655516587954177
1525655526884917249
1525655542730989569
1525655550171787271
1525655552499531779
1525655553384583168
1525655556941176832
1525655566613372928
1525655570417688577
1525655578269343744
1525655588776067075
1525655592060305413
1525655594366951424
1525655602642534400
1525655617683300352
1525655638226919425
1525655639896297473
1525655648599433216
1525655649983635456
1525655650901970950
1525655656711303169
1525655670296543234
1525655681977696256
1525655692811567108
1525655695571697664
1525655695399391232
1525655695940628480
1525655697333043200
1525655699115614208
1525655703716782080
1525655704773840901
1525655708527644674
1525655714068414465
1525655721760669698
1525655724726026240
1525655725611048964
1525655726332452865
1525655730509860864
1525655734783983617
1525655738399477760
1525655751187828736
1525655752412737538
1525655765934931968
1525655767675723780
1525655768246239233
1525655775082856449
1525655779914784768
1525655786172534784
1525655790073397255
1525655797253931010
1525655797799211008
1525655798705278978
1525655802584915968
1525655802333241346
1525655803037995009
1525655807357988864
1525655817143341059
1525655820977029121
1525655827906015232
1525655836114100225
1525655843320078337
1525655843529687041
1525655855735136257
1525655856699912196
1525655861263073280
1525655864480104450
1525655866711629826
1525655869874118656
1525655884642324480
1525655890875269120
1525655892280201217
1525655894075363328
1525655895107112961
1525655895622950914
1525655903290241024
1525655906578575361
1525655914426077185
1525655916841996288
1525655919014592514
1525655919723532290
1525655935863205889
1525655937821708289
1525655941202460672
1525655950501154816
1525655957304483840
1525655963637719040
1525655968817766400
1525655979622383617
1525655989193789442
1525655992482021376
1525655993752834048
1525655993849221121
1525656004234313728
1525656005035671554
1525656005459288065
1525656005752807425
1525656012681728002
1525656015412375552
1525656017715056640
1525656022190374915
1525656025340190721
1525656025612709889
1525656027965833219
1525656028825767939
1525656033594470401
1525656039705690112
1525656044399124483
1525656046152343552
1525656046265589762
1525656057220960256
1525656060232597505
1525656067774074880
1525656069120327681
1525656076045123586
1525656079404875779
1525656079950131201
1525656082747727872
1525656084538478592
1525656084937048066
1525656088561037314
1525656089978720257
1525656091052363779
1525656093518618625
1525656097528463361
1525656108072849409
1525656109960163328
1525656111424094208
1525656116180439040
1525656125600780294
1525656125978320898
1525656127941255168
1525656130784940033
1525656132689309698
1525656144022482944
1525656146333339649
1525656146186588160
1525656151626588171
1525656154138984451
1525656157272039427
1525656164821782531
1525656180269383686
1525656181162708993
1525656184790716416
1525656187835908097
1525656192470724608
1525656194865680384
1525656198338560000
1525656200645312513
1525656201467420672
1525656206538289152
1525656206496239616
1525656214918553603
1525656223248691200
1525656228780773377
1525656238599593986
1525656241808084992
1525656250700144641
1525656252638179333
1525656252692451328
1525656260837777408
1525656261924102147
1525656262024773634
1525656272330162177
1525656276323254273
1525656289975599106
1525656299173818368
1525656305662402563
1525656306358571008
1525656306790572032
1525656307189039104
1525656320191365122
1525656320782831621
1525656323790184449
1525656335102009344
1525656335332691968
1525656337518104576
1525656343964798976
1525656349450850304
1525656351531220995
1525656355637542915
1525656382246207488
1525656383751962626
1525656391251283970
1525656394761785345
1525656396989140993
1525656397316096001
1525656402160766977
1525656404316393472
1525656413820821504
1525656424315031555
1525656425338478593
1525656431130722306
1525656433488011268
1525656442505768961
1525656447702417409
1525656447899402240
1525656455856418816
1525656458527920128
1525656461749239808
1525656493885902848
1525656499942567938
1525656507949391873
1525656508519825412
1525656522600206336
1525656529373908992
1525656536365793280
1525656536713928704
1525656540832595968
1525656542397140993
1525656546763579392
1525656551578550275
1525656556196569088
1525656563788431361
1525656569140101122
1525656579114254337
1525656579466567682
1525656581014102016
1525656595539054595
1525656598034587649
1525656598668103681
1525656599976628225
1525656610474840064
1525656612744179719
1525656621711597568
1525656631543058434
1525656636131528704
1525656639587639302
1525656644700540928
1525656646965514242
1525656654762549254
1525656655534358529
1525656666821246976
1525656678456299521
1525656682772287490
1525656686945619968
1525656707787067393
1525656712757362690
1525656724086177793
1525656728037122048
1525656732399280130
1525656742578765827
1525656749453320193
1525656755211993089
1525656758332579845
1525656760534454273
1525656764078862336
1525656772643540992
1525656799944261633
1525656804054769665
1525656803660517376
1525656810404950016
1525656810820145157
1525656828771807232
1525656828700499970
1525656833750224896
1525656836481105920
1525656839295143937
1525656844915580929
1525656858769473538
1525656859427934209
1525656864838524928
1525656870060531712
1525656873843793920
1525656877287124993
1525656886078541825
1525656894756765696
1525656902562103297
1525656908803317762
1525656909172330496
1525656910300594179
1525656910703251456
1525656915031760897
1525656920475938816
1525656925660225538
1525656926863953920
1525656927719542784
1525656929711837186
1525656935474733056
1525656937202712576
1525656937093902336
1525656949970419714
1525656950897254400
1525656956505141249
1525656977539481601
1525656981930795009
1525656985986748418
1525656990801752065
1525656998771326976
1525657000515932162
1525657006354276352
1525657008078209024
1525657016160727042
1525657023265886210
1525657027812401152
1525657032413564933
1525657035307614210
1525657048553246723
1525657049090117632
1525657050419691520
1525657052135178240
1525657055125770240
1525657062335815683
1525657064604938240
1525657065372409856
1525657066328694784
1525657074365083648
1525657079343636486
1525657079314276352
1525657085312221184
1525657092220125185
1525657095193903104
1525657099027349504
1525657106694688772
1525657110117244928
1525657110842855425
1525657115645333504
1525657120082829312
1525657121433522176
1525657124776255488
1525657127963881473
1525657131810279424
1525657132758089730
1525657133529841664
1525657133068742657
1525657135866159105
1525657140152545280
1525657144976105472
1525657148558086144
1525657158809001991
1525657165826080772
1525657178249519104
1525657181043179520
