1522773190656860160
1522773199993413633
1522773206800740353
1522773209195716608
1522773210697187329
1522773212983177216
1522773218997813248
1522773219559755777
1522773219396235265
1522773225792491524
1522773227805806596
1522773228997025795
1522773228879495168
1522773240074186752
1522773241282142211
1522773244989906947
1522773246025867271
1522773247556734977
1522773248643153922
1522773257274941440
1522773258554253312
1522773258742812674
1522773263633600512
1522773266879950848
1522773267618140160
1522773267815227400
1522773270227034113
1522773274475868161
1522773275276947456
1522773276321275904
1522773276887588868
1522773277529325573
1522773287461429248
1522773289726201856
1522773294306504709
1522773296479195136
1522773299813572609
1522773303450271744
1522773311914233857
1522773315865219072
1522773320495771648
1522773332223008771
1522773333321740288
1522773339030315008
1522773339625959425
1522773340045381638
1522773340506796033
1522773341148487681
1522773342176096256
1522773345430908928
1522773345569280001
1522773348543041537
1522773348715053057
1522773348673064960
1522773348996034572
1522773349289631744
1522773352716410881
1522773353819516929
1522773355870314497
1522773356692525056
1522773360723349504
1522773361180520448
1522773367253868546
1522773368457605123
1522773371775291392
1522773373884923904
1522773374296068099
1522773374769979393
1522773380054884352
1522773382894338053
1522773383607468034
1522773393648410624
1522773399474483202
1522773403970678784
1522773405468180482
1522773406592212992
1522773411650490368
1522773412757782528
1522773415136051203
1522773424770367489
1522773425596645378
1522773427265933313
1522773428448763904
1522773429132435456
1522773430814363650
1522773432177512448
1522773443573338113
1522773446282907648
1522773450917613570
1522773451592937478
1522773458157027328
1522773458383360002
1522773459750817795
1522773466075774977
1522773473046798338
1522773473101242373
1522773475844370432
1522773476070899713
1522773477371035648
1522773478247747590
1522773479384178689
1522773484312481792
1522773487760379908
1522773487986765825
1522773489580756994
1522773489991700482
1522773497805742080
1522773498439077888
1522773499516915712
1522773504424349697
1522773506240532480
1522773509675847681
1522773511512731648
1522773517380505600
1522773517963513858
1522773520471797761
1522773520836702209
1522773527123963905
1522773528717766656
1522773529007202306
1522773530731069440
1522773540080173062
1522773541380399104
1522773545939578880
1522773546744827904
1522773555137720320
1522773558585344000
1522773569801015297
1522773573051760640
1522773575605837825
1522773585022042113
1522773587425435648
1522773589015019520
1522773590713810944
1522773592500543488
1522773597109981184
1522773599404408835
1522773605389643776
1522773623479668736
1522773629032968192
1522773630840717312
1522773630748397569
1522773631646023680
1522773633143353344
1522773633839644672
1522773634766495747
1522773637966745600
1522773641217425408
1522773642748252160
1522773643155103744
1522773645743071232
1522773647215239168
1522773647429189633
1522773648502886400
1522773650914566145
1522773667628920832
1522773671445680128
1522773674734104582
1522773676864815104
1522773681411219456
1522773682074095618
1522773686708838403
1522773686633353217
1522773691192516610
1522773692408868865
1522773692161347584
1522773693067313153
1522773698452901890
1522773698515771393
1522773699283271680
1522773701732806657
1522773703393751040
1522773709815173120
1522773709987192832
1522773714575585280
1522773715129454593
1522773717062983683
1522773718925299713
1522773719101411330
1522773720670126083
1522773723023130624
1522773723123757056
1522773723379646465
1522773723887161345
1522773724251971587
1522773739808727040
1522773743159975936
1522773743373897732
1522773747450667009
1522773748021092353
1522773750315470849
1522773758926372873
1522773762197753857
1522773766052401152
1522773768531333123
1522773769730863104
1522773771156869120
1522773773375709189
1522773774269091841
1522773774889852928
1522773775061762049
1522773778945781760
1522773779440668672
1522773785149165576
1522773785484607489
1522773789225930752
1522773789582446594
1522773790576492545
1522773792044503043
1522773796092055554
1522773798436679682
1522773798566731779
1522773806187753474
1522773806552694784
1522773806611263489
1522773808549175296
1522773811405504513
1522773817948520449
1522773820028899328
1522773820133625856
1522773821614444544
1522773822193217536
1522773822771974144
1522773822931357697
1522773824453976065
1522773825183752192
1522773826756648960
1522773828379762688
1522773834935455745
1522773837078798336
1522773837917655040
1522773841516560384
1522773842611310592
1522773845199007749
1522773846100688896
1522773849149829121
1522773850592886784
1522773851100246016
1522773851163303937
1522773854275444738
1522773855051436033
1522773854937960448
1522773860789243904
1522773869446246401
1522773876094214144
1522773876610060294
1522773876836651008
1522773881462874113
1522773885900533764
1522773886026362881
1522773887032963074
1522773887313981446
1522773887519502336
1522773891516616704
1522773891764129793
1522773892980514818
1522773900521877505
1522773903340363780
1522773907094355969
1522773907966775299
1522773908080009216
1522773910005194754
1522773910059724800
1522773910516862976
1522773920188928000
1522773923217256449
1522773925792559104
1522773927495446528
1522773932071428097
1522773936609669121
1522773936701902848
1522773938488721408
1522773948286619648
1522773949075136513
1522773957665079298
1522773957774123008
1522773960370311169
1522773962844868608
1522773969253933056
1522773972760289282
1522773976971419648
1522773977533489154
1522773979269902339
1522773983661338625
1522773984915378176
1522773989671772161
1522773991072665603
1522773994092515328
1522773999004049408
1522774002774724608
1522774007564623873
1522774034429136897
1522774035897139200
1522774035947474945
1522774038011166720
1522774038065696768
1522774039688798210
1522774039625752576
1522774040649293825
1522774042255757313
1522774045342814208
1522774049016979456
1522774049486692353
1522774049352470530
1522774060014338048
1522774066217713665
1522774066423164928
1522774073163587585
1522774075462008837
1522774075457818624
1522774077651398656
1522774081032105995
1522774083678752768
1522774085146607616
1522774087445196800
1522774091396177920
1522774092922773509
1522774093971480578
1522774095926022144
1522774097612189696
1522774098006396930
1522774098438500352
1522774102020288518
1522774102955675649
1522774103186415616
1522774107066347521
1522774107129098244
1522774108731232257
1522774114766835712
1522774119594569728
1522774121259896833
1522774125265264641
1522774125466505217
1522774131879653378
1522774135176368128
1522774140712853506
1522774142881214464
1522774146731716613
1522774147365052417
1522774151991287808
1522774153446756357
1522774153832673280
1522774157892722690
1522774161529135108
1522774164586782723
1522774165304090624
1522774173403262976
1522774175676612608
1522774178390331392
1522774179484999680
1522774182450376704
1522774186518798336
1522774186716016640
1522774186950897668
1522774187642920963
1522774188863660032
1522774192264994818
1522774195469529090
1522774196421545988
1522774197331714050
1522774199173103618
1522774203954520065
1522774209331707910
1522774214880735232
1522774214985539584
1522774217044934657
1522774220899557376
1522774221096636416
1522774232664612864
1522774238028959746
1522774242420535297
1522774243481731072
1522774244144394243
1522774244551184384
1522774246308687872
1522774246547771392
1522774260053291009
1522774261211013123
1522774266218954752
1522774268894973953
1522774271428284416
1522774273139556354
1522774278114095104
1522774287240683520
1522774287198920704
1522774289308606464
1522774289547730945
1522774291829338112
1522774296132820995
1522774296321478656
1522774297290420224
1522774298473156609
1522774301342117889
1522774302382305281
1522774305196711938
1522774309818806275
1522774316244480000
1522774322472960000
1522774325384081408
1522774333478817797
1522774335819243520
1522774336712712197
1522774347794026497
1522774348066693120
1522774348481785856
1522774348754563073
1522774352785248257
1522774352969752576
1522774353842262016
1522774354676924419
1522774355448836097
1522774358745403393
1522774359018029056
1522774360792182786
1522774362398642181
1522774363665309696
1522774367893078018
1522774378362122241
1522774379050205185
1522774380928929792
1522774384863289344
1522774386092089345
1522774387782422528
1522774389565050881
1522774399941816320
1522774407847972866
1522774412407279618
1522774416064667648
1522774421009747972
1522774423425720324
1522774426701471744
1522774428576141313
1522774430421766146
1522774433039106051
1522774433232007168
1522774434779525120
1522774440538480640
1522774444497850369
1522774452127375360
1522774455365345280
1522774461245804545
1522774471777652736
1522774476487864321
1522774482057719808
1522774482598993922
1522774493961375744
1522774495223857152
1522774496150708235
1522774496368807937
1522774497811570688
1522774503582928898
1522774505772437505
1522774506057646082
1522774507257221120
1522774509568229376
1522774515159375872
1522774517013168140
1522774517600473088
1522774518019903493
1522774522008465408
1522774522629345280
1522774526983081985
1522774534096658432
1522774537288531969
1522774548734742528
1522774550047608833
1522774551939141634
1522774553088380932
1522774572336132096
1522774575456698371
1522774578292011008
1522774578480697346
1522774582696062985
1522774583241326592
1522774591122382851
1522774591466258432
1522774600563765250
1522774608151076864
1522774611888332800
1522774615197913088
1522774615537459204
1522774617911447553
1522774620566392835
1522774629240160257
1522774637054242816
1522774637402374144
1522774638367068160
1522774638530424832
1522774641873498112
1522774644146778112
1522774645333766144
1522774650002018305
1522774652661108738
1522774653223292928
1522774654032752640
1522774657874767873
1522774657849569282
1522774659615408133
1522774665294401536
1522774669572648965
1522774670096932864
1522774670650626049
1522774670684332033
1522774674140192769
1522774674597289985
1522774678410088449
1522774679794163712
1522774682566545410
1522774684068102144
1522774690691006465
1522774695514419200
1522774699532554242
1522774702778994688
1522774713927450625
1522774719409246208
1522774721464606721
1522774731312840704
1522774737222574081
1522774737545539584
1522774742356434944
1522774742780067841
1522774754301730818
1522774758512807937
1522774762505871362
1522774768826519555
1522774779702427650
1522774791425568770
1522774794491801600
1522774796244643841
1522774799709347844
1522774802062200833
1522774802230034432
1522774806953066496
1522774807355478016
1522774807506522112
1522774808227946500
1522774817505742848
1522774824443129856
1522774824464138246
1522774829300174848
1522774834136109057
1522774834714927105
1522774835109240843
1522774836644397056
1522774843640500226
1522774846798807041
1522774852112842755
1522774859885031427
1522774861684391936
1522774861977956353
1522774863504719874
1522774869645135872
1522774869599002624
1522774871268286464
1522774873021497347
1522774875190050817
1522774875563298818
1522774885608706053
1522774891124215808
1522774892181082112
1522774892982190080
1522774899135336448
1522774901026865153
1522774904092954624
1522774906257223680
1522774908526333955
1522774913685377024
1522774915002347525
1522774918202417152
1522774918408122369
1522774923139244032
1522774928348561410
1522774928881242114
1522774931334914049
1522774933260181504
1522774935147630592
1522774944022683654
1522774945998200833
1522774950171582465
1522774953044684800
1522774954835599360
1522774961299107840
1522774962452451330
1522774962544816130
1522774969352077313
1522774973387096064
1522774974087446534
1522774980051746816
1522774983902220288
1522774986129383424
1522774988822134784
1522774998359941120
1522775002277466112
1522775005658066944
1522775005863583746
1522775020375842818
1522775021059559424
1522775023563513857
1522775026428121088
1522775032119894016
1522775036645580805
1522775038176419840
1522775044035948544
1522775051405246464
1522775054173548544
1522775054857437185
1522775053959630849
1522775056765661184
1522775065997332480
1522775066739712000
1522775067469533185
1522775070200016897
1522775071353446405
1522775079750455297
1522775080136486912
1522775083265179648
1522775088235683842
1522775089850327040
1522775092010303494
1522775093507932160
1522775096108019714
1522775096544268289
1522775106740801543
1522775106946318338
1522775108242321408
1522775112130637824
1522775114185682944
1522775124461899776
1522775125581389825
1522775128542617601
1522775128563716096
1522775131294212099
1522775137837367298
1522775148218122240
1522775149757579265
1522775154169896960
1522775156162457600
1522775159501103104
1522775166236909569
1522775166454878210
1522775174059372544
1522775179512127490
1522775179956563972
1522775196541022208
1522775199329964033
1522775199950594048
1522775203666964482
1522775205898330114
1522775212428771331
1522775214857371649
1522775216400830464
1522775217390735362
1522775218275725312
1522775226404249600
1522775236474777600
1522775239821860864
1522775240673308673
1522775241008766977
1522775241436676096
1522775245853278208
1522775249519058944
1522775250701893632
1522775251582603264
1522775256901074944
1522775257282666496
1522775261162491906
1522775265453252608
1522775272415797250
1522775273208492033
1522775289943707648
1522775293181652993
1522775306540654593
1522775308650356736
1522775328145485826
1522775337813348353
1522775338669027330
1522775340388655107
1522775341063938049
1522775347170877442
1522775352740925440
1522775360647184385
1522775366343041025
1522775368083644422
1522775369740435457
1522775384483409925
1522775386828034049
1522775387205472256
1522775391202680834
1522775391831617538
1522775396298727425
1522775416888598528
1522775426686410753
1522775427118514176
1522775435058327554
1522775435293204482
1522775442670776321
1522775443467866114
1522775444298346496
1522775446240309248
1522775446403878913
1522775453915885569
1522775454859542528
1522775456436695042
1522775472081448960
1522775477290643456
1522775481258491904
1522775482240020481
1522775489076764672
1522775489156460546
1522775492247576576
1522775493220737024
1522775495775080449
1522775498895544320
1522775507267424256
1522775510081847297
1522775511105216512
1522775516956315648
1522775526498254848
1522775528415059968
1522775530721918977
1522775545443979264
1522775549109809152
1522775552398139393
1522775556680466433
1522775558895058944
1522775561340338177
1522775572748906497
1522775574573461504
1522775577152917504
1522775579786981376
1522775582630678528
1522775585080156162
1522775587869401088
1522775590490750976
1522775592579436545
1522775592784916481
1522775592952807425
1522775593615597568
1522775594064388103
1522775594186031108
1522775595557470210
1522775604008996864
1522775604185247745
1522775607280603139
1522775607775571973
1522775617502121984
1522775621784514566
1522775634107416579
1522775634468118528
1522775638997938177
1522775639824207872
1522775651102728193
1522775655036772353
1522775656379076614
1522775658254028805
1522775659222818818
1522775664914571267
1522775664880889856
1522775668815138816
1522775677510029320
1522775684837486593
1522775696619323393
1522775710213054465
1522775710754029569
1522775728697356288
1522775729846509568
1522775734846169092
1522775737060806656
1522775744425959424
1522775745835196416
1522775747261255682
1522775751413714947
1522775756564221953
1522775763031838722
1522775767532380160
1522775776499802114
1522775780517888000
1522775782577348608
1522775784427040768
1522775786486390785
1522775786595397632
1522775791175708673
1522775809576124416
1522775809563705345
1522775814663720960
1522775820405719040
1522775823224348677
1522775824402984969
1522775825862389765
1522775837371633665
1522775838072188928
1522775848960630785
1522775849992433664
1522775850529083395
1522775853565980672
1522775858213273601
1522775860473958400
1522775861090418688
1522775862088765440
1522775873342033922
1522775877599531009
1522775879616811009
1522775882527649792
1522775882909175808
1522775885685968897
1522775888399638533
1522775890026917888
1522775890576433152
1522775891650265089
1522775892660994048
1522775894087155716
1522775894695321604
1522775907563417602
1522775910423879682
1522775913104093185
1522775913691332620
1522775919315804161
1522775926114725888
1522775935090675717
1522775935845556225
1522775955244212225
1522775955567165440
1522775960864673802
1522775966401150976
1522775966468255744
1522775977423736833
1522775979977891841
1522775982180024321
1522775986223431683
1522775990354812928
1522775992577703936
1522775994268102656
1522775997288001536
1522775997644513281
1522775997858426881
1522776000215535625
1522776002014986241
1522776005122965505
1522776007421349891
1522776007287005184
1522776014895595521
1522776015528935424
1522776018200801288
1522776018418900992
1522776023154237441
1522776025540792321
1522776027390529536
1522776028950810624
1522776032264298496
1522776032960471041
1522776033870688257
1522776033673547783
1522776037372874752
1522776042510954496
1522776045883113476
1522776056641511424
1522776058638090240
1522776059405553669
1522776062857564160
1522776067165069315
1522776067886522373
1522776068276555784
1522776068821823494
1522776074349948929
1522776082327429120
1522776083996807168
1522776087058690048
1522776088790900738
1522776090615365632
1522776094188916736
1522776098936922112
1522776101080211457
1522776104628592641
1522776109401530368
1522776111314358274
1522776116989149184
1522776124614455296
1522776124689895426
1522776124836638720
1522776124689989632
1522776128326230018
1522776128489934848
1522776135301537792
1522776142402490368
1522776145422336000
1522776153114746881
1522776158445531136
1522776160454778883
1522776161180426240
1522776163973795840
1522776164527480833
1522776172257554433
1522776172555239424
1522776174354644994
1522776175369764865
1522776180461551618
1522776192666984448
1522776194034372608
1522776196106395648
1522776199898013697
1522776211419717635
1522776214489997312
1522776223726075904
1522776224787013632
1522776227525926912
1522776228125679617
1522776234245173249
1522776235553828864
1522776239148306433
1522776246589001732
1522776253929074689
1522776259377483778
1522776260409188355
1522776262418309123
1522776264427417601
1522776264792178688
1522776266470039558
1522776267426304002
1522776272564375553
1522776278654410753
1522776281318047744
1522776284467810304
1522776284606124035
1522776285616898048
1522776294123003904
1522776294466981892
1522776301513363456
1522776304025804800
1522776306345259009
1522776307037257728
1522776319184023553
1522776319897051136
1522776325387399169
1522776334816223233
1522776337055989760
1522776339899682817
1522776340046491648
1522776345574617091
1522776349290737664
1522776351606185985
1522776358887342080
1522776359784828929
1522776360661532672
1522776361571602432
1522776362137751552
1522776362527821824
1522776373135298560
1522776376029310976
1522776376671031296
1522776379359735808
1522776384438996992
1522776389870669824
1522776389660954630
1522776392068440064
1522776392273993728
1522776392777281536
1522776396581552131
1522776409789374464
1522776411727187976
1522776413845131264
1522776414747045888
1522776415598432260
1522776416684814337
1522776418924519425
1522776421411733505
1522776427871051777
1522776430806974465
1522776433302679553
1522776436632870915
1522776437912186880
1522776453766688768
1522776455448612864
1522776455549177856
1522776457973534724
1522776461375160322
1522776466374766592
1522776467104583681
1522776469277233152
1522776486285086721
1522776489866969088
1522776491897020419
1522776491867713536
1522776495097368577
1522776496405979136
1522776497039228934
1522776513581654017
1522776522725240834
1522776524587520002
1522776526793543680
1522776529809326080
1522776530308542464
1522776531797479424
1522776532573433857
1522776534754664448
1522776536440524800
1522776541855424513
1522776544145547266
1522776544342597632
1522776545781338113
1522776547597463555
1522776553918189569
1522776554018942977
1522776555105230848
1522776556954955776
1522776557449662464
1522776557810561025
1522776562873122817
1522776568023728128
1522776572301819907
1522776588798021632
1522776595324444672
1522776595399733248
1522776596729446400
1522776597450964994
1522776599292264450
1522776601808756736
1522776602660192257
1522776603562020865
1522776605071790080
1522776606716141569
1522776612806266880
1522776616556015617
1522776626186096640
1522776636608770049
1522776638945382400
1522776642359279617
1522776643395276802
1522776645312131072
1522776651612004353
1522776656271888386
1522776674882015232
1522776677264551942
1522776686592462848
1522776690379960322
1522776691143327745
1522776693227720704
1522776695182352384
1522776696524521473
1522776697900355584
1522776700291059713
1522776703235510272
1522776708763602948
1522776721627693056
1522776728749461504
1522776729621647360
1522776729915379718
1522776737674842112
1522776744545165316
1522776747980242944
1522776754456338434
1522776754787659779
1522776756901621761
1522776758080221185
1522776762568036352
1522776765487362048
1522776767341154306
1522776769128181762
1522776773641097223
1522776779898998784
1522776780276441091
1522776792704163842
1522776795753623552
1522776799016534016
1522776805794533377
1522776808214700035
1522776808780881920
1522776812404756480
1522776813331697664
1522776820160081923
1522776825126174720
1522776829144170497
1522776829223915520
1522776829358231552
1522776829332967426
1522776829345501186
1522776838736683008
1522776840133304321
1522776843484549122
1522776853093699585
1522776857837514753
1522776861243281409
1522776864107945985
1522776864825266176
1522776866314149890
1522776876909056001
1522776877131350016
1522776878968360960
1522776882026106881
1522776882848038912
1522776884450369536
1522776885134073856
1522776885507375108
1522776888392957953
1522776888598581251
1522776892419493888
1522776894608920577
1522776901529575424
1522776910731829255
1522776930134761473
1522776938120720384
1522776938263236610
1522776942914809857
1522776943778799616
1522776946723233793
1522776952066744320
1522776954033688577
1522776955132780546
1522776958433693696
1522776959465316352
1522776963777134594
1522776965392084992
1522776969884184576
1522776970727145472
1522776973436768256
1522776980709683200
1522776985130446848
1522776986183159811
1522776986862637056
1522776988393431040
1522776995981139968
1522777003476328448
1522777004185161728
1522777004168429569
1522777011235741699
1522777015958577153
1522777020576542721
1522777021667028992
1522777022757576704
1522777025521537024
1522777026838552576
1522777033826344962
1522777040113524739
1522777051505246209
1522777052738473986
1522777064104988674
1522777064998326272
1522777066193752070
1522777070631329792
1522777072036372481
1522777076079636480
1522777082438332416
1522777081914052610
1522777088729755648
1522777093045723141
1522777094375178240
1522777106006122496
1522777113438392320
1522777119981330433
1522777120556081152
1522777123949367296
1522777125819981824
1522777127581626368
1522777129456394240
1522777128844021760
1522777132405035009
1522777135345246209
1522777142278373376
1522777149484191746
1522777166580228096
1522777174851338241
1522777176105496577
1522777181352382465
1522777186171858944
1522777191536336896
1522777192438149124
1522777195269300225
1522777196166795265
1522777199316815873
1522777199610322944
1522777206514147329
1522777214193917962
1522777215024435201
1522777217134219265
1522777217289396225
1522777222024679424
1522777228656136192
1522777230547554304
1522777231843540997
1522777254933274624
1522777254996201472
1522777257273667584
1522777259622424582
1522777259739860992
1522777261660798976
1522777264571789314
1522777269026099200
1522777275590139905
1522777279813898240
1522777280598138880
1522777283374759943
1522777289276145664
1522777290190606336
1522777292367220737
1522777294552633346
1522777301649436677
1522777302521634816
1522777303465529346
1522777305361354753
1522777316933480449
1522777322482511874
1522777322989961217
1522777323417837572
1522777325695385605
1522777325741486080
1522777341302292482
1522777346822004737
1522777363725320192
1522777364480077826
1522777367772635136
1522777372876959744
1522777377302065152
1522777382343434240
1522777385208139776
1522777387427115016
1522777388446322688
1522777391759769603
1522777392451887104
1522777393563320320
1522777399267450881
1522777402488856578
1522777405231931393
1522777415214280704
1522777415222714369
1522777424957689859
1522777431983144960
1522777437431603200
1522777437926576128
1522777458868736001
1522777459996909568
1522777460127014913
1522777466951311360
1522777467676676098
1522777470243647488
1522777470684250112
1522777471405285376
1522777471350882304
1522777482470039552
1522777491504607232
1522777494021197824
1522777496558743554
1522777500534947843
1522777503701643265
1522777506352443392
1522777509275783169
1522777512304156672
1522777513923121153
1522777515701506048
1522777525168001025
1522777529936846851
1522777537415462913
1522777542213709824
1522777546122690560
1522777548345724936
1522777552741355521
1522777565215264774
1522777570068111360
1522777572093931520
1522777573415026688
1522777572999901184
1522777577307271168
1522777577332613120
1522777585008082945
1522777588841607168
1522777590297206791
1522777592088207360
1522777592691978241
1522777594457899009
1522777594894114817
1522777596446060544
1522777597301645312
1522777601068072960
1522777603362279424
1522777612409614338
1522777615060418561
1522777615987200000
1522777624421961728
1522777627991461888
1522777630990286848
1522777634903662597
1522777635658608640
1522777636459663361
1522777637550276609
1522777640029106178
1522777642835103745
1522777653140414465
1522777654180655104
1522777655464103936
1522777657372467212
1522777662703427584
1522777662443425792
1522777664448249858
1522777671259762688
1522777679342227457
1522777681502351363
1522777684274651136
1522777686728482816
1522777687667916800
1522777690067304448
1522777692847943681
1522777694265561088
1522777700515078145
1522777702737977344
1522777711910993921
1522777712506683392
1522777721176301568
1522777724401721344
1522777726435926016
1522777726771507200
1522777732244983808
1522777737873833986
1522777741824860161
1522777742374506502
1522777743565496321
1522777754302877696
1522777755024244738
1522777757058535425
1522777757368963072
1522777757545082885
1522777758929149952
1522777759596093442
1522777760225132544
1522777761588424705
1522777770316681216
1522777775056343042
1522777776352161792
1522777776453033985
1522777777136672769
1522777780446011392
1522777787542740993
1522777787962208257
1522777791757959169
1522777793163141120
1522777799630721025
1522777825996070912
1522777830400081920
1522777830316195841
1522777830970597377
1522777848049721345
1522777850293547009
1522777852080537605
1522777856761282560
1522777860519477248
1522777862230933504
1522777866269769728
1522777868136337415
1522777868014600192
1522777875291774976
1522777880845242368
1522777882640191489
1522777893868294145
1522777895420448768
1522777900977696769
1522777901749489665
1522777902235807744
1522777906132439042
1522777909118877696
1522777909747924994
1522777910427496448
1522777913757679616
1522777915288604672
1522777918996365313
1522777920778948609
1522777921961746433
1522777924629413888
1522777932959301633
1522777936801189888
1522777943021395968
1522777949107372032
1522777950239739904
1522777951149772803
1522777958884200448
1522777959169466374
1522777959127474176
1522777963095339008
1522777963170832385
1522777965070745601
1522777965083377665
1522777966840852482
1522777967465746433
1522777967486717952
1522777972591239174
1522777978484269056
1522777978945650689
1522777980707160064
1522777986264670209
1522777987325833216
1522777987594215426
1522777988689010691
1522777989242576897
1522777989439651842
1522777992006619137
1522777997639573505
1522778000735064064
1522778000760131585
1522778004182773763
1522778015268098048
1522778015754858496
1522778016258138113
1522778017117921280
1522778018661478418
1522778021303701505
1522778024474722304
1522778036055285760
1522778042644537345
1522778043114209280
1522778044146098176
1522778046968868865
1522778047904366592
1522778049506328577
1522778050269753344
1522778050433277955
1522778053214146561
1522778056879878149
1522778061732724736
1522778062764613632
1522778068720435202
1522778073745301504
1522778074277945344
1522778074470887425
1522778088521748480
1522778093378801665
1522778094746189826
1522778098403618819
1522778099712073734
1522778102358851584
1522778104921477120
1522778116359434243
1522778117986734081
1522778118993420289
1522778126274928641
1522778133824475138
1522778136651321344
1522778142217232384
1522778142619967489
1522778144847151105
1522778149507026945
1522778149578330112
1522778150924845057
1522778154066227200
1522778155332902912
1522778164291854336
1522778169019092993
1522778174437806080
1522778182545465346
1522778183069843457
1522778183984201728
1522778184684556289
1522778190091264000
1522778204385296384
1522778216364408832
1522778216800432128
1522778218545262593
1522778222622126086
1522778223947436032
1522778228695384064
1522778230796787712
1522778240171102208
1522778245011230722
1522778245426524160
1522778245673881602
1522778246793895937
1522778248404480000
1522778250627452928
1522778268734210050
1522778269774495744
1522778269946454016
1522778272697831426
1522778274530828293
1522778274597900288
1522778278859259910
1522778281061273600
1522778285545226241
1522778285737971712
1522778286903816192
1522778290670473218
1522778290708267008
1522778291836436480
1522778293468073984
1522778296940912642
1522778297150619649
1522778298992013314
1522778300971732992
1522778315932712961
1522778316482174976
1522778318684278786
1522778320739479552
1522778322354290688
1522778329249632256
1522778330595999745
1522778336245727232
1522778336799436800
1522778337638334464
1522778338867228672
1522778339341127682
1522778339253145600
1522778340414967813
1522778345729110017
1522778349910769664
1522778351693451266
1522778356521046017
1522778361050849280
1522778362531524609
1522778364536307713
1522778365249286144
1522778366302355456
1522778367694675972
1522778366927151104
1522778370378981376
1522778375810658304
1522778375995207680
1522778376628576256
1522778392382382084
1522778395419062272
1522778397180678144
1522778403581136899
1522778404080259072
1522778404721934336
1522778408429703169
1522778412036902913
1522778423151710208
1522778435319390209
1522778439735988224
1522778440189071361
1522778446295875584
1522778449391329280
1522778453149372416
1522778458790801409
1522778460606939136
1522778462938931206
1522778464159416325
1522778468177661953
1522778470086057985
1522778482035421185
1522778484078268416
1522778487337242625
1522778487836315649
1522778489216290816
1522778490986184706
1522778491036610561
1522778498628263938
1522778499068661762
1522778499521646595
1522778500729552899
1522778502965178369
1522778504294813699
1522778506073186306
1522778506874486785
1522778510091239424
1522778512201068548
1522778513459363840
1522778516735119362
1522778527468331010
1522778529221406721
1522778532262203396
1522778533080182784
1522778534795943936
1522778536377221120
1522778536565686272
1522778538260279298
1522778539925385217
1522778539946299393
1522778542932692992
1522778552411820034
1522778559697281027
1522778565426790401
1522778565967847424
1522778569134559233
1522778594807791617
1522778594757517312
1522778595680206849
1522778596053381120
1522778596967858176
1522778598310096900
1522778604609835008
1522778609404067840
1522778612084080642
1522778617679388674
1522778620896464896
1522778625233534976
1522778626462302208
1522778633093500928
1522778636029464578
1522778644896272384
1522778645261172743
1522778645454110720
1522778646641094661
1522778648264196096
1522778649350520832
1522778651632275457
1522778657990791168
1522778658527539200
1522778664089403400
1522778664299024389
1522778664567517185
1522778665045696517
1522778674176872448
1522778674814238726
1522778677750214660
1522778678358429698
1522778679780257792
1522778682355593217
1522778693264941057
1522778694242246657
1522778694015725568
1522778694691041280
1522778704203628544
1522778705893937152
1522778712244117504
1522778715775815681
1522778716132323328
1522778717088538624
1522778722994163715
1522778733396045825
1522778733156831232
1522778733723230214
1522778747610537987
1522778767613210624
1522778768342986758
1522778770947649538
1522778772885618690
1522778786957348868
1522778788974764032
1522778795559821312
1522778802967003136
1522778804049092614
1522778813150769153
1522778814882979841
1522778823783329792
1522778825406529536
1522778832096301057
1522778834151649287
1522778847053291522
1522778847267065856
1522778853391081472
1522778853877366784
1522778857908346880
1522778858516271105
1522778863155449856
1522778865298518018
1522778866229649409
1522778867974701056
1522778870486913030
1522778871317291011
1522778873930436609
1522778877302657024
1522778881450819585
1522778881576644609
1522778884676141056
1522778886823677954
1522778894839042049
1522778902598496256
1522778902585872385
1522778907111481344
1522778909108019202
1522778910131429377
1522778911171559424
1522778928116645888
1522778937717403648
1522778941475500032
1522778948781891585
1522778956646211584
1522778958818861063
1522778964841824258
1522778970953072640
1522778981564485633
1522778983187816448
1522778990557245440
1522778992301936641
1522778997091975175
1522779000485007361
1522779008898781184
1522779008915681280
1522779010018729984
1522779013198012416
1522779015584563200
1522779015651766272
1522779026024280064
1522779026473029632
1522779032022040582
1522779032370413568
1522779032835735552
1522779033775210496
1522779045519233024
1522779049344516097
1522779053337583616
1522779054948114432
1522779059691872263
1522779059972972547
1522779063030632448
1522779073138806785
1522779084304130048
1522779086644412416
1522779089014247424
1522779093716160512
1522779101609840642
1522779106936504320
1522779116847648771
1522779117116084226
1522779121419440129
1522779139413000196
1522779151249416192
1522779152239276033
1522779160346779651
1522779163647782913
1522779169767440384
1522779172061470722
1522779180278157312
1522779188389982211
1522779190847852544
1522779192470872065
1522779192789594112
1522779193410560000
1522779194396131328
1522779207687802880
1522779213899735040
1522779215430623234
1522779217196466177
1522779218530209792
1522779219482361857
1522779225165606915
1522779233629712384
1522779238977392645
1522779239703093249
1522779245168275458
1522779248695652353
1522779248888582147
1522779252147503107
1522779254257299456
1522779255960215557
1522779258246025216
1522779264940130305
1522779268052393985
1522779270485000192
1522779272691298304
1522779272808706049
1522779275606122496
1522779276780912640
1522779280480088064
1522779285257347073
1522779292060508165
1522779294392631297
1522779306044309505
1522779309047492610
1522779310431649792
1522779313690615808
1522779324344160259
1522779324520222720
1522779325963067392
1522779329515638785
1522779335274504193
1522779335295479811
1522779337082257412
1522779338113912833
1522779342488674309
1522779346913710080
1522779354341781504
1522779356552216576
1522779356929695747
1522779363984482305
1522779364416491521
1522779368526950406
1522779369151811585
1522779369386790913
1522779378496716802
1522779378782023680
1522779386382102531
1522779394821042177
1522779405998866433
1522779406283988993
1522779415108890624
1522779419361882113
1522779419814805504
1522779431479263233
1522779434968702976
1522779439297302528
1522779444603023360
1522779451041456128
1522779454128500736
1522779456598945793
1522779459903963137
1522779462600994817
1522779468376551425
1522779488001531904
1522779499397623808
1522779500332949506
1522779503843594240
1522779504820854788
1522779510323613696
1522779511603048449
1522779514018881542
1522779516090798080
1522779518393479168
1522779519375101952
1522779525431672834
1522779526983569412
1522779530947092486
1522779533107150848
1522779536697532416
1522779540443049990
1522779548848381954
1522779551469916162
1522779551759278081
1522779552619319296
1522779554397437952
1522779557354360833
1522779559816536065
1522779560000909312
1522779560311279616
1522779560328192001
1522779563549409280
1522779566586331136
1522779568196800513
1522779571208306688
1522779573313802240
1522779578766217216
1522779589650567168
1522779589684219905
1522779591496159240
1522779598500634625
1522779606469779458
1522779606989873152
1522779616875880451
1522779619807666176
1522779626845745152
1522779630444417026
1522779631539081216
1522779633594286081
1522779635104292864
1522779638229045249
1522779644256296961
1522779645317365762
1522779646198091777
1522779663826890758
1522779664326041602
1522779674249768961
1522779675981926400
1522779677437227009
1522779680906092545
1522779693413539840
1522779704792657923
1522779705157554176
1522779714255208450
1522779721456619520
1522779724979654656
1522779727659999234
1522779737428566016
1522779748065329152
1522779753614397440
1522779754411167744
1522779756340695048
1522779760140636166
1522779761650503683
1522779768147496962
1522779768189558785
1522779770379030529
1522779775361863680
1522779784199159810
1522779787739156480
1522779791442726912
1522779795947507712
1522779799160299520
1522779806328406016
1522779811009208325
1522779811789295616
1522779822287732736
1522779825655754752
1522779828017115137
1522779831372595202
1522779836548276225
1522779838897176578
1522779846312710144
1522779847457714176
1522779848065929222
1522779850666385408
1522779851219865601
1522779859495231488
1522779864666984449
1522779867493937152
1522779869603631104
1522779872514486278
1522779880991215616
1522779885827092481
1522779889820123136
1522779890885570562
1522779896870756352
1522779901652307970
1522779907146846216
1522779913241219072
1522779915682459648
1522779917435523078
1522779917905063937
1522779923966050307
1522779931587006464
1522779931952005122
1522779942441918465
1522779943700160512
1522779949806940160
1522779949991661574
1522779949974892544
1522779952457953280
1522779956597735425
1522779960104136704
1522779964277460993
1522779967175671808
1522779970199863297
1522779971575590914
1522779972783513601
1522779978059984896
1522779980614103043
1522779988122034176
1522779994241576961
1522780000226791425
1522780010825797637
1522780012025458688
1522780017423437824
1522780022242697217
1522780026948759552
1522780027871711232
1522780027905003531
1522780030866186240
1522780031831126016
1522780035949772802
1522780036658520064
1522780036717289475
1522780037191290882
1522780038021668870
1522780039057715200
1522780040236261376
1522780045110034432
1522780054501183488
1522780057282183169
1522780059781771264
1522780063703392257
1522780066249379840
1522780067906015232
1522780070552690689
1522780073740447744
1522780079360815105
1522780081806061569
1522780087707447300
1522780091528499205
1522780093399056388
1522780107466698752
1522780109614338049
1522780113040908289
1522780118174683136
1522780124323659777
1522780130820726789
1522780131311468544
1522780136873070596
1522780140438233089
1522780146725539840
1522780147526643719
1522780147644092416
1522780150865223681
1522780152119414791
1522780159140679680
1522780161690718208
1522780177977257984
1522780182737739776
1522780183899615232
1522780185036484609
1522780190404976640
1522780192804151298
1522780193441521664
1522780208746668033
1522780214324912128
1522780215461691394
1522780220436238337
1522780221434261505
1522780228036313093
1522780233216278532
1522780233551601664
1522780237096009731
1522780240023592961
1522780239935516678
1522780242896723968
1522780245149069312
1522780250102538242
1522780250832351232
1522780251167801346
1522780253185351681
1522780253281734659
1522780254066163715
1522780256452870144
1522780261385134080
1522780267148193796
1522780269278687232
1522780271006867456
1522780271875178497
1522780275255742464
1522780279143813120
1522780281673035776
1522780284072214530
1522780285003345927
1522780289650601985
1522780295447171074
1522780320327733248
1522780321329999874
1522780321426644993
1522780322022268932
1522780323033100288
1522780323473416194
1522780328695414784
1522780329576124416
1522780333015695365
1522780337398505472
1522780344545595400
1522780345980051458
1522780350824566784
1522780351550169088
1522780354792554496
1522780357199859713
1522780364036612097
1522780371368173573
1522780378003562497
1522780378951405568
1522780380880936962
1522780380876754946
1522780388376068096
1522780389755998211
1522780391593152513
1522780393237266434
1522780408739516416
1522780412359106562
1522780417090334721
1522780418013114374
1522780420206604288
1522780420928122885
1522780427454402563
1522780433775304714
1522780434198929408
1522780435805319169
1522780436874858497
1522780443602530309
1522780448606363649
1522780455694737410
1522780455774339077
1522780460463628288
1522780461239775232
1522780461793255424
1522780464305606656
1522780471255392256
1522780472752971777
1522780472463482881
1522780476053852160
1522780476578144256
1522780483687522305
1522780484975140864
1522780486124421120
1522780499072143362
1522780499562934272
1522780499818819586
1522780501286821888
1522780504491237378
1522780507792105475
1522780509771755522
1522780511533514752
1522780512099708928
1522780512351313920
1522780519565774849
1522780523315220483
1522780523696996352
1522780524242165760
1522780527287283717
1522780527144710144
1522780529099255808
1522780533192802306
1522780536388784128
1522780541233336325
1522780548426604547
1522780549772947456
1522780550020452352
1522780550016028672
1522780552461533186
1522780560224964608
1522780560397148160
1522780561194070016
1522780561777082369
1522780599152381953
1522780600532353024
1522780601480187904
1522780617640927232
1522780617850736646
1522780619075379202
1522780624758661127
1522780635609411587
1522780644266369024
1522780646778847233
1522780650893312000
1522780656392192000
1522780660913614851
1522780661324656640
1522780662138241026
1522780662083817472
1522780662578782216
1522780663669268486
1522780664952545280
1522780666185854976
1522780667599327232
1522780671286067201
1522780674847084544
1522780675564261376
1522780677300752386
1522780678445838337
1522780683105615873
1522780683474714624
1522780684288413697
1522780690495979520
1522780696724529154
1522780701204037632
1522780704651849729
1522780706577035266
1522780707751403522
1522780711417176072
1522780727657566211
1522780727863091200
1522780728022515712
1522780732598456324
1522780732950786049
1522780735500861442
1522780741800800258
1522780742983602179
1522780748364849152
1522780749434429440
1522780749887381504
1522780752450146306
1522780753888698368
1522780758078861313
1522780759681122312
1522780761320869889
1522780761501409282
1522780761836900354
1522780766106755074
1522780766467469312
1522780770238144514
1522780773296013313
1522780775283838979
1522780775359385600
1522780787829006339
1522780789246775296
1522780791868170240
1522780793528930304
1522780806074310657
1522780807206780928
1522780807911415808
1522780809115144192
1522780814106374145
1522780816438403072
1522780822574616577
1522780824743071745
1522780827029061632
1522780828622807042
1522780831839932416
1522780835711266831
1522780835748921345
1522780836763947008
1522780839448350725
1522780847279009792
1522780850072477701
1522780853914542080
1522780854900215809
1522780855307055105
1522780856108072960
1522780863699816451
1522780864119201792
1522780864421236737
1522780867218886656
1522780867982204929
1522780883664707584
1522780886143492099
1522780894133731328
1522780898957135872
1522780902635495425
1522780907119251458
1522780909220495360
1522780921442844673
1522780926471774208
1522780927981670400
1522780941080530947
1522780941177049088
1522780943378878464
1522780943500652544
1522780945597747208
1522780948730982400
1522780951285485568
1522780953885741056
1522780957278932992
1522780961112535041
1522780962677207040
1522780963838775296
1522780970025373697
1522780975700316161
1522780981756895239
1522780982260248577
1522780983451439104
1522780983489175552
1522780987687866368
1522780997087121408
1522780998336974854
1522780999591026689
1522781000341852163
1522781004712325120
1522781010152280068
1522781015260999681
1522781015831457793
1522781017056022528
1522781017068785666
1522781021917396994
1522781023142301696
1522781023276306432
1522781027478872069
1522781028674330624
1522781033250402306
1522781037679501313
1522781048257581056
1522781049155207168
1522781052183400450
1522781053294886915
1522781055010361348
1522781056876748802
1522781057107599366
1522781058462359555
1522781060278456320
1522781060635172864
1522781067471638528
1522781075503783936
1522781077126975494
1522781080016859136
1522781081971343360
1522781082239778818
1522781082340446210
1522781082566991873
1522781086060888064
1522781088741007361
1522781098530512897
1522781106898149378
1522781109695795200
1522781117392293888
1522781117794893828
1522781118516412417
1522781127454433280
1522781129006329856
1522781133523808257
1522781138690916352
1522781140297392130
1522781140494569473
1522781140687499264
1522781143338295299
1522781146832154625
1522781147318689792
1522781148014915585
1522781153664585729
1522781153689837569
1522781162913026049
1522781168298602497
1522781172169850882
1522781172761255936
1522781175378550786
1522781178473951233
1522781182215491586
1522781185587519491
1522781185629462529
1522781189513302016
1522781193246511104
1522781195918008321
1522781198610804737
1522781211751555072
1522781212825329665
1522781217158017025
1522781217673908225
1522781221079719938
1522781223994544129
1522781228000333824
1522781229161979904
1522781232039436288
1522781232756674560
1522781242554474497
1522781242864934912
1522781245817733126
1522781250552958980
1522781253107388418
1522781258979414025
1522781261059825676
1522781262590660610
1522781266151567360
1522781267154116608
1522781268345114624
1522781269544869889
1522781271969210368
1522781271960739840
1522781276192841728
1522781277811785728
1522781278608801793
1522781290839298048
1522781296174551045
1522781299676790790
1522781309814386688
1522781315195674624
1522781328428703744
1522781330135830532
1522781335857020928
1522781336611610624
1522781336448258048
1522781337832370176
1522781339673628672
1522781353577750529
1522781355024785408
1522781359990886400
1522781359999225858
1522781361077198850
1522781361085554689
1522781361886613504
1522781364692701190
1522781366064226305
1522781367846772737
1522781367804719104
1522781368471769089
1522781369126080515
1522781372942798848
1522781377602727937
1522781381595705344
1522781387933327361
1522781389212590081
1522781391322292225
1522781393897631745
1522781396850380801
1522781397114671105
1522781403737473025
1522781408384716800
1522781408300871680
1522781410242748422
1522781418304253953
1522781418753077248
1522781431759581184
1522781434104193024
1522781434959773696
1522781445986598913
1522781448410910720
1522781448788451329
1522781465263673344
1522781469361459202
1522781469889998848
1522781484939161603
1522781488009330690
1522781489095602176
1522781492723683328
1522781499321421830
1522781505084432386
1522781506367897600
1522781506871115776
1522781509954203648
1522781511749091330
1522781519030407168
1522781521349947393
1522781522163646466
1522781523044352000
1522781526802505729
1522781530174722048
1522781537187643393
1522781552215826432
1522781560054894595
1522781567969644544
1522781569735348224
1522781570473603072
1522781573304569857
1522781573896187904
1522781574529433602
1522781576307826690
1522781592959258624
1522781593462575106
1522781597421953024
1522781598596358144
1522781604384497665
1522781608352395264
1522781609019252737
1522781609883320320
1522781618963943424
1522781622419996675
1522781628275343361
1522781639004237825
1522781652757401600
1522781653386637318
1522781658872696833
1522781659103305728
1522781663201218560
1522781663847190529
1522781670683906048
1522781675746439171
1522781682453069826
1522781682507694080
1522781682591539200
1522781686701961217
1522781689751257088
1522781705148710912
1522781710508826625
1522781711662260226
1522781712455200768
1522781722714296320
1522781723477655556
1522781726472343553
1522781728770777088
1522781733829107713
1522781737683759104
1522781743442444288
1522781745476734976
1522781748093935619
1522781749498974208
1522781752246345729
1522781759288582150
1522781777386872832
1522781781010833409
1522781785670787074
1522781788770385921
1522781809087549440
1522781809804603393
1522781818428092417
1522781821439721472
1522781829635452928
1522781829681627136
1522781841236893697
1522781843153911808
1522781846123081728
1522781846374961152
1522781848199385088
1522781850766389248
1522781852565712897
1522781861881208836
1522781862451716096
1522781865190600709
1522781879103074305
1522781879648272384
1522781881766449152
1522781884203339778
1522781885847543808
1522781888833798145
1522781889290985474
1522781891576967168
1522781895221784579
1522781896819855360
1522781899147591680
1522781901655736320
1522781911072096264
1522781913190219776
1522781922119897089
1522781922337959939
1522781923197829120
1522781927282909186
1522781928612675584
1522781928931442689
1522781933247283200
1522781938205048833
1522781940377604096
1522781941736562694
1522781943305232384
1522781949747765249
1522781953140871169
1522781959218475008
1522781960313221120
1522781961651163138
1522781963588939776
1522781965275049984
1522781965749002241
1522781967745490944
1522781967732903936
1522781968219484161
1522781968278208512
1522781973248360448
1522781976972992513
1522781977841176581
1522781980798205958
1522781981787967490
1522781984816259078
1522781989086105600
1522781992516874240
1522781996447055872
1522781999391457280
1522781999890587648
1522782000356208641
1522782009839476738
1522782011710226432
1522782012834263040
1522782013018849280
1522782016403652608
1522782025954086913
1522782028252524545
1522782031859564544
1522782034757918721
1522782037610049537
1522782039120007168
1522782044086022146
1522782045239447552
1522782047215185920
1522782054995292161
1522782059852353536
1522782066076749824
1522782070371663872
1522782070514323456
1522782071386775552
1522782075400732672
1522782077053190145
1522782081654349824
1522782083088744449
1522782088658890752
1522782092714774528
1522782094296219649
1522782094832939008
1522782098599251968
1522782110402195456
1522782120581738497
1522782120959217665
1522782130824048642
1522782132032229380
1522782133370204160
1522782136750727168
1522782141737799680
1522782142786424833
1522782143658745857
1522782145965486082
1522782148079591429
1522782148025016321
1522782154874396672
1522782157298704384
1522782157101576192
1522782157420306432
1522782175820713985
1522782179952140288
1522782183416606720
1522782183987023872
1522782185190744064
1522782190538563584
1522782196339204096
1522782198759317506
1522782199204003847
1522782202349907968
1522782204409131008
1522782206304788480
1522782206715904001
1522782210864160768
1522782215070965761
1522782217759600640
1522782219877892096
1522782220548681730
1522782221341446150
1522782222327156736
1522782222922792961
1522782225372168192
1522782229411545088
1522782231307165696
1522782242136809478
1522782246750588928
1522782247304278017
1522782255298617345
1522782256926195713
1522782257467084802
1522782258142273536
1522782267013218304
1522782267504050176
1522782272860168192
1522782275137646593
1522782286768394243
1522782290090287105
1522782293403881472
1522782294838325248
1522782296046284800
1522782297493319681
1522782309447086082
1522782309849645057
1522782310877347841
1522782312819306497
1522782315029708805
1522782315075846144
1522782320914321411
1522782326610186240
1522782331332972545
1522782333098676225
1522782337288839170
1522782339859943424
1522782340115845126
1522782342867259394
1522782343236399104
1522782349779476480
1522782350370906113
1522782351889211394
1522782358235230208
1522782359896080384
1522782363712999426
1522782373120823296
1522782379554787329
1522782384701198336
1522782388031565825
1522782387922419718
1522782401327513601
1522782401444958211
1522782406113120256
1522782407723782145
1522782411645460480
1522782417001623552
1522782427088834563
1522782427709595648
1522782428070305793
1522782433476857857
1522782437880774657
1522782447024414723
1522782447305379840
1522782447670374401
1522782448983191552
1522782456969052160
1522782457053036544
1522782458298904579
1522782462627270659
1522782465546276864
1522782469778395136
1522782476120301569
1522782476183257089
1522782478653612033
1522782479932923905
1522782482181017600
1522782484869619713
1522782489768611840
1522782489818902534
1522782493639942144
1522782494759731203
1522782498060701702
1522782502082932738
1522782507892105217
1522782511801196544
1522782514200330241
1522782522748375041
1522782524832894976
1522782527135571968
1522782528368787457
1522782529211834374
1522782543493451778
1522782545062019074
1522782547322839040
1522782550061719552
1522782552498581504
1522782552766906368
1522782557485420544
1522782559691624448
1522782561445027841
1522782564028665859
1522782568596205568
1522782569091108865
1522782574392877057
1522782581023981573
1522782581665800192
1522782583016280066
1522782585889300480
1522782587730735104
1522782591388160000
1522782592394743809
1522782598354898947
1522782603320995840
1522782607435567104
1522782608400293888
1522782609285201927
1522782614075195392
1522782614087737344
1522782616616898561
1522782620853100545
1522782632752287745
1522782635130781696
1522782636435030016
1522782637240246272
1522782641036021762
1522782648204206081
1522782651270148098
1522782655623745536
1522782656852754432
1522782657226149888
1522782671453097984
1522782673944596481
1522782678633881606
1522782680898842624
1522782680861057024
1522782683516088321
1522782689597743108
1522782691619340289
1522782691950694401
1522782698015793152
1522782702809853952
1522782706396012544
1522782706907725824
1522782707150901249
1522782707712995328
1522782709801799684
1522782710015610881
1522782716668035072
1522782717737193473
1522782718358179841
1522782720811835393
1522782729145827328
1522782729921867776
1522782734812393473
1522782738310434817
1522782738880815105
1522782740046913537
1522782740306870273
1522782742177624067
1522782749920268289
1522782750058684417
1522782750339739648
1522782754341109760
1522782755075014656
1522782757444796416
1522782763442655234
1522782772854730753
1522782773953679360
1522782776868712450
1522782795361308672
1522782799589261312
1522782799824044035
1522782799735963652
1522782801208262657
1522782802885980160
1522782803397591042
1522782806627307522
1522782807701037056
1522782812000169985
1522782815590432770
1522782816081166337
1522782816647397376
1522782823257722880
1522782823555514374
1522782824771866624
1522782825795457024
1522782826663448576
1522782829393981440
1522782830169837568
1522782831927345152
1522782832111849473
1522782833965768705
1522782843151204353
1522782846846390273
1522782848905842688
1522782851481092096
1522782853502799872
1522782854022795264
1522782859261587456
1522782871525679104
1522782878895116290
1522782880828690432
1522782887426379782
1522782890953777153
1522782906640482304
1522782910247587845
1522782915351904256
1522782915658010625
1522782923149172737
1522782927624491009
1522782929780461569
1522782936780705793
1522782938311667714
1522782940903714818
1522782941251842050
1522782942082355202
1522782945777537024
1522782946486517760
1522782947501297664
1522782959115567105
1522782963431260165
1522782966270894081
1522782977431904256
1522782978975350785
1522782995521978372
1522782999435264008
1522783000324452352
1522783004703309825
1522783007622545409
1522783007849033728
1522783011015741441
1522783014517985280
1522783025137913856
1522783027797004288
1522783036072468490
1522783037141966849
1522783039998218241
1522783045450932229
1522783045685813248
1522783048944734209
1522783053617238016
1522783054057586689
1522783059405385728
1522783062697955328
1522783063469658112
1522783077608611840
1522783083006611456
1522783088358862849
1522783088891371521
1522783094725558274
1522783095040188417
1522783098613768192
1522783101642027010
1522783101830582272
1522783104045264896
1522783105790185473
1522783109959270400
1522783115118354433
1522783117890801664
1522783121694990336
1522783123569786881
1522783123540516864
1522783123762724864
1522783134265315334
1522783142083547137
1522783144759468034
1522783151436795904
1522783153227718656
1522783154603503616
1522783156340158465
1522783158600704003
1522783172601290752
1522783175533113344
1522783175537217537
1522783176430653441
1522783178045505538
1522783181161775105
1522783181728100352
1522783181921046528
1522783185356136449
1522783185863643136
1522783186111148032
1522783187767861248
1522783190414671872
1522783194017316864
1522783202007560194
1522783202162659328
1522783202036781056
1522783206164119552
1522783211147100160
1522783213294211072
1522783213617389569
1522783216293273601
1522783220709965824
1522783223771770887
1522783229752889345
1522783238057598976
1522783244088975362
1522783246479728642
1522783250564927490
1522783252351696897
1522783257187831808
1522783258819411968
1522783261570777101
1522783266788548609
1522783271624523781
1522783279342096385
1522783282684956673
1522783287944568832
1522783291631357954
1522783292105310208
1522783294659739649
1522783299063664641
1522783306433105921
1522783312149942274
1522783318730813444
1522783319938809861
1522783324619563009
1522783328318939136
1522783330181259268
1522783335243816960
1522783338108444672
1522783338460639232
1522783340855795714
1522783345398411265
1522783345440083972
1522783348078395394
1522783350355804160
1522783350775296001
1522783351651844097
1522783352125894656
1522783353648422912
1522783357624631304
1522783358002024452
1522783358329233408
1522783359197454336
1522783360510214145
1522783361605025794
1522783362045333504
1522783371021234176
1522783374326304775
1522783375723208704
1522783378365329408
1522783382991736832
1522783383683846144
1522783393662046209
1522783394941349889
1522783395331330048
1522783396707061761
1522783400691699712
1522783403623419904
1522783405125083140
1522783413136093185
1522783418148343808
1522783434502021121
1522783435919659008
1522783445826609155
1522783447097487361
1522783448087379968
1522783449370738694
1522783451484762112
1522783451354648576
1522783452914925568
1522783453313388544
1522783461211357186
1522783465011359744
1522783465665617921
1522783469176332294
1522783477158096897
1522783488469979144
1522783489573093377
1522783491364212737
1522783495378059264
1522783495818514433
1522783502776909827
1522783505213706240
1522783506182594563
1522783518018912261
1522783523073146881
1522783538327740417
1522783540584271878
1522783542387826689
1522783547551014913
1522783549086175232
1522783549404991489
1522783555398553600
1522783555738341377
1522783560113045504
1522783566349885440
1522783566689710080
1522783571576033281
1522783572351889409
1522783578970492929
1522783580702846978
1522783581390741505
1522783589011652609
1522783593634070528
1522783603415035904
1522783607454060545
1522783615867920389
1522783620431241216
1522783621312131072
1522783627553112066
1522783628413001728
1522783628987666433
1522783629600079878
1522783631000969220
1522783636218654722
1522783642426421248
1522783649908903937
1522783655818633218
1522783658880471042
1522783666421784576
1522783677125742595
1522783677884899333
1522783677092143104
1522783684511866881
1522783686021767173
1522783687699480577
1522783688240508929
1522783688269869056
1522783691906420737
1522783692795564034
1522783696092221440
1522783701125509121
1522783704611008512
1522783711229620225
1522783712802451456
1522783717504266240
1522783723728613376
1522783726878482433
1522783738379534336
1522783742007386114
1522783743404093443
1522783749598896128
1522783750580584449
1522783750890917888
1522783751419408384
1522783751729815552
1522783756385497094
1522783761867411456
1522783764052598785
1522783765852008452
1522783767668088834
1522783777537277952
1522783778569003008
1522783778636439553
1522783781442228224
1522783782071373825
1522783799075086336
1522783799859462146
1522783800241147904
1522783812404408320
1522783817370636288
1522783817630683142
1522783819425845248
1522783821933985793
1522783823662047233
1522783824605810688
1522783824605683713
1522783832952520707
1522783833573277697
1522783835875790848
1522783860441899009
1522783862635573253
1522783864803971073
1522783869774221313
1522783873976872960
1522783873989591041
1522783875755352065
1522783876350980097
1522783883850403841
1522783885477785600
1522783887285440513
1522783887486820352
1522783892192833536
1522783892989698053
1522783895598637057
1522783898853326848
1522783904201121794
1522783911184580611
1522783919556472832
1522783921225670657
1522783922958053376
1522783929635414016
1522783935398359041
1522783943656820739
1522783945280139264
1522783946446155779
1522783946676871171
1522783951282229251
1522783960853590016
1522783960891330567
1522783963328167937
1522783968164290561
1522783971263893505
1522783974338314241
1522783975995027457
1522783976859082752
1522783981208576002
1522783983045685249
1522783985214054400
1522783994433183744
1522783997977366529
1522783999051055105
1522783999772532737
1522784001022382081
1522784003690049537
1522784010845540352
1522784015266492416
1522784026116825089
1522784027098423298
1522784032102232071
1522784033498972165
1522784034086322176
1522784037554827267
1522784044165042177
1522784044836085760
1522784048153833473
1522784048548093953
1522784050255179777
1522784053325438977
1522784058144530432
1522784058471854080
1522784059008630784
1522784062150258688
1522784068181663747
1522784074213081088
1522784075047923712
1522784077182554113
1522784077878894592
1522784078482874368
1522784080768770049
1522784084216455171
1522784087357935617
1522784096673579009
1522784096832872448
1522784097776586752
1522784099819470850
1522784104122626048
1522784111592624128
1522784116843896834
1522784116231581696
1522784125119344641
1522784132178362368
1522784135403773953
1522784136204853248
1522784140193681408
1522784139983867904
1522784141187731457
1522784148502499328
1522784152021618688
1522784152327651329
1522784158472282113
1522784159604826112
1522784159747526656
1522784166760300548
1522784167632818176
1522784167850909698
1522784168840769536
1522784170895884288
1522784173567713281
1522784176067518464
1522784176390295553
1522784177925595136
1522784179062251520
1522784184556732416
1522784188683882496
1522784194191106049
1522784196242165760
1522784198372769794
1522784203196321793
1522784204181884928
1522784208825065472
1522784210943152128
1522784213304586241
1522784214386626560
1522784216941015041
1522784217700175874
1522784223278546946
1522784223937146883
1522784225019183107
1522784225841319937
1522784232254447619
1522784232908935168
1522784233349132290
1522784238306791425
1522784239665795072
1522784242933157889
1522784245780987904
1522784246498136066
1522784249304166400
1522784257604820992
1522784256782651393
1522784259001532418
1522784262793089024
1522784263132876801
1522784269751443457
1522784272347664385
1522784274000220160
1522784273958416384
1522784277573902341
1522784280644050944
1522784284729384961
1522784289351520256
1522784291511484420
1522784296020459521
1522784297647751168
1522784306174869505
1522784309194678273
1522784316069228544
1522784316815724546
1522784317226766336
1522784319844098048
1522784326018076672
1522784326030667776
1522784331084795904
1522784335115468803
1522784336210182155
1522784338156429313
1522784340312305665
1522784342799532032
1522784345890734081
1522784352769294338
1522784354187059205
1522784354828750850
1522784359866118149
1522784362189983744
1522784366560256000
1522784366618980352
1522784370985213952
1522784371329179648
1522784371299823617
1522784373115871236
1522784378828603392
1522784382351724545
1522784383517741056
1522784383882694656
1522784386164436994
1522784390027390978
1522784392724185088
1522784394091667457
1522784395886796800
1522784400576028672
1522784408708780032
1522784413024665600
1522784413687422976
1522784413939032065
1522784424961662976
1522784427637628932
1522784430229708801
1522784432696053760
1522784432700235776
1522784432796672000
1522784434667331585
1522784437569994752
1522784437964095489
1522784442946920449
1522784448948973568
1522784449628459008
1522784450341445633
1522784450488283136
1522784456951611392
1522784462899408896
1522784475628900356
1522784496881385475
1522784498093637634
1522784507266580482
1522784510173007872
1522784512433917954
1522784513331503104
1522784518893195269
1522784533107646470
1522784533153816578
1522784537624862725
1522784538178441216
1522784541361979392
1522784541676556289
1522784542125436928
1522784542372900864
1522784543081648129
1522784545652813825
1522784557673730049
1522784558730690562
1522784573750456320
1522784580381691905
1522784584261328896
1522784586245234690
1522784592268345344
1522784598702309376
1522784603655704576
1522784605392285697
1522784608001085445
1522784610035326980
1522784610836434945
1522784610823942144
1522784614674227206
1522784618474356736
1522784618470342656
1522784622064676864
1522784625097003009
1522784625478840320
1522784628586729473
1522784630570594305
1522784636241334279
1522784642851504129
1522784644709732352
1522784658798350337
1522784662346768385
1522784670089461760
1522784671033090050
1522784674656960513
1522784675214807040
1522784675974250496
1522784676351516673
1522784677018443777
1522784683444080640
1522784687265091585
1522784693216763904
1522784711189442560
1522784712116383745
1522784727329128449
1522784736581672960
1522784745792450564
1522784751823822850
1522784754629681153
1522784767695110144
1522784782396051456
1522784782606020608
1522784783675412480
1522784786569482240
1522784793531977729
1522784793603289089
1522784795259977728
1522784795461365760
1522784797273346048
1522784801245257728
1522784802407161856
1522784805003350017
1522784805615767554
1522784805817131008
1522784809478676487
1522784809495400448
1522784812305727490
1522784813542952961
1522784817561145346
1522784817523400704
1522784820098703360
1522784824913707008
1522784825161261056
1522784830932414464
1522784832723591168
1522784834690686977
1522784838419460096
1522784846753542144
1522784849626468354
1522784849983123457
1522784855825829888
1522784860510863362
1522784873261715456
1522784881763397632
1522784888096755713
1522784896552419330
1522784901745057793
1522784909181530112
1522784910616023040
1522784913686249473
1522784921915465733
1522784927388897280
1522784928710238208
1522784931495260160
1522784933747564544
1522784935106469889
1522784934980636672
1522784937161674753
1522784937493082113
1522784939447574528
1522784944615038982
1522784946011746308
1522784946129182720
1522784946972246017
1522784951887822849
1522784961216098306
1522784962256113664
1522784963858468865
1522784966114951168
1522784969625681921
1522784969525018625
1522784971328561152
1522784972595253248
1522784975833153536
1522784975900360705
1522784977359753216
1522784978395750400
1522784981000589312
1522784983789756416
1522784988718153728
1522784996108427264
1522784997698121729
1522785007391186944
1522785008599117824
1522785012902416384
1522785013607337984
1522785014081110017
1522785017365250049
1522785017910411266
1522785019881738240
1522785021760876544
1522785022574481408
1522785025523163136
1522785026219380739
1522785038298980353
1522785042422022144
1522785044540145668
1522785052878417920
1522785053511761920
1522785055235522560
1522785063536316417
1522785076207300608
1522785082976653312
1522785083769376768
1522785092518699009
1522785093391163392
1522785094020341760
1522785094678814720
1522785095043764224
1522785095559651329
1522785097858142214
1522785101859405824
1522785104799674368
1522785106343120897
1522785107802796032
1522785110311030786
1522785114060574721
1522785114547269632
1522785117223198720
1522785118682849280
1522785119668420608
1522785123745378304
1522785124609183744
1522785125754359808
1522785126849163265
1522785131060150273
1522785131282542595
1522785133081858049
1522785136420433920
1522785147262746629
1522785161661792259
1522785163784163328
1522785165382197249
1522785165516357632
1522785168204967937
1522785179097796609
1522785184998899712
1522785187121221632
1522785188295684096
1522785193937014784
1522785193920241665
1522785196101169152
1522785196285833217
1522785198592647168
1522785202212413441
1522785202749067264
1522785202870833153
1522785203013537795
1522785207773978626
1522785208919019520
1522785215231533057
1522785218272411648
1522785219606192128
1522785220327575553
1522785223896756224
1522785223443988486
1522785228573626368
1522785228716187649
1522785229513011200
1522785235703930880
1522785238195355653
1522785242179899392
1522785245791150080
1522785245975793671
1522785248257449984
1522785254485987329
1522785258801967104
1522785259880075266
1522785260001542144
1522785261507252228
1522785263725989893
1522785267970621440
1522785268222382081
1522785269665214465
1522785270692679680
1522785273456869376
1522785282424201216
1522785296957378560
1522785297473359872
1522785297725071365
1522785302305255425
1522785302796029953
1522785305773883392
1522785308240138240
1522785320806273024
1522785321037058048
1522785323637522433
1522785326728724480
1522785327357874177
1522785328637034496
1522785329891221504
1522785334249013248
1522785335197200384
1522785337763848199
1522785338841833477
1522785351055589376
1522785353928777728
1522785354583093249
1522785355547750400
1522785366134202369
1522785368168452097
1522785372836610051
1522785373511950338
1522785375210643460
1522785376020090881
1522785376146006018
1522785376942895107
1522785377278316545
1522785378679332870
1522785386795352064
1522785389991374848
1522785390339493890
1522785394428948480
1522785396685299712
1522785402662404096
1522785409255809029
1522785410971312128
1522785412187660290
1522785410828718080
1522785427362615297
1522785429120032768
1522785429275217920
1522785432311934976
1522785432807014400
1522785433289211907
1522785435767955457
1522785436153913344
1522785436573351937
1522785437139578882
1522785442353008640
1522785443196121088
1522785443795845122
1522785448946552834
1522785451039354881
1522785451463131136
1522785459675541504
1522785459797213185
1522785460980170753
1522785464675180544
1522785465442705408
1522785466877190149
1522785472531111938
1522785472765956097
1522785473202200579
1522785475165143040
1522785482324774917
1522785484426166274
1522785484564541441
1522785491900420096
1522785493020475392
1522785496967036929
1522785503191441408
1522785506723045376
1522785506995716096
1522785512116924416
1522785515866660864
1522785517644955649
1522785528961286145
1522785532891348995
1522785535445680128
1522785535999324160
1522785538448801793
1522785540348825602
1522785544366927872
1522785547818840064
1522785548418662400
1522785550352191491
1522785551736262663
1522785557935685638
1522785559592280071
1522785560137457664
1522785562729623553
1522785564679884800
1522785565439049728
1522785567616155648
1522785568660279296
1522785569985765379
1522785575694213120
1522785577439043585
1522785581520265217
1522785583302590464
1522785585022316544
1522785587794698246
1522785588793036800
1522785590923743232
1522785595814256640
1522785597752061957
1522785601833029632
1522785603884142592
1522785604710244352
1522785608585945091
1522785610737532928
1522785611811368960
1522785615040946176
1522785620791525376
1522785623320502275
1522785628659802112
1522785629142233089
1522785635576262657
1522785637300060165
1522785638025773057
1522785641834102788
1522785648737984512
1522785648981254146
1522785651342651392
1522785651632095233
1522785651741102086
1522785653519486977
1522785654945550337
1522785656233209856
1522785658225500160
1522785659399901186
1522785662566510593
1522785663367667714
1522785664177262592
1522785667285417984
1522785667704664064
1522785671513096197
1522785673194913792
1522785675371855874
1522785675673747456
1522785676177154049
1522785678387470336
1522785679461208064
1522785681055129602
1522785681633914881
1522785685068988417
1522785688109862917
1522785690181906433
1522785692841095169
1522785696016183297
1522785700571230214
1522785701238124544
1522785704153071617
1522785704417366017
1522785710469746689
1522785714747887617
1522785719747588096
1522785723996418050
1522785725254893568
1522785727909703680
1522785731596464131
1522785735325392896
1522785736830902273
1522785742463897600
1522785745987117056
1522785747257987073
1522785751229939712
1522785753700384770
1522785756636651520
1522785763288625152
1522785767470374912
1522785772910305280
1522785776034975745
1522785777880641536
1522785778107129857
1522785778815975426
1522785779885527040
1522785781462364160
1522785782569730048
1522785783186436100
1522785784490864643
1522785784293642246
1522785788336951296
1522785788882305025
1522785791302320130
1522785791461765121
1522785792267104258
1522785797577007104
1522785798667579394
1522785802366988294
1522785803604316161
1522785805462552577
1522785813347684354
1522785816661139456
1522785816866656256
1522785817265115137
1522785817865101312
1522785822122164224
1522785823523020800
1522785825313808385
1522785825637138433
1522785826719117312
1522785828451328000
1522785832578568195
1522785832595517440
1522785832842805248
1522785836634460160
1522785838085685248
1522785839859781632
1522785841088811008
1522785849506738176
1522785854837698560
1522785855638712320
1522785864929132544
1522785869479960578
1522785869714841600
1522785870037803009
1522785872311197697
1522785873066082305
1522785873875640322
1522785876148989953
1522785881450594304
1522785882696294401
1522785886513078272
1522785887230337025
1522785893354029056
1522785894859743234
1522785895136448513
1522785897061797889
1522785899968438277
1522785901948112896
1522785903575552003
1522785914988154882
1522785920512151552
1522785925226455040
1522785939734601728
1522785940216979456
1522785945388519424
1522785946218938375
1522785953701498880
1522785959527526409
1522785960102084608
1522785961163243520
1522785964615249920
1522785965206810626
1522785968016793601
1522785968528441345
1522785969627348992
1522785970931830784
1522785974706933761
1522785976753524737
1522785980784254976
1522785986077413377
1522785985871982592
1522785987965091843
1522785988036239360
1522785989193871360
1522785996496338945
1522786000229081088
1522786005425606663
1522786007455866880
1522786013076201473
1522786014745481217
1522786015198461952
1522786016188379136
1522786018105212928
1522786019233484800
1522786028926418944
1522786030134472704
1522786035201187846
1522786042067173381
1522786042172039168
1522786042532794371
1522786043543625730
1522786045926035456
1522786047415001088
1522786051538014209
1522786065844772867
1522786076401745920
1522786083540553735
1522786086166085634
1522786092126248962
1522786097901838339
1522786100024119301
1522786100665794560
1522786104608448513
1522786109515829248
1522786118554603520
1522786120207114240
1522786124820844549
1522786126083330048
1522786126511099904
1522786127631028227
1522786128306348032
1522786136263135233
1522786136267141120
1522786137743544322
1522786139169558529
1522786151832113153
1522786152469745665
1522786176696033280
1522786177748975616
1522786180554756097
1522786183855677440
1522786184199831552
1522786184807780353
1522786190034096128
1522786190893760512
1522786190818164736
1522786195650093056
1522786198120538112
1522786199508701185
1522786201274617857
1522786208593682433
1522786210229411841
1522786215480680448
1522786220312608768
1522786225349926912
1522786233457516547
1522786236808765442
1522786239275048960
1522786241049153539
1522786243590995968
1522786244543066114
1522786244903804931
1522786247395131392
1522786248150159362
1522786254550568960
1522786262532427776
1522786265116012544
1522786269234974720
1522786269620842496
1522786269830471680
1522786277267062788
1522786282233122817
1522786287333396487
1522786296879529984
1522786298574118913
1522786299434143745
1522786301824614400
1522786301870813184
1522786311689617408
1522786316068532225
1522786316785704961
1522786319163867136
1522786324079685632
1522786326688538625
1522786331411288065
1522786331809796096
1522786333516869634
1522786336431878147
1522786342245396480
1522786343318917127
1522786347869683713
1522786351774527489
1522786355025104897
1522786355306192897
1522786365481623552
1522786367922659328
1522786368006811650
1522786376416206851
1522786378894958592
1522786382204313600
1522786383533903873
1522786383865303041
1522786386746744832
1522786386948276224
1522786387270983680
1522786398272724994
1522786400495620097
1522786400646713345
1522786401879793672
1522786401858818050
1522786404610330627
1522786409496645633
1522786414844383232
1522786421140033537
1522786424851996672
1522786432405938176
1522786434557657088
1522786439439736833
1522786442589704192
1522786443919347712
1522786448851804160
1522786450118479874
1522786451565461504
1522786451888484352
1522786457127165952
1522786457844436992
1522786463431155713
1522786464756600834
1522786465155006465
1522786469026357252
1522786469986717696
1522786470955728896
1522786471899447297
1522786474135072770
1522786475569709056
1522786476949311488
1522786481139593216
1522786481265385472
1522786482796351488
1522786489750466560
1522786491260416000
1522786496302010371
1522786504946294784
1522786505600733185
1522786507026800640
1522786507114926081
1522786507496603648
1522786509593665536
1522786519400034307
1522786520217886720
1522786521731973120
1522786521836888065
1522786522621165568
1522786527306203136
1522786528900128777
1522786529348931587
1522786530519097345
1522786530900725762
1522786531274117120
1522786532666523650
1522786535724228609
1522786536118435840
1522786537502564354
1522786546860101633
1522786547694804993
1522786552006463489
1522786556481785862
1522786558537048064
1522786571644289034
1522786574723063808
1522786580661948416
1522786586332700672
1522786586663997440
1522786598559043584
1522786600396201985
1522786607593627649
1522786608352841731
1522786625830412289
1522786631874351109
1522786632063148036
1522786634378493953
1522786635519336450
1522786635959652352
1522786648970379266
1522786652791451651
1522786654095822850
1522786656025198593
1522786666041135105
1522786667412828160
1522786670277533697
1522786675470086144
1522786675583336449
1522786675629383681
1522786675969118213
1522786678540161024
1522786683372150784
1522786687360897025
1522786687876669440
1522786688573054976
1522786691806814208
1522786696483512320
1522786696860995587
1522786701206339585
1522786707380355073
1522786707682254849
1522786708688883713
1522786709703905283
1522786710848946176
1522786715060088832
1522786720256872452
1522786724006477824
1522786728871960576
1522786729341554690
1522786729639432193
1522786730755174400
1522786732676108288
1522786735754723329
1522786743669374976
1522786751965810691
1522786754998194178
1522786758278139904
1522786763500097537
1522786775248551937
1522786780348657682
1522786783423250435
1522786786405195778
1522786789194448897
1522786789689278464
1522786795787796480
1522786804117737478
1522786810337841153
1522786818613293058
1522786821758988290
1522786827278688257
1522786831120715776
1522786836841742339
1522786840352284673
1522786843950993411
1522786844584419330
1522786848954888192
1522786853040054272
1522786855292448768
1522786865325260803
1522786869007859719
1522786870232444928
1522786871696400384
1522786872833028104
1522786874619793409
1522786877446795266
1522786877773950976
1522786878252007424
1522786880730931201
1522786882920321024
1522786884744880128
1522786887030747142
1522786899298906112
1522786907020742656
1522786909629685760
1522786913354010624
1522786915543568384
1522786929334386688
1522786931146620928
1522786931452506112
1522786931825913859
1522786937794437121
1522786952159928320
1522786952554160134
1522786952851959808
1522786955720810497
1522786956832243712
1522786961609707521
1522786962616242176
1522786964281475079
1522786964407132257
1522786972556615682
1522786972691013633
1522786974662373376
1522786985345228801
1522786986188226566
1522786988172189696
1522786988616732673
1522786997554880512
1522786998016163840
1522787001900150785
1522787003804393472
1522787016034856962
1522787016345149443
1522787017494614020
1522787018908000258
1522787022573916160
1522787024465453056
1522787024696094720
1522787025325281280
1522787032812056576
1522787035081105410
1522787044245835779
1522787047387373569
1522787049492918273
1522787060075139072
1522787067859812352
1522787075145228288
1522787075824750592
1522787081474486272
1522787085664628737
1522787089540173830
1522787092484567042
1522787095005253638
1522787102932537344
1522787107281977344
1522787110842994688
1522787120502517761
1522787122205401088
1522787122599583746
1522787127355797506
1522787130463997953
1522787132414341122
1522787132426924034
1522787133538377728
1522787134465265664
1522787138831482884
1522787144695271427
1522787146456834049
1522787155529064450
1522787162885926914
1522787166631378944
1522787176269979650
1522787177251418114
1522787183194787840
1522787188169191424
1522787191411380224
1522787192199958528
1522787194095742976
1522787199821008896
1522787200945037313
1522787203537313792
1522787206041157635
1522787218313465858
1522787223158292480
1522787223862530048
1522787223963373568
1522787228170297350
1522787231341154307
1522787231416651777
1522787231840178176
1522787232557506562
1522787239360712705
1522787242519199745
1522787246939721728
1522787253080281089
1522787253956890624
1522787255357743105
1522787263993851908
1522787275586908164
1522787303319515136
1522787306071117827
1522787306826047488
1522787311544672257
1522787317119078400
1522787318934999042
1522787321892032513
1522787322395197440
1522787323380912130
1522787325897543680
1522787326342086656
1522787327038394370
1522787333896028162
1522787334344912898
1522787334001152000
1522787337230553088
1522787337821835264
1522787344285380610
1522787348584484865
1522787354607595522
1522787358810202113
1522787361310097413
1522787368952123393
1522787370864623617
1522787374123651077
1522787374434033664
1522787381874724864
1522787383435046912
1522787385267961856
1522787386786209793
1522787387147014144
1522787388442951680
1522787389235736578
1522787402510647296
1522787403395649537
1522787403257323532
1522787403320070144
1522787405933203457
1522787406826647552
1522787413885693954
1522787415965978624
1522787417576591360
1522787421464715264
1522787425415839744
1522787426371919873
1522787428859355137
1522787429836636168
1522787430113288192
1522787442889273345
1522787445418385408
1522787454150918144
1522787454335475717
1522787454872432641
1522787458311720960
1522787459754610689
1522787460907950081
1522787461931442178
1522787464489979904
1522787464829620224
1522787468461973504
1522787468394774528
1522787469980319746
1522787474422083584
1522787475890053123
1522787480730316805
1522787489890529280
1522787493929754624
1522787494537965569
1522787497364885505
1522787498912587780
1522787513718431746
1522787514142048256
1522787514981007360
1522787517354889217
1522787525974188033
1522787528423751682
1522787529086316545
1522787529111613441
1522787534744530944
1522787538108305408
1522787541761478658
1522787550682918918
1522787557473460224
1522787568231792640
1522787569175605248
1522787572703023106
1522787574510759937
1522787588653862919
1522787589660553217
1522787594324557824
1522787597155590144
1522787599529746432
1522787601312268288
1522787602079920129
1522787603182936073
1522787612959854593
1522787622246141953
1522787624716361728
1522787627132493827
1522787631175774208
1522787631939129350
1522787634858405888
1522787635282026497
1522787638360608776
1522787637903478785
1522787641128853504
1522787641607041024
1522787648817045505
1522787649303552002
1522787653774712838
1522787654928314368
1522787657901879296
1522787661525794817
1522787665241944065
1522787665145442307
1522787665866858496
1522787667758383105
1522787668224000001
1522787669138456576
1522787672938397697
1522787675832528900
1522787680467181568
1522787682518470656
1522787684237946881
1522787685865295872
1522787688432164864
1522787693364666369
1522787694899781632
1522787698813059073
1522787698930507778
1522787702046871554
1522787702013411328
1522787708531269634
1522787711844864001
1522787716399878144
1522787717398020097
1522787735047753728
1522787735429431296
1522787740953231360
1522787746041020417
1522787746833698817
1522787746758148096
1522787747718705152
1522787751669772295
1522787752441430017
1522787775002685440
1522787776420319238
1522787777313705985
1522787792702554113
1522787794959040512
1522787806015328257
1522787807386906624
1522787807839670272
1522787811660730368
1522787812344578049
1522787813250547712
1522787819311276033
1522787821441986561
1522787822188613633
1522787822331207680
1522787824877068289
1522787830652678145
1522787837694943232
1522787843189485569
1522787843747233793
1522787843198038016
1522787844435193856
1522787843936030722
1522787849317359619
1522787849426411524
1522787849627701249
1522787856535945216
1522787859345948672
1522787860180570112
1522787860260159489
1522787860503535617
1522787862911008772
1522787863175340033
1522787867591860224
1522787869357756416
1522787875233968131
1522787877695938560
1522787881252651008
1522787891797180416
1522787906888290305
1522787907379073025
1522787916094881796
1522787919685210113
1522787922256318464
1522787924395315201
1522787927159451654
1522787929252323328
1522787931982815233
1522787932100308992
1522787936001044481
1522787941524856832
1522787942220984320
1522787946033729536
1522787948244213760
1522787950500667393
1522787951847133195
1522787955789774850
1522787958516064256
1522787959627468801
1522787964019003397
1522787964312600577
1522787969182187521
1522787969643409408
1522787970058698753
1522787970675351553
1522787971333771264
1522787971577131008
1522787971551924224
1522787972932063232
1522787975167361024
1522787975381233664
1522787980024463360
1522787980859121664
1522787981710565377
1522787988324896768
1522787993467162629
1522787994377551875
1522788004162682880
1522788009065783297
1522788009338458113
1522788011431366658
1522788013314646017
1522788018469412864
1522788021120208896
1522788021061709824
1522788025335488512
1522788026841284608
1522788032402841602
1522788033841569792
1522788034768474113
1522788035749892099
1522788035854745601
1522788037016576001
1522788043006291968
1522788046168641536
1522788048563576832
1522788051470229506
1522788055123439616
1522788056608223233
1522788059015749634
1522788062375432193
1522788073972682752
1522788080721313792
1522788080855531520
1522788081002323968
1522788080914210817
1522788082092855296
1522788082411622400
1522788089210748928
1522788090267545600
1522788099515994112
1522788099671138304
1522788102359732225
1522788107602571264
1522788110752440320
1522788112052768769
1522788117714903041
1522788118541348864
1522788122970537989
1522788123633201153
1522788124572536832
1522788124849487872
1522788127844282368
1522788128058138624
1522788129647874048
1522788130037936128
1522788132890071040
1522788133607256065
1522788141060530176
1522788141748338688
1522788143757467649
1522788144298532865
1522788149411282944
1522788154876608514
1522788156650704896
1522788155883204609
1522788158114607105
1522788162287906818
1522788168659087361
1522788178905923585
1522788181556580353
1522788181594329089
1522788186669387776
1522788187067895813
1522788188703674370
1522788189190201344
1522788190326857729
1522788191199449088
1522788194567270400
1522788205518544896
1522788214431522822
1522788214800793600
1522788215572230147
1522788218499911684
1522788218294489091
1522788222933381120
1522788225030500352
1522788226695675904
1522788232026537984
1522788235793113088
1522788239072972800
1522788248497627137
1522788251320393729
1522788257196560387
1522788257351749632
1522788258836623361
1522788264666484736
1522788269343322113
1522788273353109504
1522788279740940288
1522788280424701952
1522788281360044032
1522788284337995777
1522788286003134464
1522788288574234624
