1525672294701572097
1525672295376855040
1525672296953917440
1525672297310392323
1525672300389056512
1525672301659934720
1525672304767795203
1525672305359208449
1525672306156064768
1525672313550737408
1525672318869114880
1525672323151544322
1525672324187447296
1525672323751194625
1525672327714856960
1525672335516356608
1525672350565519361
1525672361667743744
1525672362850516992
1525672373852295168
1525672376360480768
1525672376804859904
1525672377643933697
1525672378210066433
1525672388439982081
1525672389740154881
1525672391602495495
1525672393229754368
1525672393951395840
1525672399517143042
1525672402063175680
1525672403489198085
1525672405577912321
1525672418341265408
1525672422183030785
1525672422757634049
1525672425677012993
1525672426260267009
1525672435181305857
1525672441778946048
1525672448985018369
1525672450297671680
1525672450284978177
1525672450595311617
1525672451270758403
1525672452147359746
1525672455490109440
1525672462490513408
1525672472309374977
1525672476688101376
1525672495897976839
1525672509252587520
1525672509600940032
1525672511857430529
1525672514352988160
1525672517158875137
1525672522192146437
1525672536431898628
1525672541183913984
1525672546288508929
1525672547043446784
1525672548188532736
1525672550713511936
1525672553452290048
1525672554635022336
1525672556199542784
1525672558607011841
1525672558523293697
1525672559966306304
1525672561429864449
1525672562923012096
1525672569826942976
1525672569692725248
1525672572527906816
1525672581533159424
1525672582221119489
1525672585509212160
1525672585559777281
1525672589170987009
1525672590458507265
1525672595273576450
1525672597609803776
1525672616236699648
1525672619005050880
1525672627016470529
1525672627531968512
1525672627393765377
1525672636164018178
1525672641671184386
1525672646326755328
1525672648184721408
1525672648553795584
1525672649480736768
1525672658515402753
1525672658674733056
1525672662743252992
1525672662705512449
1525672667923218433
1525672670657925121
1525672674223071233
1525672677184258049
1525672679059214337
1525672680434896898
1525672687749636097
1525672688202698752
1525672695303548930
1525672696058716160
1525672704006840320
1525672712609271809
1525672718020096007
1525672721748738049
1525672722939858944
1525672726739951616
1525672726882570241
1525672733404672000
1525672743458308096
1525672746528784384
1525672749582417920
1525672755332513794
1525672756188160000
1525672758256058369
1525672762601349121
1525672774949273601
1525672781899128832
1525672809246117888
1525672810630324226
1525672813062828032
1525672816380624896
1525672820205834240
1525672825738100737
1525672827889848322
1525672831211782144
1525672835036983296
1525672840233730048
1525672847078830082
1525672850467737600
1525672851004588032
1525672857488936962
1525672864912920578
1525672867731578880
1525672868520112129
1525672871854755840
1525672875642048514
1525672880352075777
1525672884265426949
1525672885439942658
1525672893723590658
1525672900275183616
1525672901248180225
1525672908840108032
1525672910362247169
1525672913000710144
1525672915718512640
1525672923364741120
1525672929358491649
1525672932915159042
1525672937822425088
1525672939747696641
1525672943547822081
1525672948249534465
1525672954570362881
1525672955363086336
1525672963025973248
1525672966113005568
1525672968227020800
1525672971519524865
1525672973478379525
1525672977588793344
1525672983322165248
1525672988879704064
1525672993006960648
1525672999399088128
1525673000632258560
1525673005807874050
1525673007200583681
1525673026523734018
1525673027400351745
1525673032978616320
1525673034555719680
1525673033918210049
1525673038154457088
1525673042051047426
1525673043078565888
1525673053279162369
1525673061663621120
1525673061990768640
1525673064373047297
1525673068525506561
1525673069947277313
1525673081003560960
1525673082660311040
1525673085872922624
1525673088452534276
1525673095461502976
1525673096333639680
1525673099856846849
1525673108337840129
1525673118055878656
1525673123340640256
1525673123487563776
1525673133616664576
1525673136942944257
1525673139107004417
1525673142873636864
1525673144622661632
1525673145738227712
1525673145654562817
1525673157335597056
1525673157331329024
1525673162855305217
1525673172116422659
1525673173664026624
1525673176407199744
1525673178210639875
1525673180504854528
1525673180366524416
1525673181750734855
1525673187543076864
1525673187433844736
1525673188428062721
1525673192832081920
1525673194841153538
1525673197680705537
1525673197437390849
1525673222653595648
1525673226554048515
1525673235547037696
1525673235173363713
1525673238235430914
1525673238625366018
1525673242073124866
1525673243213955072
1525673244711329792
1525673248955965441
1525673248998174725
1525673255478116354
1525673260784013313
1525673262251900928
1525673266458701824
1525673284049723393
1525673302206951424
1525673302575808513
1525673304241102848
1525673305520410624
1525673308016222208
1525673317147058177
1525673321790164992
1525673331218960390
1525673331919159297
1525673334884782080
1525673336012910592
1525673337145409537
1525673337657397249
1525673337896198144
1525673354056826883
1525673360025219072
1525673360075763712
1525673364911599616
1525673365469536257
1525673367826751489
1525673375091261440
1525673376710332416
1525673388018384896
1525673388198567938
1525673389947506689
1525673393592356866
1525673394296987648
1525673397761417216
1525673402027089921
1525673402291322881
1525673409673211905
1525673412793798658
1525673415918727174
1525673415939698688
1525673416187060225
1525673417445298176
1525673430313357312
1525673437028573184
1525673439574597633
1525673444188241920
1525673446620860416
1525673448801959938
1525673458361049088
1525673465818230784
1525673471195222016
1525673478082514944
1525673480410107904
1525673480317976576
1525673481668632576
1525673483488854016
1525673490849796097
1525673493794131968
1525673499297296384
1525673506817593346
1525673508541550598
1525673510303322113
1525673510676340738
1525673513914454022
1525673515894153216
1525673516795891712
1525673517337001989
1525673527386456064
1525673531928891397
1525673535657549826
1525673535078731776
1525673543157141504
1525673544926912513
1525673551583485953
1525673553735000065
1525673554653499392
1525673555429675009
1525673559615492098
1525673562048184320
1525673572181725184
1525673572622016515
1525673572823351296
1525673572844244992
1525673575776423941
1525673577370066946
1525673589550219265
1525673593337569280
1525673595153833984
1525673595405467648
1525673598719037442
1525673605966831616
1525673608579846151
1525673609519411200
1525673610047807488
1525673609787756545
1525673610282733570
1525673613273272321
1525673616750387200
1525673618570616832
1525673620676046848
1525673626892382208
1525673639068282881
1525673640213336065
1525673645066321920
1525673645460410368
1525673651105779712
1525673654855532544
1525673655778349057
1525673657623879680
1525673670818922496
1525673671657938945
1525673673918660608
1525673673964892160
1525673680260538368
1525673685453099008
1525673687554281472
1525673691429879808
1525673692717535233
1525673697331363841
1525673705870958593
1525673716042055682
1525673718449590273
1525673718336212992
1525673726628462593
1525673728868335616
1525673733192667141
1525673734916521984
1525673736053071872
1525673740453007360
1525673745171488769
1525673746211565568
1525673748153749505
1525673749428813824
1525673754537234434
1525673759696379904
1525673766734422016
1525673768848351234
1525673775504695296
1525673775815004161
1525673795457101829
1525673804340506624
1525673805921886208
1525673812208996352
1525673816206213120
1525673818311770117
1525673832010248192
1525673834329808896
1525673837077094400
1525673840688390144
1525673843448336384
1525673846518456321
1525673849777360897
1525673850809335809
1525673857700331521
1525673861525774336
1525673870128201729
1525673872678338562
1525673874888826881
1525673875123707904
1525673877153755136
1525673878659338242
1525673881268547584
1525673883369623553
1525673884715929600
1525673891385028608
1525673896279584768
1525673904446263296
1525673905217605632
1525673909332606976
1525673913518366721
1525673914722041857
1525673921206525952
1525673933344735233
1525673939279675394
1525673939707473920
1525673941133582337
1525673941305638914
1525673944606449664
1525673947508899842
1525673947798323200
1525673948595240960
1525673951980097538
1525673955125764097
1525673958523248643
1525673960326799361
1525673960574156800
1525673965070475265
1525673976369913857
1525673979293360129
1525673983299010560
1525673984565592065
1525673989712105473
1525673990882308096
1525673992438308864
1525673998541021184
1525674004752830464
1525674014462590977
1525674015641284608
1525674016572325890
1525674024952545281
1525674029469818881
1525674031025905664
1525674037996920832
1525674042165968899
1525674048000528384
1525674060243693568
1525674069462507521
1525674077704400896
1525674082368364544
1525674085073952768
1525674086906662914
1525674088265838592
1525674098654846977
1525674098734399488
1525674100953423872
1525674106665979904
1525674111497818112
1525674111854383105
1525674115079995393
1525674116619157504
1525674117936033792
1525674120377208833
1525674141499678721
1525674148374224898
1525674151251435520
1525674159556395008
1525674166866919426
1525674168070586369
1525674174856892416
1525674188073205761
1525674189180612608
1525674192401838080
1525674203239878656
1525674205500411905
1525674210080829440
1525674213008343040
1525674220969152513
1525674230179893251
1525674230926430209
1525674231568248835
1525674234722516992
1525674239180824577
1525674240938323968
1525674253852590080
1525674254519488512
1525674256935288832
1525674260580257793
1525674261310054400
1525674270675898369
1525674271405645825
1525674274668814336
1525674275549618176
1525674278364102658
1525674283573420034
1525674286719041537
1525674287847309314
1525674289390837761
1525674294688219137
1525674296265297920
1525674299473874945
1525674309972279296
1525674310580543488
1525674320906768385
1525674324648026112
1525674331262439425
1525674339286360064
1525674339919712256
1525674341308026880
1525674341475553280
1525674342415224832
1525674345812611072
1525674346202660865
1525674348727738368
1525674350682185728
1525674351097430017
1525674354121449472
1525674356130648064
1525674362480652288
1525674364141707265
1525674371918053376
1525674376976293888
1525674377211019265
1525674379920691200
1525674386950213632
1525674387201998848
1525674398421753856
1525674402234368000
1525674404457365504
1525674420492193792
1525674420882259968
1525674421712715777
1525674427912011776
1525674428423708672
1525674437533585409
1525674443464396800
1525674446983467008
1525674455942430722
1525674458429632513
1525674467451715584
1525674468252831744
1525674471864115201
1525674473973813248
1525674478189027329
1525674481536094208
1525674483356516353
1525674487194103808
1525674494681137152
1525674500783841281
1525674501119299584
1525674505019924481
1525674516520771585
1525674516973867009
1525674524917780480
1525674530081017856
1525674540994543617
1525674541338329088
1525674552218591232
1525674557088182272
1525674559613157376
1525674570891440128
1525674577992593408
1525674581658415104
1525674584527278082
1525674585470865410
1525674591112335363
1525674595776348160
1525674605062590465
1525674609038721024
1525674612075352065
1525674619985874944
1525674630907695104
1525674631767724032
1525674632287748096
1525674633118244867
1525674637669056512
1525674638139076610
1525674638604488704
1525674639141261312
1525674643834781696
1525674644174512128
1525674646162403329
1525674649908039680
1525674655671001090
1525674657923203072
1525674663527206912
1525674666400141313
1525674667716972545
1525674672070836226
1525674678760755201
1525674681206034433
1525674684330672133
1525674684779462656
1525674687157633026
1525674691381575680
1525674695592275970
1525674704941490181
1525674718778605570
1525674724751298560
1525674725971595265
1525674730921115650
1525674731806113793
1525674731814395904
1525674735803064322
1525674739628331008
1525674740102348800
1525674742224920576
1525674743021682689
1525674744862937088
1525674747610116101
1525674758951550977
1525674760994181126
1525674767126241280
1525674768527151106
1525674768640491520
1525674771853221888
1525674782129328128
1525674783244967937
1525674785522343936
1525674786432630785
1525674789255389184
1525674790538858498
1525674797912379392
1525674799753834500
1525674805965598720
1525674806280130560
1525674808004026369
1525674809224355841
1525674814500966401
1525674816707215361
1525674818665709569
1525674818883960833
1525674820343668737
1525674825578123264
1525674826496901120
1525674828623224832
1525674846100889601
1525674848063737858
1525674851406696450
1525674852140691456
1525674857593286657
1525674859954483200
1525674862202724359
1525674865407283201
1525674867756093440
1525674871153369089
1525674874383085568
1525674876132016129
1525674887213469697
1525674888899571712
1525674899234332673
1525674910084997122
1525674911683026945
1525674914858119169
1525674915281752064
1525674915654815746
1525674918326996992
1525674919140511744
1525674931140411394
1525674936320278528
1525674938396450816
1525674943299592192
1525674943437910018
1525674950840815617
1525674951486976000
1525674957597839360
1525674958894014466
1525674966137585664
1525674973586653184
1525674983741177856
1525674999918391296
1525675000228888576
1525675001684320256
1525675005345816576
1525675005811404800
1525675006986010624
1525675015454064641
1525675033661689860
1525675042637594626
1525675049159622656
1525675055945879553
1525675057934397440
1525675059112775680
1525675059981033472
1525675062660956160
1525675062937931776
1525675063084830722
1525675064938893312
1525675074556149761
1525675074606571525
1525675077840187400
1525675091769470977
1525675091979386882
1525675092856156160
1525675096311881728
1525675100351172609
1525675100808400897
1525675101139640323
1525675102787993601
1525675105870815232
1525675118147534850
1525675118281760771
1525675120148234241
1525675121486114821
1525675122757095425
1525675123050786816
1525675123969236992
1525675129719881728
1525675131078688768
1525675132500512768
1525675137856458752
1525675138410225665
1525675142067519489
1525675151068737536
1525675161730617345
1525675165555621888
1525675165765537795
1525675166604197888
1525675166843412481
1525675173797568512
1525675180705521664
1525675184413605889
1525675186187558912
1525675187638874113
1525675204680118272
1525675205590401028
1525675210988453891
1525675217435389953
1525675219213594624
1525675223995060224
1525675229816700928
1525675231456768000
1525675236095627267
1525675237542862849
1525675239119650817
1525675241669804032
1525675242139549697
1525675252805685248
1525675255347306496
1525675256244908033
1525675258262564865
1525675265325731841
1525675268437843973
1525675268769296385
1525675271885533185
1525675272607080456
1525675277157814272
1525675277283921920
1525675290734870528
1525675294652260352
1525675294660521984
1525675299215757312
1525675307021131778
1525675310800306177
1525675312306081793
1525675322187956225
1525675332732338176
1525675334317838336
1525675337895620608
1525675339627765761
1525675344761593857
1525675357105442816
1525675362159669249
1525675364172832774
1525675366328803330
1525675368463605761
1525675371638800384
1525675375225098240
1525675375837253632
1525675378219573248
1525675386117537794
1525675388273364992
1525675388953063424
1525675390269804544
1525675401300717568
1525675402055786496
1525675403779637249
1525675406224859137
1525675407890079745
1525675420401782784
1525675425560772609
1525675427997442048
1525675431201996800
1525675438676135936
1525675440597307392
1525675442266513408
1525675442593751040
1525675443952697344
1525675446108815360
1525675449371746304
1525675459144429573
1525675459186503681
1525675467361210369
1525675469575790592
1525675469185622017
1525675475376513024
1525675488165122048
1525675488177430535
1525675495278448640
1525675495307636737
1525675496691965952
1525675499221139460
1525675505189625857
1525675515025100800
1525675517621551106
1525675518007226369
1525675521362866177
1525675523782975488
1525675524063997952
1525675525670600708
1525675526672769025
1525675530355412997
1525675542569226244
1525675547665534976
1525675560046845954
1525675568666222592
1525675571669245954
1525675574189912069
1525675574643269632
1525675575796547586
1525675580624084992
1525675580137644033
1525675585820844032
1525675585799790594
1525675590996611075
1525675594675113986
1525675613264105472
1525675613515927554
1525675615915229184
1525675622747766784
1525675630192467968
1525675634747486209
1525675634466226177
1525675641164730368
1525675643677159425
1525675645052801026
1525675646768271361
1525675650794807299
1525675652879220737
1525675658906636288
1525675661565870080
1525675665894539265
1525675666276253696
1525675667106729989
1525675667261644801
1525675673372790787
1525675675449008128
1525675686664540160
1525675690187800577
1525675691836026881
1525675695241936896
1525675697036922880
1525675698572169223
1525675698278780930
1525675707149746176
1525675707141087234
1525675711150936066
1525675726464237569
1525675726514659332
1525675738355187716
1525675740380921859
1525675741542686721
1525675744432619522
1525675745334403074
1525675746622160896
1525675751642923008
1525675752745730050
1525675753307774977
1525675754742091776
1525675756252061698
1525675756697063424
1525675760131813376
1525675764208869378
1525675766981304320
1525675776535928832
1525675787151724545
1525675799638327299
1525675802226053120
1525675802561351681
1525675806026084352
1525675805879087104
1525675809050185728
1525675817438543872
1525675819921997824
1525675822517993472
1525675823541284864
1525675823629467648
1525675825877635072
1525675833905582085
1525675835021176833
1525675835789037568
1525675839551156228
1525675842910703616
1525675843707617280
1525675851844567040
1525675852964499457
1525675858270343168
1525675861403385856
1525675865971073024
1525675866092896257
1525675866679914497
1525675874049212417
1525675878243618816
1525675878541312001
1525675880802033664
1525675881255288832
1525675881351487488
1525675884606267392
1525675898745282560
1525675899458179072
1525675901173768200
1525675902721458177
1525675905095442432
1525675913785901057
1525675916487188480
1525675916470386688
1525675917749755904
1525675923546456064
1525675923776978945
1525675936930320384
1525675938565853184
1525675939765669889
1525675940336091139
1525675941195698176
1525675945931067393
1525675946124124161
1525675947164413952
1525675950624624641
1525675954240102401
1525675956148400129
1525675957209559040
1525675958157594627
1525675966454026241
1525675967024205824
1525675976625074176
1525675979980656641
1525675980538400768
1525675985487667200
1525675988419756032
1525675994127949825
1525675994215985152
1525675995948371968
1525675997416374273
1525675998959878145
1525676004856852481
1525676007398703104
1525676009281961985
1525676013677584386
1525676029104345093
1525676031281008640
1525676034338717698
1525676035227930626
1525676035165110273
1525676048398032896
1525676049173970946
1525676061660286977
1525676067335413760
1525676068589518848
1525676069348847616
1525676076546015234
1525676077128900608
1525676089107963904
1525676092220227585
1525676117172137984
1525676117474123776
1525676131684429826
1525676133940854786
1525676136402980864
1525676144472858625
1525676144976089088
1525676146985254914
1525676147295633409
1525676154136711170
1525676155180879873
1525676155881328642
1525676160675459072
1525676163384877057
1525676170850729985
1525676171475791872
1525676177813295104
1525676178920681472
1525676179847532545
1525676180275445761
1525676182217363456
1525676183026692097
1525676192510140418
1525676193583878144
1525676198352896001
1525676203553656832
1525676204191141888
1525676207055986690
1525676208414937089
1525676211774660608
1525676216367185922
1525676219089534979
1525676219571765249
1525676221803028480
1525676223741009920
1525676223955091456
1525676227352219648
1525676230120456194
1525676231433265153
1525676237099778048
1525676239972839426
1525676240740528128
1525676241684160512
1525676242057543680
1525676244133715968
1525676249372295168
1525676252043956225
1525676255336574976
1525676259786870786
1525676265394606087
1525676276790722560
1525676281089642496
1525676284658999296
1525676284289990656
1525676285887905797
1525676286605238273
1525676303038525442
1525676305785798656
1525676306729521153
1525676314505711616
1525676316145631234
1525676317907238913
1525676319295643648
1525676320125906944
1525676323972464640
1525676325012381696
1525676326434353152
1525676336353787905
1525676347280203776
1525676350228643847
1525676351545413632
1525676353122705410
1525676356037537792
1525676359242203137
1525676363222773760
1525676364652855298
1525676364812193792
1525676377466445825
1525676377705431043
1525676380540784640
1525676381656363008
1525676385045340161
1525676389642694656
1525676391995678721
1525676397192261633
1525676397758451712
1525676398093996033
1525676399327162369
1525676401881489410
1525676402913292288
1525676404494544896
1525676407426363392
1525676415835951106
1525676420088864770
1525676421993070592
1525676429383548928
1525676429567991809
1525676435322675200
1525676436450836480
1525676437671247872
1525676437872816128
1525676443027525632
1525676445556781058
1525676445367996416
1525676449138675712
1525676452640858117
1525676452770766848
1525676459628560384
1525676460169523201
1525676464791859201
1525676465383251968
1525676468805808129
1525676470282108929
1525676490255388672
1525676492658642946
1525676498174283778
1525676508039286784
1525676510300053504
1525676512468410369
1525676514414583809
1525676516381802496
1525676517824548865
1525676518776528896
1525676530856251394
1525676533481889793
1525676536376041474
1525676540259966976
1525676550493962241
1525676554239590402
1525676556647006208
1525676557636775936
1525676559822114816
1525676560820457473
1525676567451602945
1525676578088402944
1525676582802710530
1525676587483648000
1525676595171803136
1525676596593664004
1525676601693831169
1525676603103186945
1525676603723812865
1525676612292943873
1525676614373322753
1525676619695853569
1525676626033483778
1525676632325115904
1525676636531740672
1525676638389776384
1525676644651962370
1525676646258335745
1525676646778474496
1525676658698878976
1525676671147425795
1525676678776758272
1525676679724773376
1525676681838706689
1525676684351098887
1525676685869424640
1525676697022042115
1525676697021845504
1525676701686054915
1525676706232561664
1525676706543161345
1525676713191133184
1525676714172506113
1525676715074367491
1525676718446583808
1525676719465648129
1525676741359857664
1525676751929716736
1525676755230539779
1525676759810772992
1525676760620204033
1525676760985108480
1525676764277755904
1525676765548810249
1525676766530097152
1525676766978883585
1525676771932266496
1525676773874311169
1525676781684109313
1525676792920563713
1525676795386732544
1525676798066864129
1525676810679291904
1525676816098332673
1525676823744598017
1525676825602535424
1525676844523061250
1525676846444171264
1525676854916415491
1525676863175409664
1525676864135643141
1525676864471187456
1525676869412081667
1525676881856630784
1525676892753379328
1525676904073904129
1525676906267435008
1525676909316669440
1525676918586187777
1525676922293854209
1525676922537230337
1525676940996366336
1525676947258462214
1525676948676132865
1525676954111860739
1525676958067064832
1525676965637890048
1525676971031674880
1525676981404172288
1525676986294673409
1525676990225076224
1525676995459399680
1525676995710951424
1525677002069626880
1525677002455392257
1525677003650654208
1525677005504585729
1525677012492472320
1525677013196894209
1525677015675944960
1525677032243437569
1525677035204509696
1525677041395326977
1525677050656604161
1525677055840591872
1525677059023978498
1525677061574168576
1525677062517936131
1525677063180541952
1525677063524458496
1525677065269149696
1525677068666736640
1525677073188016128
1525677076606373888
1525677081933139968
1525677083741011968
1525677089361477632
1525677099809394688
1525677105874337792
1525677107300507650
1525677111884754945
1525677116209127424
1525677118469951488
1525677129236504576
1525677130830557187
1525677131409281024
1525677132969652226
1525677156285792257
1525677164191948801
1525677165085446144
1525677167027359745
1525677168809811968
1525677179190788096
1525677179677335553
1525677179442384896
1525677188376322048
1525677196957868034
1525677202033225728
1525677207250665473
1525677218831155200
1525677218914893824
1525677225693126659
1525677240721211393
1525677241925087232
1525677243053350919
1525677245490204672
1525677248166170624
1525677252918362112
1525677256034635778
1525677257737613312
1525677260702986240
1525677264481882112
1525677267992592385
1525677269800390657
1525677277798731777
1525677283922542594
1525677286707576832
1525677291136761856
1525677296580849664
1525677296496979968
1525677298686603269
1525677299609247744
1525677307121262595
1525677313064587267
1525677320165642241
1525677327610355713
1525677331909693440
1525677332303958017
1525677332438073346
1525677339358765058
1525677339950161920
1525677353954955267
1525677354223144961
1525677359986360320
1525677374251012099
1525677376373673984
1525677384380436480
1525677384829214720
1525677388272742400
1525677389191294982
1525677393230172160
1525677395155505154
1525677397009477632
1525677404022362113
1525677414214410240
1525677418425507840
1525677423186087937
1525677424419098625
1525677431444713472
1525677431759282177
1525677433449754625
1525677439887650816
1525677445852143617
1525677450616635392
1525677459638628357
1525677464193683456
1525677477749698561
1525677483072290817
1525677497572024320
1525677500935745536
1525677504400347136
1525677528869896195
1525677529691918336
1525677538529484809
1525677539695501312
1525677551099723776
1525677553901522946
1525677559920447488
1525677563242336257
1525677566593474560
1525677571140116480
1525677573346304002
1525677581990862848
1525677586751246338
1525677588164714496
1525677590199025665
1525677590517891072
1525677596540796928
1525677604245839874
1525677607467077633
1525677611346759681
1525677617713754112
1525677623178940417
1525677625129066502
1525677632775507968
1525677633123536897
1525677635371773953
1525677637976350720
1525677642707501056
1525677647082438657
1525677651020509184
1525677656355766273
1525677656452255744
1525677656489992192
1525677657458982913
1525677668938952704
1525677670855589890
1525677694406782976
1525677696071610368
1525677698072313856
1525677700890955776
1525677705722740737
1525677711334813698
1525677716997083136
1525677718574071813
1525677723921682434
1525677734994878467
1525677735338729472
1525677736689287169
1525677737020727296
1525677739902218240
1525677740720066560
1525677745111330816
1525677746860576768
1525677750895251456
1525677752082477056
1525677755295272962
1525677755731521536
1525677756352167936
1525677757992038400
1525677759980310534
1525677761351802880
1525677761741869056
1525677762073313280
1525677764132720640
1525677769153122304
1525677788820344837
1525677796500070400
1525677799725486082
1525677804716642304
1525677805131993088
1525677807040331777
1525677809686937601
1525677810651627522
1525677813457731584
1525677817555468290
1525677824333447168
1525677830457241600
1525677832415879168
1525677837302251523
1525677840414670848
1525677848719200256
1525677855421521920
1525677857422336002
1525677863634083845
1525677869871013888
1525677872056217602
1525677873415106561
1525677879815700481
1525677879966810112
1525677888044924930
1525677903110737920
1525677904046215169
1525677908052029440
1525677921763225600
1525677929224581120
1525677940750548992
1525677945016180736
1525677946744324096
1525677948103053313
1525677948791140353
1525677952167333888
1525677956202479617
1525677957938823169
1525677964960186368
1525677967531290631
1525677972547461120
1525677979438927872
1525677983176224768
1525677983931027458
1525677987177369601
1525677992625700864
1525677994701905920
1525678002587127808
1525678006982803458
1525678008228519936
1525678009713295364
1525678010015404039
1525678012145999872
1525678012825579520
1525678020303855617
1525678025123287040
1525678026058792960
1525678026419216384
1525678027904012291
1525678029678120960
1525678030844317697
1525678046379925504
1525678050687406081
1525678072741109760
1525678076339884032
1525678082861965319
1525678089052692481
1525678089463808003
1525678091770675200
1525678097558904832
1525678103556661249
1525678104286478337
1525678108791255044
1525678119344033792
1525678122166669313
1525678129813114881
1525678130102521857
1525678131536875520
1525678133093011456
1525678139409670146
1525678140785319936
1525678141401964544
1525678142547009537
1525678144182689792
1525678144698695680
1525678147051696128
1525678151803731968
1525678160825548800
1525678165124861955
1525678165921775617
1525678166194327557
1525678167788503041
1525678175472463872
1525678178227965952
1525678181063065600
1525678184103936001
1525678191918063617
1525678192236847104
1525678195986427906
1525678202177339394
1525678203154702337
1525678207894052865
1525678210629124096
1525678213724311553
1525678226764443649
1525678227339022336
1525678240836239360
1525678242619097088
1525678245819125760
1525678252865601539
1525678262294196224
1525678264437596160
1525678274508120064
1525678279893651458
1525678281768505345
1525678283945390081
1525678287502118912
1525678303255969792
1525678304828997633
1525678321136283648
1525678326345613312
1525678328098742273
1525678347321483264
1525678348503961601
1525678353851768833
1525678355189837824
1525678363779661825
1525678366091022342
1525678367609061377
1525678369584451585
1525678377264463872
1525678404745367554
1525678405269737472
1525678408457494528
1525678408952229888
1525678412861513728
1525678417244573696
1525678417382936576
1525678417840115713
1525678420063141889
1525678431215595520
1525678436584407040
1525678440656953345
1525678442800369665
1525678442808651777
1525678443710513152
1525678443857424384
1525678445513936897
1525678447938379777
1525678451927224320
1525678454645071872
1525678457354592256
1525678458617094144
1525678466728853505
1525678467555155969
1525678472189706240
1525678485708185600
1525678490015571974
1525678491223597056
1525678499637387264
1525678500686049280
1525678501537501185
1525678507187228673
1525678510328586242
1525678515089203200
1525678526757851137
1525678538757509120
1525678539231662081
1525678542884950016
1525678555262111745
1525678557330120705
1525678563143340032
1525678567882989569
1525678568134565888
1525678569141190656
1525678571083419648
1525678574623084544
1525678580780486656
1525678595338866689
1525678597310119936
1525678600250327041
1525678606118174722
1525678608752443392
1525678609469276161
1525678611516235776
1525678615572099072
1525678622178168833
1525678621616218112
1525678623289663493
1525678638900948992
1525678639798427650
1525678645355827201
1525678651441913856
1525678681334505472
1525678681540251648
1525678682316197889
1525678690776006656
1525678691619061760
1525678699479240705
1525678700800671744
1525678702893228032
1525678705221042177
1525678708803117056
1525678712083062785
1525678716667535362
1525678732014395394
1525678732907773953
1525678736296890370
1525678736485625867
1525678737009827842
1525678743750066176
1525678744093855744
1525678750762864640
1525678755116732416
1525678755619930113
1525678757809364993
1525678758560034817
1525678760275550208
1525678761110298625
1525678761781362693
1525678769738235904
1525678775849058304
1525678776402706432
1525678776625111041
1525678786750070786
1525678794509537280
1525678795088445440
1525678800377417729
1525678801782558720
1525678803506298880
1525678804181651456
1525678809697206275
1525678814655037441
1525678816001130496
1525678816345169920
1525678817318141953
1525678821017497600
1525678822951092224
1525678824826015744
1525678828705677313
1525678837387956226
1525678841154486272
1525678842941087744
1525678844866338816
1525678845956788225
1525678845977935872
1525678860473208832
1525678861442289664
1525678869159759873
1525678874318688256
1525678880979226629
1525678881897951234
1525678888386543616
1525678888931688448
1525678899434336256
1525678901737005057
1525678908225556480
1525678910435954690
1525678911350263811
1525678915930537985
1525678919046909957
1525678929368915968
1525678929754857472
1525678930253979649
1525678934171451393
1525678944099479553
1525678948029546496
1525678951447859200
1525678956959211520
1525678958523469824
1525678971362414594
1525678974445182976
1525678974717796352
1525678974872993792
1525678983563599872
1525678983798472704
1525678985832800257
1525678986310963201
1525678987434938369
1525678998306570240
1525679005260664832
1525679005650649090
1525679006569357312
1525679014614114304
1525679017373728769
1525679020884598791
1525679021819891712
1525679025187848195
1525679032473460736
1525679032523702272
1525679039490543618
1525679046247346177
1525679055525273605
1525679056318083073
1525679058666897408
1525679063586709505
1525679078518530048
1525679080485560320
1525679081995456513
1525679087766732800
1525679094691778560
1525679108771811328
1525679110269173761
1525679111665901569
1525679113968680961
1525679121551990785
1525679135968079872
1525679136802426881
1525679149574127616
1525679149544640512
1525679149955928066
1525679162090041345
1525679165936115715
1525679167710412801
1525679169413193729
1525679172340879361
1525679177407819777
1525679178758164481
1525679180100341761
1525679180096184320
1525679193849319425
1525679197330386945
1525679198286884866
1525679198047567872
1525679203018059776
1525679209926037505
1525679211666624512
1525679219560390656
1525679221271629825
1525679225289773057
1525679227303075841
1525679237398769664
1525679245850292224
1525679261507637248
1525679263072100353
1525679270999252992
1525679275491352579
1525679278704185344
1525679280419590144
1525679280428285953
1525679289953304576
1525679299013009416
1525679305736470529
1525679306080280577
1525679306663403520
1525679306881499138
1525679306977861632
1525679309372923905
1525679310451134464
1525679314699689984
1525679315228282882
1525679322157428737
1525679339584602113
1525679342788960257
1525679348237205505
1525679356382789632
1525679363546554368
1525679368311283712
1525679370127409152
1525679374665662468
1525679380793544705
1525679383792562178
1525679384744677378
1525679387269636096
1525679392478871552
1525679395117010944
1525679396392435713
1525679397600108550
1525679401941221376
1525679402801311744
1525679407855046656
1525679409625460737
1525679424410210304
1525679425706139649
1525679426444435461
1525679428197654529
1525679444047831040
1525679464880824321
1525679477505785861
1525679484921331722
1525679495704764417
1525679500721156097
1525679504294821889
1525679512050192385
1525679513845252097
1525679518287114248
1525679533344497664
1525679534351306752
1525679534581981184
1525679537832566786
1525679538432352256
1525679538595934208
1525679538650304513
1525679541410480128
1525679542513311744
1525679547575844866
1525679555750526977
1525679564613361664
1525679565804281861
1525679571978399745
1525679574255812608
1525679576797417473
1525679579389730816
1525679583185485827
1525679590194167808
1525679590471094274
1525679594983915520
1525679596380766209
1525679604333166592
1525679605406912512
1525679606036037632
1525679614458318848
1525679640223928321
1525679641138040833
1525679652697690113
1525679662961131520
1525679669743390723
1525679671186178048
1525679673455398912
1525679673778360324
1525679673950228480
1525679678870241280
1525679700676321281
1525679703645999107
1525679712873619456
1525679714957987841
1525679716170080256
1525679728128139265
1525679736097230848
1525679741981761536
1525679742845915136
1525679744590692355
1525679745068834816
1525679745861660672
1525679747983974402
1525679750026608641
1525679762651348992
1525679763012079616
1525679765507776514
1525679768724963329
1525679771384004608
1525679771794939907
1525679773606887424
1525679777272700928
1525679778510118912
1525679783912144897
1525679797258620928
1525679799930212352
1525679808486658048
1525679809971503104
1525679810437169155
1525679812366553088
1525679819232628736
1525679819572359169
1525679837083742208
1525679843391725568
1525679855181889536
1525679861603479552
1525679865730437120
1525679866133196801
1525679867739643904
1525679873347428352
1525679874253414401
1525679880385486850
1525679881081733121
1525679883242082304
1525679889235443712
1525679899448598528
1525679900371345408
1525679901180891138
1525679901872898048
1525679903592488961
1525679906058915841
1525679915966038016
1525679927273541632
1525679928888512512
1525679932998918144
1525679933502238720
1525679933657260032
1525679943392366593
1525679949625147392
1525679951550238721
1525679951499894785
1525679956365148161
1525679960135897088
1525679961562091520
1525679961444495361
1525679961964744704
1525679968402931712
1525679970378559488
1525679970739159041
1525679973075456001
1525679975143178242
1525679988170575873
1525679989420707842
1525679994877292544
1525680006495580160
1525680006491525120
1525680010589310979
1525680018126274560
1525680019518922754
1525680028905766914
1525680029677633537
1525680035092320257
1525680041329295362
1525680041648087040
1525680042273284096
1525680044391137280
1525680050711932928
1525680050649055233
1525680066126020609
1525680067178901506
1525680068764352514
1525680078008508418
1525680080156078081
1525680086002933760
1525680087374381056
1525680098636079104
1525680112255090688
1525680117632143361
1525680119158919169
1525680120836476928
1525680125626417154
1525680128851947520
1525680131930570752
1525680138708557824
1525680140881170433
1525680141376143361
1525680143343181824
1525680146883166209
1525680150393888768
1525680151282974721
1525680152968982528
1525680154667892737
1525680154869059585
1525680157943640065
1525680169205256192
1525680175706386432
1525680176641847298
1525680179607224322
1525680180374683649
1525680183167987712
1525680189547634688
1525680191372238849
1525680192760320001
1525680199425314817
1525680203837624322
1525680204127010818
1525680204286504961
1525680212603813888
1525680215799758849
1525680217938874369
1525680218114969600
1525680218723303427
1525680229804654592
1525680231910096898
1525680232954568705
1525680247437414401
1525680256744665091
1525680260502945792
1525680282476630016
1525680300344455168
1525680303855091718
1525680304777617409
1525680306585575424
1525680307927625729
1525680309798219776
1525680312423813123
1525680318069497856
1525680328131624960
1525680330945875968
1525680331549990913
1525680332321607680
1525680342916554752
1525680342996164609
1525680346913591302
1525680348084207616
1525680353909915648
1525680353943363584
1525680359173652484
1525680359962300419
1525680372935163904
1525680379289640960
1525680383739699200
1525680388852416513
1525680390425518085
1525680393365643269
1525680393755807744
1525680400386998272
1525680401464840192
1525680409912037376
1525680410033696768
1525680410402902016
1525680412437127170
1525680414794334209
1525680422209957888
1525680425598963712
1525680429000433666
1525680432691527681
1525680434306244609
1525680434788585472
1525680436055265280
1525680436181098497
1525680439674929152
1525680441939877888
1525680444053897216
1525680445945483265
1525680447245647874
1525680447363158017
1525680449070284801
1525680452333449217
1525680453943865344
1525680457249132545
1525680457395982336
1525680457601363969
1525680460440936453
1525680464878374912
1525680467093114881
1525680467357360128
1525680467437051906
1525680467978199041
1525680471014793223
1525680480871501824
1525680482905645056
1525680490757271552
1525680494712705025
1525680497741168643
1525680514635427842
1525680518972551169
1525680519232495616
1525680522499858432
1525680522638278656
1525680526602153984
1525680528900648960
1525680530661990401
1525680530817261569
1525680533744795650
1525680536865320960
1525680539633688576
1525680542007574530
1525680542183698432
1525680545593704451
1525680560840089602
1525680564916957185
1525680570906427392
1525680572751912960
1525680578414227456
1525680581551570945
1525680582688129025
1525680585355706368
1525680590309183492
1525680590900666370
1525680591378817025
1525680591412273152
1525680593425403904
1525680595220811776
1525680598194573312
1525680599897214976
1525680601356857344
1525680601562505216
1525680601990307840
1525680602384433152
1525680602732810241
1525680605010493440
1525680607434780674
1525680617387708416
1525680623536463873
1525680628125118464
1525680630125715458
1525680637423898624
1525680642318548992
1525680645883801601
1525680645955112960
1525680658315628546
1525680658781200384
1525680668042067968
1525680670047145984
1525680673712914432
1525680679635324928
1525680681019400192
1525680702942945281
1525680707594592256
1525680712422244353
1525680735373230080
1525680752096161792
1525680752662581248
1525680753983467520
1525680755170545664
1525680761382154241
1525680772543307780
1525680784388022272
1525680798069731328
1525680798833205248
1525680806521450496
1525680814519750656
1525680830676226049
1525680835416006656
1525680841237708800
1525680850641244161
1525680851111100416
1525680853761892352
1525680875152842752
1525680876964937728
1525680879774879744
1525680879971885058
1525680880269660161
1525680882912305153
1525680884904775680
1525680889199566849
1525680891686977537
1525680893846769664
1525680897038487552
1525680925232795650
1525680927552245761
1525680931977060352
1525680937060560896
1525680943461179392
1525680949849165826
1525680953909301248
1525680955628867585
1525680965485441024
1525680966445850629
1525680970782892034
1525680970879361024
1525680971810426880
1525680975790972931
1525680976428408832
1525680976776552448
1525680978504589315
1525680981906276352
1525680987522355200
1525680995764252674
1525680996674322433
1525681006128377858
1525681006572863489
1525681010641448960
1525681022238461952
1525681025342480384
1525681029234982912
1525681058779471873
1525681066157215746
1525681078517698561
1525681087405596672
1525681097270513669
1525681097702625280
1525681101837963264
1525681104463593472
1525681107135614977
1525681113456320514
1525681116505681920
1525681121429704705
1525681124713943040
1525681129302392832
1525681130803826688
1525681145345622016
1525681153792806912
1525681159111380992
1525681164316450822
1525681165423763456
1525681167499943936
1525681171690037248
1525681174483505154
1525681174844215298
1525681176706424832
1525681178111528961
1525681182075125760
1525681189063118848
1525681202644111360
1525681203667316737
1525681216783007744
1525681217970089985
1525681220561928192
1525681221791109123
1525681231983091712
1525681233119678464
1525681233899970560
1525681235758002176
1525681237595410432
1525681238262038528
1525681239042277377
1525681240531210243
1525681242305400832
1525681243727306752
1525681249561493504
1525681250031263744
1525681258059153408
1525681261871783936
1525681267810873344
1525681274345689088
1525681282096709638
1525681284441333762
1525681285884174337
1525681287763214336
1525681301260488706
1525681307883294720
1525681308046860290
1525681308386705408
1525681308529217536
1525681318738243585
1525681319996362753
1525681324165582848
1525681326040436736
1525681327068090369
1525681331539259392
1525681340737277953
1525681342742155264
1525681346168950784
1525681351487283200
1525681354939187206
1525681365190311938
1525681371603161088
1525681373003907072
1525681375659032578
1525681375973720064
1525681377664184320
1525681387000446976
1525681397536628736
1525681400925458432
1525681405615042560
1525681407959384066
1525681411629453314
1525681416691781632
1525681417438605313
1525681437701283841
1525681439764783104
1525681440893112321
1525681443833192449
1525681445221634049
1525681445813075968
1525681454927052800
1525681455942483973
1525681458005909504
1525681458001719296
1525681465194782720
1525681468374228992
1525681473105297408
1525681484450832385
1525681486392860674
1525681487709933568
1525681489823907842
1525681490994073601
1525681496702562304
1525681497813856256
1525681505867075584
1525681509973209091
1525681514587078659
1525681517690621953
1525681523105710081
1525681527010598913
1525681528142843904
1525681528247705601
1525681535600435200
1525681538549141504
1525681545133969409
1525681550423166978
1525681553489133568
1525681557570105344
1525681561059876864
1525681562464817152
1525681562800513027
1525681571566608385
1525681571717599232
1525681576088113152
1525681575945555968
1525681579359543300
1525681580366241793
1525681582643757057
1525681587622395905
1525681590952525826
1525681592026271744
1525681595822243840
1525681611622305792
1525681617796202496
1525681623152226304
1525681626637692928
1525681630823829504
1525681637475995648
1525681639254380544
1525681644283174912
1525681654479609863
1525681668123676672
1525681668467478528
1525681673941225473
1525681677497933824
1525681680597794816
1525681683315531778
1525681687585337346
1525681692404551681
1525681692928884736
1525681693461446656
1525681694052859906
1525681695810146307
1525681696393162753
1525681702277984257
1525681702793891840
1525681708602773505
1525681718266585089
1525681720917467137
1525681740815159296
1525681741352034304
1525681749052862464
1525681749791068161
1525681750197907456
1525681750357299200
1525681751045066753
1525681756279799808
1525681793717919746
1525681793759838208
1525681795974328320
1525681798218498048
1525681799208247296
1525681802932891648
1525681806518980609
1525681811770294272
1525681834339848192
1525681837024202752
1525681837493870593
1525681839200944128
1525681844963917825
1525681845404585984
1525681845953777664
1525681856703758336
1525681858821951488
1525681863649533953
1525681868942692353
1525681883283062784
1525681886160310274
1525681888362373125
1525681901314445312
1525681913901395968
1525681915570823168
1525681918431440896
1525681918544576513
1525681918724820992
1525681920474071041
1525681918548684800
1525681926828445696
1525681932004122624
1525681936005480448
1525681938459238402
1525681944549330945
1525681946491092992
1525681947854655488
1525681960869314561
1525681963193053185
1525681965994807297
1525681970272952320
1525681972529463297
1525681972860932096
1525681973313798145
1525681979550838784
1525681984139411456
1525681987021053952
1525681994528587776
1525681998349598721
1525682004900974593
1525682005043777536
1525682006977298433
1525682007686144001
1525682009070260226
1525682012325027843
1525682012454981633
1525682016569761793
1525682020407558147
1525682025499348992
1525682025272836097
1525682029106450432
1525682031312748545
1525682032977887235
1525682047980777473
1525682052254810112
1525682054846980101
1525682057015443458
1525682059364208642
1525682061230620673
1525682065655492608
1525682066402299904
1525682068541284352
1525682068881297408
1525682077122940928
1525682079769427968
1525682080335601665
1525682080629280768
1525682081048969216
1525682081501958144
1525682083376549888
1525682085888937984
1525682088254504960
1525682100573069314
1525682100548009984
1525682110564007937
1525682111922982913
1525682120001212416
1525682124644265984
1525682127542566921
1525682128519843841
1525682128909910016
1525682132709830656
1525682134152843264
1525682138128990214
1525682141203271680
1525682144139530240
1525682144860745729
1525682153752866816
1525682154054864898
1525682169846325249
1525682171230539778
1525682172694257666
1525682173185073152
1525682174317436931
1525682176683134976
1525682179887484928
1525682188879921157
1525682191434383361
1525682197428064256
1525682206852653058
1525682222694649856
1525682225781649408
1525682227987849217
1525682233939529730
1525682234224791552
1525682235051212800
1525682251484344320
1525682252063154176
1525682251664707587
1525682251761168385
1525682252813934592
1525682255217106944
1525682256039141376
1525682262137765889
1525682263580712961
1525682280630460417
1525682281155035139
1525682284820582401
1525682285399490560
1525682292689031168
1525682299727224832
1525682300851200000
1525682312284844033
1525682312918212611
1525682314562387968
1525682314805760003
1525682318077218816
1525682319297748993
1525682319423578112
1525682324373110785
1525682327107559426
1525682330895101953
1525682332509904896
1525682336351887367
1525682345260601344
1525682346028154880
1525682350352375809
1525682357650567168
1525682359646945280
1525682368966807552
1525682374373036032
1525682376608665600
1525682381276979201
1525682385865658368
1525682392526209025
1525682392840581120
1525682393981526017
1525682401556500482
1525682406946119680
1525682408103759872
1525682418568425472
1525682431214370816
1525682432544059392
1525682434989297666
1525682440454426625
1525682447194607617
1525682451150143488
1525682455461732352
1525682467214082048
1525682474860576768
1525682483932672000
1525682484217774080
1525682486927310849
1525682487782957056
1525682491557822464
1525682498109181952
1525682500403699712
1525682502878257152
1525682510935506947
1525682515335434240
1525682528635453440
1525682529470238720
1525682529491111936
1525682530338451456
1525682532225802240
1525682535639949312
1525682542548078593
1525682543374307328
1525682552312369152
1525682558557687808
1525682562315730947
1525682563939024896
1525682564077428737
1525682573111959552
1525682576844853253
1525682576912003073
1525682578266673153
1525682583509532673
1525682588341481472
1525682591398957058
1525682593655562240
1525682595727540224
1525682596088270848
1525682610973941760
1525682616640229377
1525682623045050368
1525682623934349312
1525682628636049410
1525682628547989505
1525682637356007427
1525682639524462592
1525682643186098179
1525682655571890177
1525682671480934402
1525682677533360128
1525682678544089088
1525682688618815488
1525682691483619329
1525682693698113536
1525682698832035840
1525682702669824000
1525682706599890944
1525682710567600129
1525682714413674496
1525682717043589120
1525682723813220352
1525682726573047808
1525682740359725056
1525682742435819520
1525682748446642176
1525682751269179392
1525682751566913538
1525682756881350656
1525682757321596930
1525682765727137792
1525682775407443969
1525682776946749442
1525682793048641536
1525682806055124998
1525682816289226754
1525682817702760449
1525682824186998784
1525682829820055554
1525682842986061824
1525682843908722691
1525682845116641280
1525682850380455936
1525682853320720387
1525682859356434432
1525682860296118272
1525682867422081025
1525682868915142656
1525682878700453889
1525682881103732736
1525682881812742144
1525682892050993152
1525682892235489280
1525682897855946753
1525682907586625536
1525682914469588992
1525682915870494721
1525682915698524161
1525682916956639233
1525682929862574080
1525682944127426562
1525682944957943808
1525682957637128192
1525682960732758017
1525682963329032192
1525682964931104770
1525682967154151432
1525682974460628992
1525682983906295808
1525682986141855744
1525682987253350405
1525682992219316225
1525683015631904773
1525683018538655744
1525683019851374592
1525683020442869760
1525683022279884801
1525683023395442688
1525683032505688065
1525683033189367808
1525683033474535425
1525683039698837505
1525683047441612801
1525683050146824192
1525683050792857600
1525683056736083971
1525683056681504768
1525683057830744065
1525683057507942400
1525683064969564162
1525683073953693698
1525683076168400896
1525683087732097024
1525683095000780801
1525683101044822021
1525683103204712453
1525683109865197568
1525683111115141120
1525683111006195717
1525683118178541569
1525683121244491776
1525683128357883905
1525683137761665024
1525683148897628160
1525683156459954177
1525683156690649089
1525683157730828288
1525683159903645696
1525683162097111040
1525683162537394177
1525683165146251273
1525683169399345152
1525683174176595969
1525683175904747521
1525683178387783683
1525683179365048320
1525683180514189313
1525683180870811655
1525683181717839872
1525683187178938368
1525683187850039296
1525683192560336897
1525683193264984064
1525683203993919488
1525683206435090432
1525683207835947008
1525683207936651267
1525683212865138689
1525683220129406977
1525683223338049537
1525683227792400384
1525683230086680576
1525683233098178563
1525683235815952384
1525683235866480640
1525683237661863937
1525683238416502784
1525683246457049091
1525683266350632961
1525683267822923776
1525683268238155777
1525683273640587264
1525683278732304385
1525683281483661312
1525683284759527425
1525683297505927170
1525683298647023617
1525683300446228482
1525683301108920320
1525683311095517184
1525683315730169857
1525683320935292929
1525683325683343361
1525683327537233932
1525683331655946240
1525683334591963136
1525683339428081664
1525683344280788995
1525683344536547328
1525683358185005057
1525683359770353668
1525683361792069632
1525683373167067136
1525683375155077120
1525683376665108480
1525683384613228545
1525683396692828160
1525683398039244800
1525683398563479552
1525683399888805889
1525683401533046784
1525683404762652672
1525683411150589954
1525683416053825537
1525683418071240704
1525683422450049025
1525683424664723458
1525683434961506304
1525683437851791361
1525683440405856261
1525683444201684992
1525683448005816321
1525683448937160705
1525683450489053186
1525683456209870850
1525683464435023872
1525683466150588416
1525683466838462466
1525683466800701442
1525683466838360064
1525683470537826304
1525683478205014017
1525683495774801920
1525683495800037379
1525683496177770496
1525683497263841280
1525683497540911104
1525683500040474624
1525683508198375424
1525683508747784193
1525683512132751360
1525683520076660738
1525683520491896832
1525683522073149441
1525683528574324737
1525683532508540928
1525683535683670018
1525683540968386561
1525683542541455360
1525683551785689091
1525683552234442752
1525683555023695872
1525683563584274433
1525683567774208001
1525683570626510848
1525683572534804480
1525683575110225922
1525683576775360512
1525683579887443969
1525683586208256002
1525683592214589441
1525683600431230981
1525683601446252546
1525683615450791936
1525683624435122177
1525683624745607168
1525683628243664897
1525683629535412224
1525683638234275841
1525683641203957762
1525683644261707776
1525683647357001728
1525683650427232257
1525683652566343680
1525683653141045249
1525683653363245056
1525683657213726720
1525683657968451586
1525683658086129664
1525683666097168385
1525683666755764224
1525683671306477568
1525683675559493632
1525683680504692736
1525683684254302209
1525683685340901376
1525683686124814336
1525683699446124549
1525683701274791937
1525683702927327233
1525683704605155328
1525683708316946432
1525683708996603905
1525683711886368769
1525683715250208768
1525683722934095872
1525683732996317184
1525683741791862785
1525683747575582720
1525683751422132224
1525683755557564417
1525683760263483394
1525683771265122304
1525683773886578688
1525683781193048064
1525683784292741121
1525683787123896321
1525683790953201665
1525683791188082693
1525683796103860224
1525683803058061313
1525683806740500486
1525683810578358277
1525683812021190656
1525683818337796098
1525683833315553281
1525683840865411074
1525683845370191875
1525683851418378242
1525683853775585280
1525683858590556162
1525683867297800192
1525683867608399873
1525683870418538496
1525683875392929793
1525683877284499462
1525683880342106113
1525683882837827585
1525683897886982145
1525683899069784069
1525683918715895808
1525683920607518722
1525683934729838593
1525683938542469122
1525683939414786049
1525683940421410818
1525683941038075905
1525683942711603200
1525683945744248832
1525683953931362305
1525683964714831872
1525683972713357313
1525683978430205952
1525683979776663556
1525683979931815936
1525683980271509506
1525683980556816385
1525683982817546240
1525683988332892160
1525683991805829122
1525684000349642752
1525684002044227584
1525684002644013059
1525684015038087170
1525684015705083905
1525684017168670720
1525684028040433664
1525684030028619777
1525684030703812608
1525684033824382978
1525684037481906176
1525684040136785922
1525684051251712001
1525684054120710145
1525684056104570881
1525684057824182272
1525684058566852608
1525684062089887744
1525684067022295040
1525684071422218240
1525684073133445121
1525684073875787776
1525684076434247680
1525684081970798592
1525684081182355457
1525684082558087170
1525684086395772929
1525684087876268032
1525684091454119936
1525684092779495424
1525684094893531136
1525684104959873025
1525684105974894593
1525684107002404864
1525684108902510592
1525684116137684993
1525684127260876800
1525684130440269825
1525684135016050688
1525684139722264577
1525684142943391744
1525684143463575553
1525684144314916864
1525684144747036673
1525684146986704898
1525684150732083201
1525684156885262336
1525684157807984640
1525684165496168449
1525684172538388480
1525684179522007042
1525684194789187589
1525684201697120256
1525684201810534400
1525684204289331200
1525684216096333826
1525684225210474497
1525684227542482944
1525684229274755072
1525684230310793218
1525684235176116225
1525684237982105600
1525684242935599105
1525684243732385792
1525684248296009730
1525684251873751045
1525684254428082178
1525684256256577536
1525684257322160133
1525684265106583552
1525684272186597376
1525684272388087809
1525684272492859392
1525684273583464451
1525684274573213697
1525684277903515648
1525684284245176320
1525684293434978305
1525684305594396672
1525684306244698112
1525684306445729792
1525684309566300161
1525684315157196800
1525684317413941249
1525684318000992257
1525684326284795904
1525684334904098816
1525684338041532416
1525684340411310083
1525684347545731073
1525684359151460352
1525684363811344385
1525684364473819136
1525684364172042240
1525684365748994049
1525684377035935745
1525684382115176449
1525684399098015744
1525684401765482496
1525684402503794689
1525684406907973632
1525684408472281090
1525684410301161473
1525684430051811328
1525684440785108992
1525684441548455936
1525684455549063170
1525684469830516737
1525684473794543616
1525684479725121536
1525684481289592832
1525684481662693376
1525684481507504128
1525684486142296069
1525684487006343170
1525684492253396994
1525684497651585025
1525684500839161856
1525684512054812672
1525684512872603648
1525684514894258176
1525684529549017088
1525684544262635520
1525684565381087234
1525684565683056640
1525684572301697026
1525684582263279616
1525684594778980352
1525684606195875843
1525684614664265734
1525684626689343488
1525684626836135937
1525684634008297473
1525684635660951552
1525684636927524865
1525684638512988163
1525684643646820356
1525684650986942464
1525684653385990147
1525684653813907457
1525684654153547776
1525684656426868737
1525684657517379587
1525684656712056833
1525684659736219648
1525684660407238657
1525684660730269696
1525684672239394816
1525684675544502275
1525684675431260162
1525684678023323652
1525684679247925248
1525684681378648066
1525684684256071681
1525684690207883264
1525684692590239745
1525684698147500032
1525684703365419008
1525684704271388672
1525684709631590400
1525684710533373952
1525684712584380419
1525684722021847046
1525684726735978496
1525684727172186113
1525684735053287427
1525684740858208258
1525684740954767360
1525684748814848000
1525684750110928896
1525684757027250176
1525684764111405056
1525684766200279047
1525684768779620352
1525684772697169925
1525684773254987777
1525684773435457536
1525684776446922757
1525684776925122561
1525684787691892736
1525684788765634561
1525684788832649216
1525684794176282624
1525684795119915008
1525684797531688963
1525684798890688513
1525684800358494208
1525684801306406912
1525684805572214786
1525684814145368065
1525684819476336642
1525684820919336960
1525684823016493056
1525684822978572291
1525684827562950656
1525684829894987777
1525684837713170432
1525684839097192449
1525684845615136769
1525684848886677504
1525684862467858432
1525684863084658688
1525684874572705793
1525684882898178049
1525684884362100736
1525684893228875776
1525684895330226176
1525684897372938240
1525684898215903233
1525684898111143938
1525684902875865089
1525684908911382530
1525684908798013440
1525684910530371585
1525684912371683331
1525684914502324225
1525684915366420481
1525684920038764547
1525684923742490624
1525684927135682561
1525684931732484096
1525684933964058624
1525684938711961602
1525684945137582083
1525684946152603648
1525684947297640449
1525684956034256896
1525684963592572929
1525684968348962819
1525684973038092290
1525684973843488768
1525684974002765824
1525684991623061504
1525684994135445504
1525685002117201920
1525685003652370432
1525685005095161860
1525685004952649730
1525685008723329025
1525685010443161600
1525685012858798081
1525685013961969664
1525685014469431296
1525685015513817089
1525685017019662338
1525685021734055939
1525685021964640256
1525685024242147328
1525685031137574912
1525685031754158080
1525685036556636160
1525685038645493761
1525685041883488256
1525685043628281856
1525685045066964992
1525685048221093888
1525685049772892160
1525685051945517056
1525685052134240256
1525685054290153473
1525685070387879941
1525685074686902272
1525685079560830976
1525685081028775936
1525685092487532545
1525685092777136129
1525685101597556736
1525685103959187456
1525685104131158019
1525685116202233857
1525685117808787457
1525685122720202752
1525685126310633473
1525685127640236032
1525685127879266305
1525685133348638720
1525685144513925121
1525685145864388609
1525685146661232640
1525685151111360512
1525685152407592960
1525685154123063296
1525685155704209408
1525685156132044801
1525685159307124736
1525685169167880192
1525685170937901056
1525685172573716481
1525685180660334592
1525685183114096640
1525685187820003330
1525685191817191425
1525685192723144705
1525685194279337985
1525685194535370752
1525685195428478978
1525685202458136578
1525685204106588160
1525685208753872898
1525685216194576384
1525685218585325569
1525685220049047554
1525685225354936322
1525685227703648256
1525685228760485888
1525685244854013952
1525685247064653825
1525685246947360768
1525685251044888582
1525685257869086721
1525685258368299008
1525685261824319489
1525685266396106754
1525685267843141632
1525685273425809409
1525685276504469504
1525685276848271362
1525685279490646016
1525685281365676033
1525685281227214848
1525685289166987265
1525685291515797504
1525685297903718401
1525685303742066688
1525685322247438337
1525685326466781184
1525685330753400832
1525685330996862982
1525685331449810944
1525685333257605122
1525685334981414915
1525685339938967553
1525685340979462144
1525685341784526848
1525685342455603201
1525685347614609408
1525685348315062272
1525685349804130305
1525685350978445314
1525685354744926209
1525685361728438273
1525685366618877952
1525685367059644422
1525685368099590146
1525685368099594242
1525685379097059329
1525685380619567104
1525685381597134848
1525685386051104768
1525685386336292864
1525685392883728384
1525685397929738242
1525685405705719809
1525685406032855040
1525685405936340995
1525685406540386307
1525685407861596161
1525685413809164289
1525685415927328768
1525685419949449217
1525685421379833857
1525685421354766337
1525685426220109825
1525685425557233664
1525685435472793600
1525685441743265792
1525685441873473536
1525685441998880768
1525685444473761792
1525685446256300032
1525685448085209088
1525685459493478400
1525685461871730692
1525685468410613761
1525685476123889665
1525685476946071557
1525685481136181248
1525685487775662080
1525685491617652737
1525685497900711936
1525685502724161537
1525685503764443138
1525685504942931968
1525685507639885824
1525685510802382848
1525685516728823811
1525685518062829568
1525685521414070272
1525685523041222656
1525685524270399490
1525685529722900480
1525685532193333248
1525685549113163776
1525685555807375360
1525685560488169472
1525685575990120449
1525685577945067520
1525685579920207874
1525685585675010048
1525685592083705856
1525685594499719169
1525685594667507713
1525685597712556032
1525685599281172480
1525685600845762566
1525685604486463491
1525685607749586944
1525685613642539008
1525685615505076225
1525685619908919297
1525685619766206464
1525685619954950145
1525685625302622209
1525685625428533249
1525685626057654272
1525685626456223744
1525685629601865729
1525685631841488896
1525685637344440320
1525685640691605509
1525685641278791682
1525685642239397888
1525685648132173824
1525685648681750528
1525685650715992067
1525685652393758720
1525685658454355968
1525685662468349953
1525685667459649536
1525685670437875712
1525685688791859200
1525685696090066944
1525685696618545153
1525685702108880896
1525685705082654721
1525685706194145280
1525685707179601920
1525685708928720896
1525685711512342528
1525685720043724800
1525685728901988352
1525685731456339973
1525685732412510213
1525685735591845890
1525685740507648002
1525685741795385349
1525685743246532611
1525685744672485378
1525685745733844992
1525685764914307073
1525685770316828673
1525685778138931201
1525685780974288896
1525685788025008130
1525685788645679104
1525685796329619461
1525685800880508929
1525685803199959040
1525685804634357762
1525685807616774144
1525685818152603649
1525685820992245761
1525685825845047297
1525685838151041026
1525685838167908354
1525685840457916416
1525685841019936769
1525685841280090112
1525685847198208001
1525685850146734080
1525685850457055233
1525685857633861632
1525685857780367360
1525685858577285120
1525685868706824192
1525685873731325955
1525685879829929984
1525685882115727361
1525685887614476289
1525685894719721473
1525685897211035651
1525685902454009857
1525685905943453697
1525685912453013504
1525685915884081157
1525685919893823488
1525685922041323520
1525685927879659520
1525685935492456454
1525685939707826176
1525685943285555201
1525685944610967552
1525685946691330048
1525685947807027201
1525685951145512960
1525685959022501890
1525685960356372480
1525685968816177152
1525685972612136965
1525685973958463488
1525685974373650432
1525685977871618048
1525685980379852800
1525685981977911296
1525685990987288576
1525685991658364931
1525685992442691585
1525685993113899010
1525685993214459904
1525685996704124929
1525686000642662401
1525686002433540096
1525686006225117184
1525686012231417856
1525686017210163200
1525686021421252608
1525686024185466880
1525686024990560257
1525686031688863744
1525686031768596480
1525686032418611203
1525686039305564161
1525686042145091584
1525686047274844160
1525686054803673088
1525686060306550787
1525686070142189568
1525686075716419585
1525686077121609728
1525686079847800833
1525686083933155329
1525686085581414401
1525686087066296321
1525686088991375362
1525686090333667330
1525686092531376128
1525686096763359232
1525686101213687810
1525686105336692736
1525686111431008256
1525686112517345280
1525686114949922817
1525686117982412800
1525686121908273152
1525686122776604672
1525686128325578752
1525686133799124992
1525686143114682369
1525686143282462721
1525686144830152704
1525686145375522817
1525686150949654528
1525686158071681026
1525686160797970433
1525686171312848896
1525686173766717440
1525686182398525440
1525686182415413250
1525686184093138944
1525686184244125696
1525686184818753536
1525686189075968000
1525686189226958850
1525686196369776640
1525686197288374274
1525686208931762176
1525686209929936899
1525686212362633217
1525686214338088960
1525686214917033985
1525686219132358659
1525686219975413761
1525686225952292864
1525686233258528768
1525686241756434434
1525686242217803777
1525686243333398529
1525686245829001217
1525686251130605568
1525686251839492097
1525686254305693696
1525686257350746112
1525686259582046208
1525686259724820480
1525686264774766593
1525686270743220224
1525686270986534914
1525686276904701953
1525686277168939008
1525686281178873856
1525686285985357825
1525686289139236864
1525686298345803776
1525686305224642560
1525686306130599936
1525686309758636035
1525686310370914304
1525686313147670530
1525686321662115840
1525686323192901632
1525686326334369792
1525686331480977408
1525686332554477569
1525686336195280896
1525686336199479296
1525686342583300097
1525686344566984704
1525686346609721344
1525686351185731584
1525686351223570432
1525686366180364290
1525686366796922880
1525686367291850752
1525686370232324096
1525686374728441857
1525686375542149120
1525686384543305728
1525686386678022144
1525686390318583811
1525686395355942922
1525686396337508353
1525686404491186177
1525686414351994881
1525686416835067905
1525686418395340800
1525686426712563712
1525686437403926529
1525686444182110208
1525686446727868422
1525686447491121152
1525686448418172929
1525686449219198976
1525686455720361984
1525686457331068928
1525686458245337089
1525686462922080256
1525686465367359489
1525686467854581760
1525686474259283969
1525686484686217221
1525686494408712197
1525686499852836864
1525686501753102338
1525686507499290626
1525686514000224259
1525686514323279874
1525686521294364672
1525686522971922432
1525686524985364485
1525686529451913216
1525686533596094464
1525686537610047489
1525686545390387200
1525686547290284032
1525686547424727040
1525686552826880000
1525686562805239808
1525686564424130560
1525686566739488773
1525686567246897152
1525686574792466432
1525686575178436609
1525686576906371072
1525686583898558465
1525686584259010560
1525686595059326977
1525686598393810945
1525686598360236035
1525686601300467714
1525686610251206657
1525686614940430336
1525686623714910208
1525686625422000129
1525686631956619266
1525686632006942720
1525686636612313088
1525686643113566209
1525686644191510531
1525686646523408385
1525686653565620224
1525686662210240512
1525686663619436544
1525686665594998790
1525686671194439681
1525686678941224962
1525686679943712771
1525686680908341248
1525686685882793985
1525686694464593921
1525686699480727552
1525686701082955776
1525686707470876673
1525686707806519296
1525686708435550211
1525686717822472193
1525686718485123072
1525686720066355203
1525686723648233472
1525686725967761408
1525686727951757315
1525686728752779265
1525686731361558528
1525686732234149894
1525686738299113472
1525686740857544705
1525686742287896577
1525686747371384835
1525686756825108480
1525686761430691840
1525686763351687168
1525686766715510785
1525686767835402241
1525686768141492234
1525686777360556033
1525686786952941568
1525686791696678912
1525686794129399808
1525686796797063168
1525686797199605762
1525686799779209218
1525686800534147072
1525686800441909249
1525686807698059264
1525686813389643778
1525686814169776128
1525686814756941824
1525686819861499904
1525686822621298689
1525686823300829184
1525686829046980608
1525686830833729536
1525686834767966208
1525686839805345792
1525686842191921152
1525686843517595648
1525686849166987264
1525686851381694464
1525686869186465795
1525686890212491264
1525686895736672256
1525686903076540417
1525686906704609280
1525686910563270656
1525686924094193665
1525686928250703872
1525686934718320641
1525686939017433089
1525686938560106497
1525686951176708098
1525686956289572864
1525686963352870913
1525686978972463105
1525686980243243010
1525686991165263873
1525686992360579072
1525686993044516864
1525687017870397440
1525687021091508225
1525687022077222912
1525687028662165504
1525687028917993474
1525687032986615809
1525687035671248896
1525687038804107264
1525687045661659137
1525687047343702016
1525687058701946883
1525687061939896320
1525687065140248577
1525687075751723008
1525687078398439425
1525687079094861824
1525687084501155843
1525687086933856256
1525687096588918784
1525687098124038144
1525687100858834944
1525687107276181506
1525687108811243522
1525687116059099137
1525687121159278594
1525687121557835777
1525687127777878017
1525687140084027392
1525687141480771585
1525687152348397568
1525687153140826114
1525687153585377280
1525687158421463046
1525687171717419009
1525687174250782725
1525687180387323905
1525687186779144192
1525687187526008832
1525687202478493698
1525687206454493184
1525687207205515265
1525687210409922561
1525687219020877824
1525687221247954944
1525687224657797120
1525687225601728514
1525687226767708162
1525687230052061184
1525687230613708801
1525687231570186242
1525687233805701120
1525687234678095872
1525687237505064962
1525687239157567490
1525687240554323968
1525687242295070722
1525687243775496193
1525687249270079493
1525687250998247425
1525687252600475648
1525687259541954561
1525687261521657856
1525687261878112256
1525687265317601281
1525687266127003648
1525687275853451264
1525687281616568322
1525687291619991552
1525687291426967552
1525687297672417280
1525687300528685060
1525687300730064897
1525687303095599104
1525687305310289921
1525687312482459648
1525687317620396032
1525687319264632832
1525687323475726336
1525687324062777345
1525687336780107776
1525687340668268544
1525687341985193984
1525687343826423813
1525687348247154688
1525687348809302017
1525687355134185473
1525687356610686977
1525687357751676928
1525687358212931585
1525687361341988865
1525687361606238208
1525687370183585796
1525687374730117121
1525687381990510593
1525687382359408640
1525687381738676225
1525687386532896769
1525687386512007168
1525687388479139840
1525687391930814474
