1520206278181728256
1520206280954195968
1520206292475916291
1520206292916219905
1520206294048817153
1520206296896659456
1520206301900554242
1520206302001041408
1520206303427190784
1520206304987336704
1520206306099056643
1520206306359099396
1520206306816184323
1520206316643487745
1520206317142618115
1520206317696307201
1520206321127206914
1520206321425043460
1520206324189233152
1520206329780002816
1520206331189284864
1520206332439277568
1520206335173971970
1520206335857541120
1520206337170460675
1520206341033373698
1520206342547460096
1520206343700889601
1520206348411092992
1520206348662755328
1520206353360371716
1520206357596717058
1520206359005904896
1520206360327110657
1520206364567650309
1520206364932546562
1520206365620412417
1520206365775609856
1520206366677532672
1520206379302141952
1520206382368231424
1520206389020344326
1520206390475825153
1520206396809228288
1520206398906372097
1520206403566280705
1520206406904733696
1520206410381934598
1520206410822426630
1520206412177158144
1520206412282056707
1520206418724413440
1520206423715680256
1520206424386998273
1520206429629595648
1520206433438113793
1520206436910915585
1520206437280059393
1520206441101107200
1520206442275360768
1520206442858434560
1520206443030671360
1520206443055620097
1520206443466608642
1520206444238446593
1520206449183502336
1520206452199403525
1520206455969914880
1520206456791998465
1520206458176118784
1520206461514752000
1520206463112781826
1520206467944624128
1520206468737540096
1520206472260505602
1520206473904771073
1520206474781372416
1520206476060635137
1520206479940329472
1520206482037428224
1520206482670768133
1520206483262218240
1520206484478562311
1520206486072610816
1520206490124103680
1520206491206270976
1520206494326824969
1520206495358590979
1520206497485049857
1520206501868191745
1520206506507096064
1520206507429834753
1520206518465056768
1520206520541229056
1520206524014080000
1520206527012827136
1520206532339802121
1520206534034219009
1520206535401832448
1520206535745544192
1520206536399802370
1520206536479584256
1520206537582645255
1520206540795490304
1520206544293539840
1520206545094598657
1520206545849618434
1520206555911700480
1520206561049825281
1520206562652049409
1520206563536945152
1520206563746713601
1520206576484814850
1520206581270466561
1520206580746276865
1520206583975845896
1520206584785289216
1520206585510965249
1520206587247403008
1520206592205107200
1520206593287143428
1520206594742657025
1520206596030222337
1520206595828989953
1520206595715891200
1520206596734922752
1520206597187940352
1520206602434924546
1520206602418245632
1520206605526368258
1520206607183130625
1520206609204617216
1520206615269584897
1520206616016355328
1520206620684431360
1520206624018817025
1520206624580853761
1520206623913951238
1520206626942328832
1520206627630202885
1520206626829053952
1520206628141867008
1520206631824506881
1520206633061728257
1520206634953359361
1520206641160982528
1520206642318618626
1520206643736240130
1520206666381541376
1520206672668540933
1520206676141514753
1520206678591000579
1520206680105046017
1520206680155381760
1520206685180203008
1520206685327007744
1520206691962396673
1520206692491083776
1520206699650752512
1520206702859149312
1520206703182102531
1520206704033820672
1520206704121683968
1520206704406839297
1520206705744912384
1520206716062810112
1520206716482330625
1520206717891530759
1520206722161426432
1520206722836668416
1520206724040470529
1520206724132659201
1520206727010197504
1520206733985169409
1520206737952944129
1520206740721397760
1520206756089114624
1520206756751855616
1520206757120860160
1520206762221125632
1520206765798871041
1520206766700650496
1520206767913070592
1520206773248053250
1520206778046238724
1520206785004679171
1520206788578222080
1520206798824914945
1520206800389554181
1520206803673534468
1520206810271166464
1520206814243041281
1520206819062386688
1520206820656259078
1520206821109215235
1520206821432119300
1520206821822275585
1520206822975721472
1520206827601944576
1520206829816528896
1520206832295362561
1520206835332296705
1520206835701014528
1520206840830824449
1520206844274356224
1520206844920315905
1520206853711572992
1520206856832131072
1520206856907501569
1520206857972989954
1520206862557274113
1520206867594903552
1520206870539116545
1520206871021375488
1520206877640040450
1520206878311124993
1520206879628140549
1520206880534052866
1520206883742748680
1520206888515911680
1520206894337564673
1520206898217295875
1520206900507385877
1520206900675194891
1520206907973287937
1520206908854095873
1520206911253413888
1520206913379749890
1520206913937580035
1520206914352680960
1520206915380334592
1520206916521275397
1520206918425456642
1520206918404513794
1520206919314587651
1520206923068583936
1520206925656375299
1520206928005238785
1520206935978655746
1520206939225006083
1520206939774504961
1520206942832103425
1520206944304312321
1520206944262316033
1520206947890434050
1520206949987594240
1520206951119998976
1520206961358295040
1520206963338104832
1520206967767281665
1520206968941858816
1520206976268963841
1520206977770704898
1520206985869856791
1520206986616487936
1520206993234956288
1520206993344147461
1520206995248267264
1520206998079475714
1520207005436325888
1520207008108257280
1520207008925900802
1520207009924415488
1520207012306505733
1520207013468418051
1520207015582531584
1520207018707111941
1520207028374937601
1520207028450377731
1520207030040072192
1520207036243271680
1520207036717305856
1520207038755844125
1520207041045966849
1520207042736185344
1520207043076009984
1520207044422545409
1520207047354060801
1520207050864619521
1520207054866108421
1520207055595835393
1520207055931547648
1520207056069931010
1520207059001786369
1520207060994084864
1520207061153423361
1520207061719470080
1520207066626940930
1520207070112665600
1520207072079581184
1520207076382937088
1520207077297168385
1520207081843965954
1520207083009937409
1520207083894943746
1520207084826275840
1520207085086158850
1520207086768070656
1520207089943068672
1520207089976721408
1520207091650211840
1520207094963605505
1520207096893030400
1520207101443944453
1520207102614118406
1520207102945284096
1520207103805526016
1520207104333729792
1520207105277546497
1520207106384797698
1520207111371825154
1520207111937998848
1520207112713953280
1520207113678643204
1520207114878267392
1520207115507355649
1520207115654254593
1520207116178440193
1520207119211020288
1520207119668191233
1520207122293735424
1520207125863342080
1520207125821202433
1520207126869983232
1520207128627228687
1520207131508883456
1520207138718724112
1520207141013016580
1520207140404801536
1520207145098223617
1520207146671124484
1520207148554330113
1520207148906655746
1520207149158305794
1520207149749706761
1520207150194253824
1520207151725223938
1520207152337625088
1520207153449123840
1520207156955525120
1520207160415764492
1520207160998871044
1520207164954009600
1520207167910993932
1520207172537241600
1520207174420647951
1520207175850901505
1520207176198987778
1520207177025265666
1520207182553309188
1520207183929315331
1520207188131786754
1520207192892264448
1520207198063894528
1520207201176014849
1520207202555998208
1520207205429133323
1520207207031263232
1520207209371779074
1520207216518873088
1520207221627531264
1520207224060190720
1520207224638955520
1520207225536536579
1520207225532391425
1520207227315187712
1520207230242631680
1520207233996529664
1520207237628805121
1520207245300097081
1520207247158169603
1520207250840645632
1520207251956453376
1520207252812095488
1520207254531715072
1520207261183979521
1520207261758599169
1520207263201382401
1520207264220655617
1520207268389826560
1520207268687589376
1520207270054961153
1520207273280290816
1520207273397821440
1520207273854910465
1520207275281076225
1520207276556095490
1520207280456744962
1520207284298817557
1520207284479143936
1520207285120909314
1520207287700406273
1520207292423151624
1520207297783517185
1520207298999771137
1520207300937535490
1520207305106542593
1520207309082869760
1520207311339458561
1520207312023171075
1520207313419874304
1520207313449197570
1520207316930465793
1520207318280982528
1520207318813716481
1520207319879061505
1520207320843706368
1520207325210071040
1520207325390377028
1520207325985972229
1520207328704069632
1520207329278537740
1520207329580486658
1520207330570379264
1520207332952756224
1520207335767040006
1520207336694063105
1520207338673782784
1520207338979958788
1520207346387009536
1520207347544694785
1520207347913736206
1520207350975823873
1520207353051856899
1520207353307664387
1520207359875952640
1520207366993588225
1520207371590590466
1520207374707011587
1520207379446575104
1520207379626868742
1520207382428721152
1520207391576530946
1520207393283522561
1520207394634096641
1520207396362235904
1520207396454424576
1520207400283873281
1520207401122766849
1520207405300449280
1520207406738948096
1520207408907227141
1520207412753584129
1520207414808743954
1520207415144235009
1520207417044516864
1520207417149112320
1520207419116298243
1520207419569328130
1520207419535765506
1520207422303969280
1520207423365132291
1520207431053283331
1520207436459749379
1520207437059575808
1520207437894148096
1520207445448138758
1520207448703135744
1520207452717072384
1520207456223301632
1520207457083138050
1520207471767392258
1520207472992075777
1520207474703450116
1520207475877634051
1520207476922236928
1520207477488635904
1520207482248966144
1520207483184287748
1520207483905744899
1520207484618739712
1520207484698472451
1520207487080742914
1520207487240187906
1520207489748381698
1520207503992057857
1520207504168337409
1520207505573482496
1520207513286811650
1520207516562595845
1520207520765198336
1520207522090696709
1520207525110599680
1520207527262228480
1520207529007058945
1520207530026229762
1520207529598464000
1520207532429811713
1520207532442144770
1520207534094749697
1520207540470091778
1520207543561195520
1520207544978919425
1520207552071581696
1520207554676428800
1520207554923671556
1520207561206734851
1520207561957560321
1520207570216140801
1520207571327631360
1520207571369574401
1520207572967559168
1520207573030420480
1520207579313369093
1520207581444284418
1520207581783994368
1520207582178287617
1520207583025504262
1520207585554669568
1520207588478095360
1520207595751022593
1520207603271446529
1520207608233316352
1520207611827793920
1520207618756780034
1520207625341837312
1520207631180353537
1520207643410931712
1520207645264785409
1520207648469225474
1520207649022873600
1520207659076820993
1520207659827404801
1520207666353692673
1520207670833295361
1520207674050285568
1520207674557833220
1520207675790921729
1520207676088668163
1520207678676553729
1520207682673778689
1520207684515028993
1520207688789106689
1520207689229418499
1520207691465076737
1520207695265026049
1520207699430055938
1520207700642172934
1520207701430747137
1520207702944886784
1520207710402322432
1520207720338661378
1520207725048868870
1520207736566435840
1520207739040911360
1520207739875733505
1520207743331835905
1520207748163674112
1520207751414222850
1520207753805021186
1520207753758838785
1520207757995032580
1520207758250975233
1520207760448798722
1520207763544154113
1520207766991904768
1520207768694804480
1520207768359211008
1520207770070433797
1520207777024688128
1520207779557953538
1520207786235371521
1520207787271278595
1520207787854372864
1520207788588290048
1520207789502705665
1520207791134318594
1520207791842992131
1520207792136671233
1520207794485571588
1520207794804346889
1520207798642126853
1520207799518744577
1520207800072290304
1520207807089459202
1520207808075112448
1520207808213315584
1520207809660563456
1520207810268651522
1520207814106529792
1520207816669159424
1520207918586548224
1520207918964031489
1520207919215788035
1520207919756808200
1520207923175170048
1520207925914267648
1520207926295777281
1520207927176577025
1520207932721410048
1520207933539246080
1520207935384788992
1520207936471056385
1520207944318656514
1520207945463922688
1520207947984478209
1520207948898877440
1520207949146333184
1520207949687410690
1520207953235689473
1520207953470672896
1520207958424297472
1520207963243388928
1520207963637563394
1520207964963024896
1520207965642530816
1520207975494918148
1520207978653437952
1520207981928980486
1520207983032033281
1520207989961023488
1520207993241059330
1520207996034371585
1520207999830315008
1520208000203563008
1520208007896133632
1520208008709656576
1520208009003208704
1520208013398736897
1520208017215660046
1520208026132643840
1520208031241416704
1520208032688488457
1520208036077486081
1520208037113389056
1520208039114063873
1520208039688744966
1520208043203514368
1520208043761356800
1520208046038921219
1520208048450584576
1520208055081836545
1520208056054865921
1520208057984299010
1520208059460689920
1520208060257607680
1520208061503320068
1520208064762327040
1520208068172210178
1520208073557745664
1520208075034140679
1520208080121872387
1520208080176304138
1520208080218337281
1520208084244779008
1520208086136406016
1520208086828560392
1520208088820764675
1520208090737610755
1520208093199716353
1520208094466392064
1520208095804370946
1520208105719701505
1520208106424262656
1520208108525658112
1520208113642708996
1520208113974001664
1520208117472108546
1520208121402167297
1520208125810327552
1520208125894270976
1520208127592964098
1520208127974641664
1520208132248592384
1520208133162995712
1520208134421295107
1520208134706540544
1520208136606568454
1520208137604804611
1520208145368457218
1520208145993375746
1520208146391875591
1520208148463763456
1520208148904267776
1520208151622168576
1520208154075746304
1520208154818195462
1520208156776873985
1520208173566676995
1520208180373905408
1520208181133258758
1520208182626430979
1520208183167492096
1520208184979476480
1520208185369444354
1520208186606862337
1520208187923865605
1520208188397821953
1520208189236682757
1520208195347795968
1520208197465919491
1520208199927824384
1520208200586440704
1520208200888463369
1520208201488211972
1520208202079653889
1520208204017246208
1520208205456068608
1520208216625405952
1520208216583516171
1520208223302791171
1520208224305221633
1520208228692500483
1520208231129399298
1520208232328966145
1520208232706641920
1520208234207920129
1520208245536796672
1520208246023278593
1520208250506989570
1520208250741923840
1520208254466506753
1520208257176174592
1520208257410863106
1520208259285721091
1520208263052210180
1520208262993436672
1520208264255971329
1520208267317846017
1520208268643254274
1520208270367113217
1520208277115703296
1520208277589708800
1520208278491435008
1520208281934966785
1520208284061421572
1520208287601414144
1520208288738066432
1520208289434324992
1520208290550063104
1520208298741481472
1520208299567759362
1520208300406628353
1520208303858585604
1520208306022891520
1520208308136726530
1520208308732592128
1520208308841422850
1520208312704409604
1520208314990317569
1520208316982767616
1520208317460721667
1520208319960563712
1520208321260707842
1520208329359994885
1520208333122437120
1520208335827570695
1520208338281283587
1520208340005146624
1520208346519052288
1520208349119328275
1520208351036067840
1520208354722856960
1520208357013192705
1520208359609282560
1520208361848987648
1520208362637606919
1520208365435166722
1520208371424677893
1520208382505979907
1520208385588793346
1520208388881276928
1520208392434122752
1520208395575377921
1520208399715250178
1520208402361856001
1520208415305478151
1520208413988429825
1520208416828006400
1520208416513437698
1520208421655654400
1520208425229115392
1520208435559780353
1520208437417811969
1520208438252511234
1520208443319234563
1520208447337336834
1520208447106654211
1520208450801872898
1520208451657515010
1520208454610210817
1520208457030266880
1520208460549394433
1520208469277790216
1520208473958633472
1520208474369626115
1520208479662784513
1520208486348607488
1520208489020280832
1520208496607862786
1520208497874718720
1520208499732619265
1520208499900248064
1520208511111778305
1520208514504957959
1520208516329390080
1520208517528965121
1520208517457760260
1520208518225313793
1520208521798819842
1520208522717405191
1520208525842329600
1520208528648151040
1520208528857870348
1520208532762673152
1520208532880113665
1520208536529166336
1520208538945134592
1520208545316327424
1520208551926509568
1520208555747704838
1520208559224537088
1520208559148978177
1520208559849590785
1520208564626862087
1520208566493270017
1520208569505034240
1520208571157340161
1520208576438050816
1520208578522533890
1520208581726986243
1520208582838476802
1520208583421579264
1520208583887147010
1520208586684702722
1520208586818867202
1520208586676260868
1520208587465064448
1520208587989135362
1520208588924502019
1520208589478141952
1520208594100174848
1520208596163874818
1520208600647544833
1520208605059895297
1520208607333302272
1520208609040289793
1520208612832038913
1520208617487675409
1520208620683730949
1520208621224837120
1520208622625644560
1520208623091212288
1520208624055902209
1520208625154904064
1520208632595496960
1520208635380514819
1520208641265221639
1520208641407819777
1520208644738015240
1520208646415826944
1520208646617116684
1520208648621940736
1520208657451188225
1520208657618771968
1520208659002843138
1520208659040587776
1520208660747718657
1520208660428996611
1520208663859896321
1520208663864131587
1520208671833300993
1520208673683165184
1520208681262014464
1520208682977431553
1520208683912810496
1520208685863211008
1520208688249720832
1520208692091756551
1520208694784499718
1520208700207681536
1520208700295815177
1520208704494358528
1520208705073070081
1520208711666515968
1520208716133539840
1520208717056258056
1520208717932867584
1520208720256540673
1520208720315424768
1520208722039128066
1520208727357685760
1520208727726559238
1520208730129846272
1520208737054642177
1520208737847615488
1520208738023522305
1520208739525005312
1520208739760017409
1520208739877462017
1520208744382095360
1520208748135989251
1520208749134336002
1520208753550897152
1520208757279825921
1520208765143986176
1520208766796451841
1520208767396196352
1520208768805523456
1520208772358103041
1520208772806983680
1520208777034846210
1520208780578992130
1520208782399356930
1520208790716567554
1520208796014071811
1520208803043713025
1520208803371024384
1520208805593812994
1520208806323568643
1520208809486131201
1520208809767096320
1520208810777919496
1520208811310854144
1520208811684143104
1520208811671396361
1520208813298794500
1520208814720491520
1520208814754127872
1520208814775091202
1520208814892457985
1520208815190327296
1520208827160969216
1520208831413895169
1520208834446438400
1520208840184184835
1520208847243288590
1520208856990760977
1520208860744671235
1520208875575775232
1520208877715091456
1520208880692776960
1520208882286661633
1520208888737509376
1520208891912638467
1520208898149560322
1520208899089043456
1520208903182684163
1520208903706972161
1520208905913122817
1520208908123578370
1520208910292066307
1520208911009300480
1520208911269310465
1520208916281696256
1520208924292661249
1520208928285630466
1520208938985455616
1520208939299844097
1520208941078265858
1520208941074030592
1520208943414657024
1520208944806965250
1520208947277447173
1520208950968397825
1520208952448929795
1520208959218794497
1520208966181081088
1520208965073870848
1520208965921128456
1520208968617975808
1520208969960144897
1520208971990282240
1520208974674468864
1520208975392014342
1520208981431668736
1520208981653925889
1520208981800718336
1520208982018867200
1520208982299795459
1520208985189670916
1520208991997071361
1520208994106814466
1520208995428057089
1520208997416062976
1520208997978185728
1520209002361241600
1520209005704093696
1520209010427052033
1520209012515610626
1520209014948352000
1520209014977662976
1520209015397138432
1520209016919674882
1520209018467278851
1520209028898594816
1520209035785646081
1520209036616024066
1520209042341253126
1520209048322387970
1520209052030091269
1520209053028343808
1520209053674266628
1520209054756450306
1520209056224493570
1520209056451166208
1520209058455855105
1520209066714275840
1520209068652175362
1520209068677283840
1520209079368663040
1520209082753646592
1520209083382611968
1520209084116516864
1520209090470985729
1520209091234304002
1520209091204894720
1520209095357341702
1520209098230607872
1520209103611703296
1520209106711322630
1520209107021668353
1520209108313337856
1520209110037319680
1520209113409626112
1520209116089798657
1520209118686068736
1520209119734648832
1520209125921202176
1520209133051465732
1520209135115116551
1520209136927092736
1520209137317031937
1520209138969903104
1520209143453581312
1520209144044736513
1520209149468069891
1520209156610961409
1520209157026197504
1520209158754250753
1520209159114956800
1520209160507473920
1520209160805179409
1520209161593802753
1520209162025803785
1520209165523816454
1520209169776889857
1520209171651649538
1520209175854333954
1520209177305624578
1520209177859268608
1520209187267039234
1520209190815514624
1520209194221289472
1520209194707832838
1520209196276400129
1520209200999194626
1520209212604829702
1520209214009925636
1520209214538403841
1520209219441545217
1520209222436335617
1520209227142291457
1520209229243731981
1520209232087367681
1520209233505046529
1520209237003038720
1520209248545742849
1520209249758023686
1520209254489153538
1520209258016800769
1520209262114492416
1520209266170343426
1520209272864395265
1520209273455882240
1520209273514602497
1520209275834019840
1520209278337961984
1520209283153027072
1520209286512750592
1520209289868197890
1520209290233061377
1520209291763933185
1520209294934818816
1520209295933157378
1520209306351714306
1520209310256713728
1520209315440779264
1520209315885457424
1520209323854544899
1520209326459265030
1520209327101026304
1520209327205793793
1520209339058774021
1520209343999848448
1520209347778854912
1520209361305546754
1520209361452376067
1520209361716535296
1520209365101383680
1520209366355525632
1520209369224339456
1520209369614495744
1520209373699747840
1520209377369677824
1520209382646382593
1520209385196302338
1520209388685905920
1520209396990627840
1520209401390387201
1520209402984337411
1520209403345084417
1520209411473616896
1520209417869967360
1520209418503491585
1520209420986245121
1520209426023686145
1520209427030237185
1520209427479080962
1520209427600744449
1520209432394805249
1520209437373386752
1520209444981944320
1520209445141323776
1520209446995390464
1520209449377579009
1520209455635439619
1520209456017121281
1520209460232429570
1520209463990534146
1520209465655676929
1520209472890748929
1520209489462448128
1520209494164353026
1520209497041653761
1520209502678757376
1520209503756632066
1520209503794483201
1520209506504003585
1520209507233800192
1520209510702407680
1520209513881784321
1520209518101413888
1520209524845682688
1520209526028480515
1520209527756500993
1520209530327511042
1520209542616920065
1520209546240831493
1520209547243229185
1520209552263856129
1520209557670223873
1520209559373156353
1520209562359705600
1520209576666218497
1520209584664854529
1520209585281409024
1520209592575303681
1520209595205103622
1520209600678707201
1520209601559416833
1520209601576288268
1520209602469584896
1520209605355315201
1520209610614968320
1520209618730954752
1520209620559712257
1520209627354390530
1520209630089158656
1520209636778991616
1520209639689830401
1520209640742653952
1520209644119015425
1520209645918371840
1520209648783171585
1520209650657996802
1520209659818385416
1520209661542248449
1520209664314642432
1520209666235834368
1520209670924914691
1520209671390441473
1520209673944662017
1520209679363760129
1520209683943989248
1520209684409556995
1520209685504266240
1520209685562937344
1520209686464761858
1520209686523482112
1520209688431935488
1520209689144967170
1520209691904815104
1520209693758697473
1520209693305618439
1520209698792026112
1520209699525832704
1520209702365368321
1520209703954878464
1520209706685501441
1520209708203794434
1520209708371615744
1520209708564504581
1520209708547719176
1520209712091996167
1520209712385609729
1520209713002131456
1520209716680577025
1520209723810664448
1520209732874772481
1520209736871948295
1520209736859328513
1520209737572397057
1520209738025345024
1520209738423848961
1520209742462951424
1520209745654820864
1520209746346876933
1520209747705843712
1520209750360735744
1520209750755098624
1520209755083579397
1520209755394179073
1520209760133746688
1520209762113273856
1520209762276851714
1520209776264859649
1520209782908628992
1520209785634832385
1520209790643093504
1520209791615918082
1520209792412889092
1520209798062501888
1520209802558853121
1520209806581284864
1520209807814402051
1520209807910871042
1520209813543739392
1520209814030368768
1520209814433026050
1520209821051789312
1520209823694036992
1520209823995990018
1520209825145454592
1520209825359187968
1520209828181860352
1520209828534276096
1520209839787548673
1520209842320904194
1520209842509602817
1520209844334215168
1520209847177949190
1520209847488331790
1520209848880844802
1520209849300418560
1520209851426689024
1520209854924615680
1520209857957269506
1520209859572027392
1520209862185168897
1520209870301110275
1520209874940051456
1520209875246239747
1520209878886887426
1520209879616659458
1520209889875968001
1520209892065386499
1520209893969600513
1520209897316659200
1520209902815297537
1520209903838760961
1520209908385423362
1520209914202836992
1520209924042678274
1520209926165045250
1520209927414947840
1520209928878792704
1520209930455760898
1520209934784290816
1520209938903150594
1520209939934887938
1520209948747210752
1520209950852722690
1520209954958942208
1520209956066275330
1520209960940052480
1520209962785558537
1520209965537013763
1520209966216278016
1520209967101489152
1520209970222018561
1520209970352070656
1520209970754641923
1520209972080091136
1520209971052523520
1520209976383393795
1520209984193286146
1520209988014198784
1520209988462985218
1520209988861505536
1520209989327110144
1520209991562584064
1520209998718058502
1520210000886575104
1520210002262298624
1520210004518871048
1520210005928157185
1520210010839650307
1520210011548442626
1520210018200481792
1520210019018588160
1520210022474657793
1520210022877310979
1520210030011768832
1520210034013184001
1520210038047969280
1520210044280782848
1520210046298300419
1520210047791673344
1520210048043126785
1520210053118275584
1520210055089606658
1520210056553418754
1520210058331803648
1520210061599154177
1520210069484359680
1520210070444945419
1520210070990372864
1520210072143798272
1520210076782505985
1520210077856284672
1520210087717056515
1520210093765238785
1520210095220662272
1520210097628225537
1520210098815127553
1520210099570188289
1520210102313226252
1520210103630241792
1520210107107262468
1520210107530944512
1520210112379564032
1520210113595944967
1520210113432375303
1520210114279526401
1520210116598976513
1520210118075465728
1520210120201936897
1520210120105410565
1520210135808983046
1520210136438091787
1520210142293381123
1520210143555768320
1520210148115251201
1520210163319382016
1520210166465314817
1520210167442386947
1520210168696475648
1520210175789092866
1520210182239776768
1520210187713404928
1520210187872870400
1520210189517049856
1520210196764803074
1520210202347384833
1520210202909417472
1520210203634974724
1520210203719127040
1520210207296696320
1520210208609509376
1520210209687355393
1520210214372487170
1520210214477344771
1520210218969411585
1520210220575825929
1520210222035480577
1520210221146193921
1520210224359030785
1520210224929517571
1520210225797939200
1520210229669109787
1520210230684102658
1520210231699165184
1520210232336596992
1520210233565581315
1520210235570507777
1520210235666927618
1520210236715450369
1520210238716194816
1520210240687554560
1520210243271204864
1520210246563729408
1520210255187173376
1520210256848199680
1520210257389236226
1520210265476050944
1520210266495062021
1520210267686191106
1520210267627470848
1520210274149675014
1520210276813000712
1520210277563879425
1520210282722770945
1520210284048273409
1520210285570805761
1520210287391121409
1520210294047444993
1520210296157229057
1520210303853621248
1520210305875431425
1520210306030571520
1520210306332753920
1520210307834073088
1520210312213020674
1520210318705704960
1520210321222377472
1520210323567149057
1520210324024139777
1520210325089529856
1520210329396994049
1520210331791933441
1520210340583247874
1520210342349099011
1520210352398602241
1520210358509649921
1520210359252099072
1520210359021453312
1520210360057409537
1520210365291933697
1520210373034582016
1520210373407821853
1520210373739167745
1520210379183374337
1520210380160737280
1520210380655853569
1520210392500289591
1520210396191371264
1520210399643189254
1520210402046529540
1520210403262967808
1520210406635098113
1520210408195432449
1520210409030144006
1520210414738587649
1520210414927237120
1520210415787073537
1520210420728057859
1520210422514790405
1520210423894900737
1520210424372899841
1520210425559887872
1520210431004000256
1520210435819151362
1520210440718102528
1520210451413536768
1520210453137625089
1520210453258981376
1520210453800095745
1520210455393976322
1520210456278974466
1520210457247813632
1520210461350068225
1520210463606419456
1520210464109694979
1520210464864714762
1520210466424987672
1520210467545051136
1520210468291461120
1520210469755437056
1520210474930950144
1520210477393055746
1520210477846081544
1520210479972503552
1520210498637213696
1520210499773816833
1520210500910526464
1520210501959135234
1520210503192268802
1520210505427791872
1520210510460899328
1520210517989765122
1520210522318196738
1520210523458981888
1520210524016889858
1520210524935532544
1520210526302781447
1520210526328004608
1520210526919434245
1520210534305615872
1520210536889212929
1520210537593950209
1520210546792058888
1520210555369365504
1520210556648628224
1520210557131005954
1520210568090640384
1520210573769724164
1520210575745495040
1520210581218856960
1520210582535819265
1520210587627945984
1520210588621844482
1520210597069168640
1520210597945692169
1520210598583312384
1520210603444514820
1520210603792551937
1520210605189345282
1520210606531489794
1520210607714222084
1520210606971920390
1520210608133746688
1520210608720953345
1520210613695299585
1520210618736906240
1520210623765749760
1520210631714029570
1520210636210606080
1520210639532310542
1520210647769915399
1520210650332643333
1520210651116883968
1520210662563229699
1520210664081530880
1520210673183117317
1520210675636789248
1520210676266020864
1520210677150982144
1520210678476328960
1520210678660874242
1520210678367334401
1520210681190133761
1520210682796466176
1520210683383623680
1520210683857625095
1520210689813626881
1520210689998172161
1520210698047000578
1520210701335375876
1520210702006427648
1520210703453503488
1520210713037393921
1520210718729121793
1520210722441072642
1520210723732967425
1520210734168354816
1520210735070072833
1520210740107489280
1520210748827439107
1520210749431455745
1520210751436337154
1520210752434487296
1520210759942385665
1520210762035249155
1520210765902491666
1520210766519013379
1520210766787403776
1520210768142213120
1520210769345982465
1520210772193955840
1520210772713955328
1520210774324813825
1520210774387576832
1520210775381803008
1520210779458396160
1520210784231514114
1520210785733169153
1520210785682796544
1520210787050139649
1520210787935174657
1520210792464986112
1520210795719802881
1520210798056030208
1520210798949412867
1520210804125184000
1520210805811200000
1520210809342865409
1520210810462691334
1520210813931470851
1520210816372510721
1520210820873035777
1520210821170843648
1520210826531069952
1520210826531123202
1520210826652696576
1520210827793608704
1520210830670778368
1520210831203614721
1520210840426799105
1520210840842080256
1520210841211129856
1520210846827298816
1520210847062183937
1520210853135806464
1520210854716841984
1520210859921977348
1520210863722008576
1520210864623738880
1520210875466100739
1520210880620810240
1520210888044826624
1520210889017856003
1520210890708111363
1520210895250501632
1520210898232688640
1520210898576629760
1520210900409634818
1520210902812962817
1520210908655542272
1520210910677282818
1520210914565312514
1520210919695208450
1520210921393635328
1520210929824247808
1520210930713624577
1520210934094082049
1520210935331315712
1520210936874913793
1520210937873301506
1520210943577317378
1520210954826526720
1520210958471380992
1520210959729627136
1520210961868677122
1520210963919740928
1520210969900818432
1520210975332474893
1520210977794539523
1520210984035663872
1520210985705181184
1520210989211430912
1520210995129446400
1520210995192680449
1520211000879984651
1520211009260212224
1520211009692213250
1520211013701971970
1520211016734285824
1520211017267134464
1520211017938178050
1520211021218172929
1520211022967099392
1520211023105515537
1520211027773865985
1520211030525288448
1520211031397744642
1520211034870587392
1520211035734609926
1520211037399699457
1520211039572398081
1520211045910183936
1520211060153802752
1520211060455886848
1520211069519728642
1520211070081716224
1520211073739153408
1520211075634974721
1520211080127172608
1520211081914122240
1520211082782064640
1520211086049529862
1520211089828585472
1520211090667311105
1520211093272072192
1520211098829574149
1520211105859219456
1520211109172723715
1520211109675941890
1520211110661664768
1520211111114592256
1520211112566083584
1520211114105217024
1520211115740905474
1520211122518994946
1520211123747934210
1520211126176333825
1520211127069822977
1520211128604889088
1520211131402498048
1520211131809542146
1520211133155717120
1520211141204623365
1520211143570112512
1520211146149699584
1520211146988531712
1520211148850995200
1520211149811326976
1520211151799595008
1520211157390344199
1520211158053105669
1520211160804610049
1520211161488269312
1520211165317586944
1520211167498620928
1520211168673124352
1520211168178094088
1520211170728292352
1520211172045332482
1520211179817287681
1520211179897073667
1520211182828797955
1520211186222047235
1520211186268184578
1520211192735838208
1520211195034284032
1520211198368747523
1520211201476763648
1520211202714251264
1520211206488969216
1520211210939084801
1520211210905477124
1520211212381966337
1520211212520275970
1520211215817089030
1520211218056810498
1520211220191666183
1520211223010283527
1520211228001456128
1520211238369873921
1520211253024669696
1520211254937272322
1520211255927132162
1520211257642692611
1520211261346230273
1520211263678291968
1520211265016238080
1520211265246932992
1520211268560433152
1520211270846361600
1520211270900850694
1520211272171675652
1520211274042421250
1520211282724544514
1520211287556382723
1520211294418317312
1520211294930018306
1520211299166212096
1520211301502537729
1520211304174206976
1520211304539172865
1520211310650310656
1520211311145140226
1520211312827146240
1520211315092033537
1520211315700252674
1520211317549895682
1520211317923229697
1520211318753669121
1520211321286975488
1520211322239082497
1520211325124763660
1520211328182497290
1520211338441773068
1520211341273071616
1520211348222889986
1520211350651383808
1520211355718008832
1520211358683471877
1520211359463575559
1520211359828426753
1520211363561414658
1520211364987686912
1520211365301997569
1520211366518444032
1520211372197429250
1520211378509910016
1520211378983870470
1520211380430905345
1520211381122912257
1520211381466845185
1520211381517262849
1520211386219040768
1520211388718886912
1520211390639837184
1520211390706946052
1520211392019812366
1520211397568782338
1520211399351410688
1520211399808790528
1520211401519861760
1520211403302449152
1520211406070689793
1520211410860531713
1520211413121343488
1520211416921559040
1520211418376716288
1520211421501571073
1520211420272640000
1520211422642413570
1520211427214168065
1520211429336530944
1520211431270096898
1520211433832787969
1520211434822635524
1520211436617744384
1520211449284546562
1520211449746010112
1520211449905397765
1520211454963724292
1520211456880521216
1520211456956198913
1520211463536885769
1520211465394868224
1520211477872918528
1520211477998751744
1520211479550906368
1520211480020455424
1520211483254272001
1520211485263335425
1520211488748838914
1520211492565659648
1520211496067903495
1520211503160438785
1520211505345617921
1520211506297774084
1520211508608786434
1520211509372203010
1520211510370480129
1520211512194912256
1520211515516858369
1520211517324640256
1520211517823725569
1520211520990466048
1520211522252849152
1520211539277529088
1520211544377901056
1520211547334877189
1520211548601565184
1520211548697997312
1520211549100679168
1520211548957855744
1520211553139757057
1520211555476197376
1520211560253304833
1520211562308698112
1520211563667501057
1520211565164834817
1520211571758321739
1520211576267018241
1520211575797436426
1520211578930536448
1520211578792124416
1520211580008509446
1520211582344704000
1520211588602638337
1520211589810597888
1520211596513058821
1520211602607423488
1520211603978866688
1520211606399033347
1520211611826409472
1520211612359139335
1520211617115521024
1520211618235396098
1520211619649028096
1520211619661455365
1520211619460136960
1520211622559633409
1520211623528513537
1520211627802611713
1520211628033257472
1520211629643898882
1520211631371952130
1520211631954870273
1520211633175412736
1520211635683659777
1520211636354699269
1520211639202893824
1520211734845435904
1520211738511224832
1520211739236876289
1520211743896649729
1520211751479959552
1520211754076278785
1520211755720495107
1520211756789940224
1520211759034138625
1520211762456498177
1520211767514775556
1520211767577792512
1520211767946788865
1520211770035646466
1520211770241130497
1520211773282045954
1520211775261663233
1520211775345594370
1520211777488887809
1520211783138660353
1520211783281164289
1520211785462292480
1520211787475521541
1520211794656120833
1520211795243376642
1520211796732178432
1520211797113987074
1520211799135731712
1520211801841049601
1520211802512146432
1520211803149676545
1520211804798038016
1520211806349774848
1520211808006647808
1520211810091417602
1520211811353694210
1520211817494110208
1520211818693775360
1520211819138269184
1520211826700603392
1520211829766688769
1520211831759024129
1520211833243774978
1520211834078380034
1520211837593260033
1520211839140958209
1520211841682751489
1520211843045904384
1520211848984944641
1520211851036041216
1520211849656082434
1520211851010879490
1520211852395003904
1520211859487526913
1520211860775178242
1520211869667053568
1520211872049295360
1520211873655934977
1520211874498895872
1520211882119938048
1520211885613883392
1520211889623650306
1520211890307313664
1520211892731535361
1520211900235235328
1520211900331696129
1520211906195345408
1520211909135450112
1520211912864452613
1520211914839801856
1520211920304979968
1520211923719102468
1520211929196908555
1520211936201392128
1520211936092241920
1520211944719982594
1520211945768501249
1520211945978269706
1520211948939456517
1520211949472165888
1520211952819388417
1520211953016320001
1520211957806252033
1520211960066945025
1520211963648913409
1520211967113318400
1520211968141193217
1520211970703638529
1520211974889648128
1520211976336596998
1520211980493234176
1520211980170244097
1520211985933258756
1520211990563672071
1520211993273241602
1520211995882045442
1520211996049911808
1520211997857624064
1520212000428773376
1520212003457060865
1520212003419271168
1520212004224610304
1520212007403892736
1520212010478325765
1520212013322022913
1520212019084943361
1520212021408669701
1520212021614153730
1520212023216328705
1520212025082884098
1520212026085285889
1520212028643848194
1520212029407125504
1520212031089041419
1520212033404542977
1520212035706966017
1520212038014091264
1520212038571773954
1520212041612644353
1520212041864204299
1520212048336015361
1520212051054194688
1520212053323091968
1520212053465698312
1520212055118290944
1520212057718722561
1520212060147273736
1520212061665517569
1520212063292952576
1520212068775112704
1520212069404004352
1520212073468375040
1520212074412007424
1520212075104321536
1520212083819884562
1520212084197314562
1520212085069824000
1520212085254553600
1520212085547884544
1520212091700924417
1520212091411603458
1520212095429718017
1520212095689711617
1520212096222441474
1520212107383431169
1520212108646182912
1520212112332701696
1520212113737797632
1520212121568661504
1520212122894053379
1520212126333562885
1520212129378361346
1520212129626099712
1520212132998045697
1520212137754439680
1520212147069988864
1520212148269780992
1520212151453032448
1520212153122316289
1520212155966046208
1520212156859441154
1520212161422835713
1520212166539890689
1520212171241795584
1520212190573342721
1520212190736928776
1520212191223422976
1520212191613534208
1520212192095834112
1520212196436938754
1520212321024581632
1520212320592740352
1520212324170276864
1520212324447051776
1520212325315366913
1520212329182658560
1520212330168131587
1520212331078295558
1520212333032886273
1520212335343845377
1520212337684271104
1520212339592765440
1520212342344232963
1520212347415142400
1520212351911403521
1520212353253617665
1520212354620928003
1520212366276890632
1520212367308734464
1520212368445349890
1520212370290884610
1520212372941684736
1520212374996856834
1520212376142094336
1520212379443023874
1520212380470456320
1520212381917450241
1520212383419047936
1520212384719245314
1520212390859661312
1520212392608768001
1520212396266377216
1520212396631117825
1520212401974558724
1520212403132276737
1520212405963395075
1520212405623660544
1520212407582343169
1520212407758503939
1520212408668672000
1520212409180430336
1520212415367065602
1520212416495247360
1520212417187307523
1520212422329524226
1520212429061435402
1520212433616388097
1520212434140950528
1520212439094247424
1520212439496683520
1520212442793578497
1520212442818744326
1520212448271343616
1520212450674712576
1520212455443607560
1520212455997251588
1520212458450952193
1520212460225056771
1520212466151694336
1520212468420812800
1520212478524895233
1520212483784552455
1520212484438827008
1520212489597771778
1520212490487009281
1520212491816505344
1520212493053927424
1520212495570505729
1520212495801139200
1520212497466544128
1520212499181846528
1520212509436911619
1520212510623899648
1520212512167321600
1520212512683311106
1520212513589284866
1520212518819577856
1520212526918737920
1520212528512774145
1520212538620850176
1520212544954277888
1520212548276322305
1520212551832948738
1520212556383760386
1520212562008285184
1520212566265544707
1520212567611908097
1520212567725121537
1520212575266476038
1520212575706832902
1520212582883368961
1520212594048569347
1520212597836029957
1520212599274676230
1520212604681359360
1520212605595439106
1520212606136504321
1520212607453769728
1520212611693957120
1520212612151189511
1520212630375477248
1520212635094073344
1520212636633288708
1520212639661666306
1520212644271165441
1520212663804084225
1520212669113978881
1520212673694253056
1520212676441481218
1520212677175435264
1520212679402655746
1520212681319407621
1520212690618265600
1520212691905875970
1520212693113843713
1520212694422503425
1520212695970201603
1520212699254243333
1520212700470591489
1520212707366129671
1520212711736545282
1520212714617982978
1520212718929817601
1520212720657829893
1520212722033565697
1520212724348772353
1520212727934992385
1520212734670901248
1520212736973627392
1520212740090089472
1520212747820097537
1520212749380460549
1520212754543656960
1520212761237762049
1520212762055610368
1520212767831203841
1520212768032706560
1520212770234544128
1520212771933147136
1520212772566536194
1520212772625203202
1520212776362594304
1520212777473818627
1520212784725868545
1520212786193776641
1520212786642665472
1520212787112382469
1520212787359801346
1520212796771864576
1520212798290251777
1520212801410715649
1520212806951387137
1520212814928953355
1520212819064590337
1520212827818143744
1520212842623946752
1520212848114294784
1520212857354391557
1520212859287965699
1520212861188034561
1520212867550744588
1520212871875076096
1520212874253197313
1520212880351768582
1520212881098387464
1520212883870781441
1520212887536607233
1520212889105317889
1520212893442228225
1520212893589028868
1520212898609385472
1520212899792314368
1520212903382728705
1520212908667514880
1520212909284110337
1520212909690920965
1520212910206763008
1520212912547237889
1520212914942226439
1520212920621223938
1520212920763834371
1520212925453160449
1520212928875614215
1520212932482805772
1520212933141274624
1520212939948580864
1520212941676724225
1520212946613374976
1520212947406311424
1520212947708092419
1520212962543386625
1520212963235409922
1520212964351041541
1520212964959207424
1520212966083284998
1520212971988963333
1520212974782267392
1520212978381037569
1520212982759931904
1520212985872007170
1520212989462335489
1520212992264179714
1520212992943661056
1520212997884596224
1520213001898532865
1520213003047780353
1520213004041834498
1520213011948097536
1520213014728826881
1520213017866256385
1520213018289836035
1520213019988566016
1520213022157021184
1520213025181024256
1520213029278920704
1520213029710880769
1520213037747212288
1520213039068463105
1520213042813878275
1520213043501998080
1520213043657031682
1520213045548564484
1520213053505036288
1520213054570602497
1520213056630005760
1520213061705125889
1520213064653627393
1520213064955617280
1520213065756782592
1520213066843045889
1520213068416000002
1520213070290853889
1520213073314955266
1520213076397727744
1520213077173616640
1520213084509507584
1520213089668452355
1520213098375823361
1520213102486331393
1520213102784040961
1520213104185208832
1520213107762679808
1520213109088169985
1520213111474896897
1520213124779057155
1520213129900466176
1520213135390560256
1520213135495503874
1520213138410549250
1520213139261898752
1520213142743224321
1520213144186068994
1520213147680133120
1520213149533839362
1520213149374423042
1520213155443531776
1520213158438350851
1520213166592040964
1520213168311738374
1520213169767170048
1520213174720552960
1520213184581451776
1520213185277661184
1520213191594291202
1520213194089902080
1520213195734097920
1520213198057750528
1520213204231913472
1520213204743462918
1520213206064517121
1520213207067074560
1520213207771762689
1520213210825207808
1520213212834185216
1520213216252551169
1520213217523679234
1520213218014240775
1520213218987323392
1520213222808342529
1520213224431529985
1520213224599261186
1520213224699969547
1520213227648475136
1520213228705431552
1520213229980557314
1520213233331838978
1520213235068198913
1520213238188843009
1520213239824592897
1520213240613117952
1520213244526350345
1520213245172326403
1520213246103494660
1520213249974841346
1520213249882718209
1520213251346374656
1520213255486164992
1520213264902275074
1520213273068642306
1520213275673350145
1520213275874668552
1520213276776443905
1520213277783072772
1520213278395453441
1520213280081559552
1520213284108050439
1520213287111389186
1520213288126238720
1520213288281329670
1520213292215582722
1520213295097171968
1520213295919255552
1520213296539971584
1520213298456760321
1520213300855951363
1520213302818840577
1520213304181940225
1520213313262874624
1520213313195491329
1520213314843852800
1520213316131598343
1520213318065135617
1520213319080103937
1520213321546350594
1520213325010935814
1520213328911638530
1520213340684963840
1520213351988662272
1520213361987883009
1520213367776030720
1520213367964676096
1520213383173361666
1520213384632967169
1520213386805620739
1520213386910384128
1520213389573775362
1520213390567911425
1520213391729639431
1520213394426576898
1520213396972519429
1520213397064884226
1520213398759383042
1520213399816314880
1520213402257436672
1520213402656083968
1520213407974178817
1520213410658590720
1520213411501686785
1520213415956033536
1520213422176145411
1520213423304359936
1520213423241539586
1520213426156576769
1520213428123672576
1520213429667180544
1520213433299394560
1520213433534267394
1520213434717155328
1520213435379859456
1520213437351084033
1520213441486761990
1520213442644393985
1520213443001057281
1520213443676151808
1520213444754132992
1520213445072900096
1520213446058549248
1520213446029099013
1520213447044182016
1520213449728413696
1520213450940731392
1520213450999451648
1520213462684934144
1520213463808856065
1520213467172679682
1520213468405977088
1520213470792216577
1520213478354604033
1520213479281541121
1520213481693368321
1520213490883039237
1520213495819689985
1520213497434591232
1520213498877419521
1520213507781844999
1520213507974828033
1520213513494532096
1520213515717550080
1520213516099194881
1520213517898596352
1520213521514262529
1520213525444141056
1520213529449668608
1520213533308424194
1520213534906499077
1520213538240872451
1520213539276869632
1520213542510682116
1520213546189086721
1520213549871738880
1520213551922786304
1520213554561003522
1520213561280278528
1520213563603918848
1520213566401429507
1520213571740831746
1520213574081302528
1520213576455176193
1520213582750924800
1520213583673675778
1520213594104807428
1520213601960747009
1520213604624183296
1520213612509413377
1520213612954062850
1520213621267173379
1520213623020339202
1520213629064425472
1520213631765467137
1520213635729080322
1520213650858037248
1520213664401403904
1520213668222353408
1520213668855701511
1520213671167029248
1520213679618281472
1520213681082142720
1520213687499382784
1520213688157978629
1520213693891584000
1520213704238944256
1520213704402481152
1520213706637983744
1520213708265377795
1520213709498744832
1520213711121784835
1520213710597406724
1520213713873252354
1520213717149003777
1520213721745874944
1520213721943052288
1520213727253262336
1520213738309271552
1520213740179836928
1520213742637785093
1520213743724113920
1520213752175603713
1520213756176961540
1520213758043656192
1520213758538358784
1520213759331078146
1520213760186761217
1520213760341905411
1520213760538988547
1520213761990316033
1520213764502704130
1520213767308546049
1520213767526699010
1520213772106928129
1520213772970958849
1520213774212472832
1520213777706369025
1520213780134825985
1520213780265070592
1520213780432666626
1520213779778256896
1520213781275627521
1520213781439082497
1520213785956556800
1520213789852983297
1520213790515728392
1520213794793865221
1520213795959984128
1520213799109898242
1520213799818702848
1520213803048345601
1520213806387015681
1520213811776663552
1520213811994800132
1520213814096056320
1520213815216185344
1520213820937052160
1520213821763297281
1520213821708816386
1520213824732807169
1520213827429838848
1520213829346594816
1520213839375183872
1520213843812794368
1520213843728904192
1520213848028024834
1520213848271179777
1520213848367763457
1520213848829087744
1520213849277874178
1520213850066497536
1520213854839623681
1520213857603567617
1520213863056166914
1520213865421750278
1520213868546510848
1520213872665370625
1520213875886637056
1520213879535644672
1520213880173395968
1520213883599867906
1520213886678573059
1520213892089012230
1520213892286361602
1520213892332412929
1520213893053702144
1520213896266719232
1520213896778371072
1520213900062609408
1520213901555732482
1520213915791237121
1520213917884207106
1520213918198779905
1520213919708635136
1520213920014864384
1520213920711159809
1520213923743637507
1520213926507851776
1520213931809288192
1520213961081303040
1520213965699174400
1520213965174980608
1520213966974337026
1520213967725019139
1520213969281196041
1520213970673623045
1520213971541929986
1520213976226975747
1520213977036435456
1520213977770643456
1520213979167084555
1520213982165946369
1520213985601236992
1520213986276487168
1520213990009413632
1520213995445174273
1520214000100941825
1520214001287847938
1520214011786276865
1520214012763721729
1520214015926022146
1520214018207756288
1520214024801361920
1520214025379930112
1520214026973810688
1520214031683969026
1520214032069844993
1520214034548723712
1520214035819601920
1520214037090422786
1520214039699337219
1520214043008671744
1520214045177126912
1520214048452890626
1520214049488871424
1520214053783846912
1520214056866566144
1520214060771553285
1520214060825989121
1520214061211922432
1520214064533811200
1520214066316390406
1520214068967219207
1520214072343638016
1520214076827312130
1520214079775944705
1520214079927128064
1520214080329588736
1520214085396312067
1520214085656322049
1520214085962727424
1520214087740833792
1520214093537370113
1520214098469867525
1520214102534410240
1520214110314577920
1520214111791230976
1520214115389693952
1520214116140466177
1520214123937939456
1520214128085938176
1520214131957248000
1520214133374914561
1520214145509265408
1520214145634902017
1520214146801090560
1520214147127988226
1520214148029849601
1520214148726276096
1520214153776013313
1520214153880911875
1520214154161889280
1520214161619255296
1520214168334389249
1520214181370335232
1520214185384509440
1520214191633747973
1520214193059897344
1520214193059860480
1520214195253526528
1520214195953876992
1520214196226785281
1520214199254884352
1520214208838840321
1520214212093657089
1520214212634714119
1520214220486365184
1520214223107895303
1520214225838354432
1520214232666710017
1520214235862679552
1520214235963441153
1520214237884424193
1520214239855665152
1520214241877315586
1520214243248857090
1520214243739643905
1520214246486908931
1520214248181305344
1520214248814743553
1520214252207943686
1520214257782169601
1520214264815964168
1520214274110545921
1520214274546806784
1520214276497186816
1520214277130539008
1520214279332507648
1520214282696376320
1520214284160192513
1520214284655116291
1520214287771480064
1520214299813240833
1520214301662982144
1520214313000128513
1520214314090733570
1520214315298607111
1520214316661846017
1520214320369618947
1520214320436719625
1520214324735795200
1520214325134348291
1520214336064700416
1520214343064895489
1520214345451454465
1520214346072313858
1520214347900928002
1520214348656001025
1520214350656675851
1520214350958637063
1520214352334307329
1520214357849825285
1520214362019221506
1520214361926938625
1520214362321043459
1520214365202485248
1520214367236943872
1520214373444296705
1520214376984293376
1520214378477457408
1520214379442192386
1520214379551244289
1520214381925130245
1520214383372247040
1520214385062469637
1520214385104367616
1520214385012133889
1520214386085871617
1520214392809402375
1520214392775794688
1520214396462673921
1520214396567445510
1520214397007933441
1520214399130210311
1520214399503716352
1520214403412594688
1520214405140647938
1520214408106024961
1520214409255211010
1520214410400124928
1520214414124892161
1520214415659917313
1520214423293640706
1520214424367378438
1520214426082811904
1520214426225418240
1520214427978518528
1520214432361717761
1520214435662643201
1520214436841234432
1520214438170746882
1520214438431059969
1520214439311650822
1520214439659819009
1520214440976732167
1520214443220774914
1520214443069743104
1520214444143517697
1520214447868026887
1520214449839296512
1520214449050857474
1520214452561399809
1520214454960640001
1520214456483074051
1520214457137483777
1520214461277159425
1520214461893722112
1520214462413697025
1520214464577957888
1520214464863293442
1520214465437917185
1520214465668648960
1520214469820903424
1520214474317352961
1520214477672751105
1520214482362187779
1520214490226253824
1520214495817306112
1520214497566560258
1520214500724834304
1520214503853600769
1520214507376812033
1520214507523612674
1520214508257648640
1520214508438188032
1520214511311106049
1520214513597005824
1520214515723427840
1520214521675194370
1520214521998155777
1520214524078481409
1520214530399383552
1520214531036876801
1520214532156805123
1520214535445094400
1520214541224845313
1520214541681967111
1520214542462201856
1520214552859877378
1520214560107597824
1520214567091113985
1520214573042839555
1520214573370023936
1520214577954365441
1520214578860339202
1520214581049708544
1520214587387400193
1520214587928416259
1520214591497678849
1520214598934216705
1520214599483768832
1520214599659925504
1520214615061577729
1520214617410129921
1520214619364769792
1520214622661484545
1520214630966177795
1520214635059859456
1520214635227627522
1520214639530983424
1520214641758064640
1520214642806734849
1520214648313810944
1520214649416962048
1520214650390028289
1520214651149209603
1520214652340391938
1520214664474656768
1520214664952561675
1520214668727492608
1520214669776101378
1520214671730647040
1520214675778154497
1520214676193353728
1520214690890194944
1520214692500811778
1520214702097412096
1520214702990987265
1520214707298263041
1520214708183252992
1520214710574100481
1520214714428628993
1520214715351416834
1520214719839223809
1520214721290514432
1520214725266710531
1520214733583896576
1520214734028644358
1520214734112497664
1520214735274262534
1520214742232674304
1520214745663561728
1520214749169872896
1520214749195423744
1520214754027003904
1520214756644335616
1520214760209498125
1520214764181495808
1520214770615476224
1520214773815726081
1520214780056940546
1520214795521339400
1520214799438725122
1520214799753351169
1520214800940339203
1520214803196923904
1520214806229397505
1520214807596654594
1520214808708198400
1520214809585000448
1520214810746662921
1520214811212193792
1520214812491653120
1520214816836751363
1520214821735649282
1520214829142843393
1520214834989518848
1520214838961917953
1520214845920100354
1520214852249206785
1520214854287917056
1520214854795243522
1520214859677327366
1520214861447376898
1520214871983460352
1520214872377729025
1520214876135768069
1520214881189957632
1520214883551219713
1520214897052766208
1520214902941622275
1520214903709184000
1520214904590016512
1520214910113824770
1520214909967306752
1520214911607095296
1520214913330864128
1520214917126799360
1520214919916015616
1520214927503413250
1520214929013362688
1520214931152506880
1520214931655823362
1520214934671482880
1520214935195762692
1520214937922068480
1520214941449469956
1520214943529721856
1520214943974498304
1520214951595593730
1520214951700447233
1520214955777302532
1520214959476645888
1520214966376321025
1520214967332614145
1520214968104374273
1520214972525068288
1520214978116083713
1520214979412205571
1520214980532047872
1520214982872293379
1520214986198593537
1520214987582623749
1520214991089152001
1520214995237281793
1520215002308923392
1520215006339510273
1520215009502150657
1520215011892899842
1520215012970741761
1520215013704839171
1520215015579697152
1520215016087117826
1520215017378959363
1520215019698409475
1520215033099268097
1520215034869202946
1520215038329561095
1520215040275763201
1520215040854732801
1520215041705979905
1520215043924799488
1520215044180824065
1520215051268984838
1520215058076286981
1520215060081266689
1520215063470166016
1520215065697210368
1520215066766987264
1520215067920420864
1520215072714502147
1520215076392820738
1520215076397268994
1520215078481629184
1520215080964698112
1520215082256547842
1520215085783957505
1520215094365409281
1520215106407497728
1520215108558983168
1520215111478173696
1520215111599853570
1520215115492175873
1520215116410945536
1520215119208370178
1520215120500121601
1520215122928676865
1520215122677010433
1520215125206216705
1520215128825909253
1520215129664724992
1520215134773420033
1520215135150911498
1520215137382277127
1520215139223588871
1520215148664872960
1520215154138484736
1520215161881116672
1520215166797123585
1520215169258999809
1520215174988369922
1520215175613276160
1520215181342691329
1520215182353575936
1520215192453459974
1520215192956776449
1520215195972472834
1520215199768268801
1520215202830381056
1520215203333476352
1520215205040607235
1520215205896245249
1520215207032860673
1520215209696280576
1520215210044370944
1520215212955217921
1520215217162301441
1520215221314494468
1520215222149124097
1520215222031634434
1520215225026424833
1520215226980917249
1520215232030814208
1520215232714584066
1520215236187410433
1520215237349281792
1520215246924926978
1520215248053092355
1520215248481009669
1520215250385227776
1520215250548948992
1520215257662304258
1520215257897185280
1520215260271202307
1520215260396986368
1520215265258225665
1520215268206821377
1520215274913509377
1520215275232186368
1520215282689712129
1520215283876642817
1520215290495315969
1520215296379957248
1520215298875482113
1520215302180593664
1520215305980624898
1520215310611189761
1520215314528673793
1520215315883433984
1520215318408450050
1520215322338414594
1520215323777146880
1520215327161921536
1520215331607875585
1520215337676980224
1520215338993995777
1520215339220492293
1520215343217922048
1520215350125727752
1520215350033461248
1520215351493070848
1520215352344416256
1520215353971945478
1520215354647392256
1520215360745615360
1520215360846376960
1520215361831985154
1520215365116211201
1520215368853245955
1520215375358660608
1520215375891288067
1520215378336829440
1520215381985615872
1520215394363052032
1520215394891534337
1520215394984030208
1520215413589688323
1520215413879185410
1520215414453776385
1520215418115399680
1520215418169921539
1520215420212547586
1520215424079695872
1520215424478154752
1520215425451184128
1520215429666508800
1520215429905625089
1520215434577993728
1520215438403194882
1520215442257756167
1520215444233363462
1520215444891783168
1520215455184658432
1520215457621368832
1520215461937483785
1520215464588328963
1520215478932807680
1520215481558339584
1520215483697582080
1520215486071554048
1520215489221341184
1520215490873937921
1520215493550002177
1520215497303904258
1520215498729963522
1520215498960654338
1520215509161201664
1520215511543558144
1520215512462114826
1520215516182425602
1520215516530585607
1520215522293526528
1520215525841854465
1520215529348386826
1520215530153648132
1520215530891841538
1520215537384628224
1520215539053903876
1520215543151742976
1520215544904966144
1520215553687932933
1520215556233871362
1520215560197488640
1520215563125116929
1520215564266123265
1520215564341415937
1520215564765048832
1520215565704777728
1520215568841908225
1520215570515386368
1520215572298018817
1520215573011042304
1520215574407794688
1520215576668299264
1520215579386429451
1520215580778942464
1520215584054599681
1520215590409052167
1520215595488141312
1520215596293664771
1520215596570451968
1520215598487289858
1520215608884871175
1520215614928961541
1520215618577915904
1520215621996146688
1520215633811714048
1520215635237687298
1520215635351019523
1520215637284601857
1520215646642057216
1520215648282062848
1520215648806309888
1520215649603137537
1520215652576944131
1520215655978606592
1520215658411220993
1520215660818747394
1520215664316895236
1520215664736505856
1520215671442972675
1520215673288462337
1520215677654683649
1520215681245065217
1520215683442827266
1520215684634009601
1520215686836068357
1520215689637859329
1520215690061488129
1520215690204098566
1520215692703895553
1520215702166192132
1520215709401419776
1520215721543876608
1520215723691417600
1520215727562792960
1520215732130357249
1520215733560614912
1520215734768455680
1520215737155178497
1520215743744421888
1520215747401818114
1520215749154979840
1520215757422051328
1520215758478974977
1520215765185662976
1520215768306225152
1520215770969612289
1520215772286574593
1520215775956676609
1520215787448983552
1520215790242385920
1520215791974690816
1520215793258348544
1520215793971175424
1520215797645250560
1520215800036184064
1520215802494033920
1520215805748785152
1520215810404409347
1520215824891527169
1520215828611883009
1520215829798920192
1520215830402846721
1520215831971786752
1520215832860794880
1520215836274966530
1520215838862757894
1520215843388370945
1520215845372571648
1520215849092722688
1520215849453375488
1520215851550523393
1520215854771810309
1520215859473571840
1520215860757114883
1520215864422895617
1520215867858038787
1520215869472841729
1520215869561110528
1520215881174773761
1520215881338478593
1520215881455972354
1520215886300434432
1520215891362918407
1520215891476164609
1520215892092669953
1520215896303808513
1520215897717280780
1520215903199129600
1520215903643779072
1520215909897490435
1520215910631587841
1520215913596862465
1520215924829302784
1520215925907148801
1520215928247668736
1520215930063802368
1520215931334627332
1520215932940955648
1520215938460696579
1520215937953275904
1520215939706277888
1520215941086285824
1520215942843797507
1520215948367736833
1520215953405059073
1520215955741110272
1520215957356138498
1520215958807273475
1520215965434548224
1520215965253971968
1520215972149301248
1520215987995488257
1520215990646325251
1520215990864429063
1520215992823074816
1520215993930366976
1520215994597322752
1520215995545432064
1520215998686711808
1520215998649012224
1520215999689146370
1520216002814001152
1520216003682217987
1520216011018063873
1520216014218313731
1520216014683873280
1520216014986035200
1520216020757135361
1520216022988607491
1520216025945591810
1520216026033573890
1520216028185309188
1520216031880523777
1520216036095766531
1520216042022318081
1520216043758792704
1520216044559908871
1520216045260357633
1520216045658820611
1520216056840826880
1520216058174619653
1520216059554394112
1520216066374488070
1520216067808841729
1520216068647755777
1520216074587078657
1520216074511581184
1520216075278946305
1520216077178966018
1520216083361415168
1520216092886638592
1520216094258122764
1520216097378738176
1520216098217598986
1520216102210613248
1520216106522320896
1520216118199267329
1520216123945496576
1520216124742324225
1520216124478169088
1520216127338647552
1520216134456332288
1520216133965651968
1520216135400054786
1520216139044950016
1520216147316068353
1520216148020953089
1520216148251348992
1520216149434441729
1520216150612848641
1520216152793886722
1520216155625037824
1520216161467654149
1520216165632851969
1520216171550814208
1520216176093429760
1520216185232580608
1520216188047003648
1520216188923559936
1520216189787676675
1520216189967896576
1520216190534434816
1520216191389913088
1520216194040610817
1520216194669760513
1520216203289104384
1520216205344268289
1520216206397120512
1520216222482190337
1520216223992139779
1520216225162440704
1520216227787943936
1520216227901329408
1520216229553872896
1520216233509105665
1520216234893139970
1520216240215707650
1520216243260768257
1520216248143204352
1520216251720777730
1520216257177395200
1520216261917032457
1520216265419378689
1520216266325307392
1520216272016863234
1520216276760928256
1520216277691871232
1520216278262235139
1520216279122169857
1520216281844264961
1520216283861692418
1520216283979079682
1520216283932942337
1520216284935311360
1520216285648351233
1520216287263313921
1520216287732924417
1520216287879868417
1520216287770730497
1520216288257261568
1520216289456934914
1520216298172686336
1520216299640705031
1520216299632316416
1520216300236201985
1520216311409876999
1520216312735223811
1520216316040577024
1520216318187872256
1520216318217228291
1520216320133894144
1520216321358766083
1520216325586575360
1520216329545940992
1520216336584032256
1520216340899971072
1520216342212878336
1520216343852761088
1520216351654256640
1520216352056877056
1520216352597946369
1520216353562669058
1520216356100227073
1520216359757570050
1520216362374909952
1520216364576743424
1520216373510737921
1520216376186707968
1520216384818589705
1520216389142945793
1520216392368373762
1520216392498388994
1520216397086806016
1520216402879262720
1520216405773365250
1520216406326927363
1520216416607162370
1520216427676172288
1520216431790538752
1520216434043125761
1520216436320444416
1520216452384665600
1520216455110868992
1520216459930218497
1520216463998652418
1520216464522981379
1520216469874876417
1520216473716854784
1520216475570778112
1520216482281828352
1520216482717880321
1520216483690917891
1520216484097986560
1520216484722712576
1520216492121509895
1520216491962085376
1520216494973489152
1520216499704762369
1520216500107608065
1520216503639056384
1520216504247238657
1520216513122340865
1520216515563425798
1520216516008071168
1520216519292198912
1520216522139914240
1520216526921547777
1520216527915601920
1520216528662274053
1520216529429839872
1520216530113507328
1520216538929938432
1520216539198156802
1520216548216123395
1520216548845268993
1520216549214334976
1520216552750161920
1520216553366724608
1520216556042600448
1520216558899015682
1520216565660229632
1520216566054670336
1520216567044263936
1520216567187132416
1520216570529783809
1520216577056063488
1520216580067573760
1520216583104339980
1520216587936051201
1520216588108312577
1520216589102157824
1520216593204228097
1520216593904586753
1520216595913748480
1520216596203069442
1520216597549535233
1520216599122391041
1520216599940243457
1520216601521446912
1520216604684005377
1520216609301934081
1520216614641311746
1520216614792278016
1520216619204624385
1520216621662425089
1520216621771591681
1520216622572650498
1520216628721557504
1520216632198631424
1520216634505371649
1520216635579187200
1520216637848309761
1520216638586503170
1520216639169515520
1520216641111527424
1520216643368099846
1520216647583383559
1520216650028564486
1520216650205003781
1520216650779398144
1520216653161709568
1520216657016274949
1520216658966720512
1520216662741553154
1520216664570318851
1520216666856112129
1520216670417084417
1520216671125970944
1520216674519367681
1520216679237795842
1520216680458190848
1520216686963609601
1520216696954441728
1520216698892304384
1520216700414795776
1520216703979986946
1520216710275637252
1520216710380408833
1520216714310725632
1520216715250049025
1520216719800811520
1520216720773984258
1520216724846612481
1520216727115735040
1520216730383044609
1520216733381976067
1520216736100143106
1520216741493841920
1520216744425816064
1520216745155432449
1520216746979991558
1520216747223273474
1520216750125629446
1520216754764632064
1520216759684538377
1520216760158461953
1520216763794870274
1520216764424069123
1520216765359341574
1520216767800528897
1520216775417339907
1520216776046432256
1520216776361254912
1520216778340769794
1520216780270182401
1520216785412407296
1520216792613937152
1520216792580472833
1520216792702275585
1520216798133571585
1520216802952986625
1520216804366426112
1520216821902761984
1520216825237225474
1520216826491379717
1520216831033761793
1520216837845364737
1520216845642391552
1520216845659164672
1520216846535782400
1520216848096280578
1520216849782566912
1520216851799810056
1520216852584185856
1520216862491291649
1520216865603301376
1520216869831065601
1520216870858731521
1520216871617892352
1520216871718555648
1520216875816427520
1520216885631111169
1520216887526838275
1520216892459216897
1520216894489473025
1520216898528497665
1520216899963047938
1520216900512489474
1520216912969445376
1520216913061810177
1520216915863650307
1520216918854180865
1520216918719963137
1520216919713931264
1520216921534304260
1520216923778293765
1520216934888923136
1520216941159493636
1520216944011448321
1520216944401842177
1520216947727945735
1520216952639213575
1520216952735940608
1520216954711293952
1520216956095410177
1520216957454368770
1520216959480176640
1520216960138678272
1520216969022259205
1520216972922814464
1520216982142038017
1520216983127609346
1520216986042703872
1520216986411806722
1520216991650430977
1520216998424113152
1520216998503923714
1520217007043616769
1520217008415154176
1520217009795088385
1520217015474028544
1520217017307078656
1520217018053627905
1520217022730170368
1520217025024569344
1520217026232471553
1520217026836398080
1520217027742478337
1520217032549187585
1520217036701372419
1520217042099527681
1520217043013881858
1520217045064986624
1520217045249449984
1520217047170490369
1520217051742322688
1520217051935215617
1520217054346887168
1520217056104247296
1520217059485011968
1520217060302856192
1520217060734910471
1520217060785197056
1520217066082652163
1520217067181510659
1520217071262519300
1520217083958771714
1520217089973305345
1520217091177164807
1520217094087856128
1520217113553780738
1520217115957075969
1520217117127233537
1520217117752180737
1520217117974441984
1520217118700191750
1520217118679179264
1520217123544518657
1520217127696965633
1520217128183468032
1520217139969499138
1520217141148291072
1520217142460878853
1520217145841524738
1520217146181267456
1520217147665956866
1520217148517273601
1520217151365386240
1520217156172009476
1520217158898405376
1520217161616310273
1520217162899771393
1520217163524710402
1520217165722435590
1520217167530270720
1520217170361397255
1520217173410697218
1520217173561462786
1520217174203322368
1520217177424494592
1520217187801354241
1520217188401127424
1520217188199804929
1520217189793607682
1520217196559052800
1520217208621834242
1520217209586475011
1520217213944438784
1520217223972990982
1520217224723660800
1520217227521318912
1520217227924062208
1520217230436413441
1520217235834523649
1520217237013118979
1520217239026540544
1520217239760293889
1520217246852911107
1520217248987856896
1520217259838517249
1520217258773168129
1520217266587058177
1520217269971922944
1520217269648900098
1520217271079251969
1520217272551411719
1520217273331601408
1520217274728255490
1520217280654843912
1520217284765171713
1520217286774251522
1520217290201042944
1520217290427580417
1520217295741759488
1520217301257228288
1520217302838530048
1520217305887776770
1520217307074674692
1520217309545119745
1520217310706995206
1520217312267223040
1520217315182137344
1520217320811110405
1520217323478654976
1520217323604430848
1520217326246940673
1520217326808797184
1520217328381747202
1520217334711001089
1520217334702608384
1520217337902866436
1520217341900042243
1520217342587727872
1520217345909739520
1520217349537812480
1520217349709828100
1520217349776982017
1520217350632624130
1520217352696180738
1520217353505558528
1520217355741286403
1520217363420909569
1520217365052592132
1520217369125310465
1520217371247472641
1520217374967967744
1520217380810465280
1520217384744804356
1520217386376470529
1520217387987001349
1520217389736071169
1520217391426195458
1520217391631933442
1520217394811183107
1520217396115828736
1520217396560244736
1520217397864636416
1520217401819754496
1520217402721587203
1520217403208224769
1520217406362247168
1520217409377943553
1520217409977782277
1520217410514694144
1520217418202763264
1520217420299964416
1520217419721048064
1520217425698074624
1520217426700509184
1520217433159745540
1520217433914679297
1520217436238364673
1520217439807676419
1520217440956952581
1520217442705944576
1520217442974416901
1520217445197303808
1520217446262657024
1520217448036851712
1520217453766270978
1520217457599913990
1520217475195052032
1520217476046278661
1520217480978968576
1520217482405072901
1520217485685006336
1520217490781003781
1520217501178736642
1520217503628103681
1520217504873918465
1520217511303983104
1520217516911783936
1520217521152049153
1520217521261060096
1520217526571094017
1520217536910053376
1520217540588412929
1520217542853369857
1520217545667715074
1520217552907026433
1520217559051743236
1520217563954917377
1520217561496969217
1520217564714082306
1520217563929755650
1520217566496575488
1520217568270639104
1520217578098282496
1520217580673323009
1520217583634554881
1520217585777881088
1520217587832868865
1520217588520951808
1520217591557795841
1520217595957452801
1520217597135912960
1520217597978955776
1520217599686107136
1520217611186941952
1520217611501510656
1520217619625746433
1520217622893191170
1520217623077670912
1520217623149035522
1520217630904397825
1520217638051405825
1520217642862317568
1520217647165902848
1520217648470106116
1520217654308581376
1520217658523856896
1520217659312414721
1520217667545747458
1520217671135944704
1520217672918700032
1520217673589788673
1520217673874956290
1520217675657625603
1520217677121617920
1520217683085737984
1520217686776725504
1520217687137284096
1520217692074127361
1520217697321111553
1520217698445234177
1520217699699277827
1520217699707719685
1520217699909083136
1520217700387237891
1520217705659392001
1520217706351497217
1520217706774994944
1520217707794341888
1520217707731374080
1520217710172553217
1520217719609700358
1520217721492938753
1520217722055176192
1520217725884321793
1520217727092338688
1520217742007279617
1520217743009751044
1520217749041070081
1520217750802677761
1520217752417492993
1520217753164161028
1520217760000876547
1520217763050139649
1520217763557511168
1520217774035017728
1520217774798393344
1520217777524682753
1520217779076485123
1520217781236551682
1520217781836386306
1520217789247545349
1520217790292103168
1520217792649252872
1520217796516397061
1520217796650676224
1520217797472698371
1520217800282828800
1520217800341610496
1520217803516751872
1520217808772206593
1520217814463918080
1520217817500778496
1520217819849400323
1520217822986649605
1520217823951220737
1520217825410957313
1520217825612386305
1520217825813667840
1520217832289562624
1520217833845796864
1520217839596146688
1520217840560881673
1520217841194221568
1520217842016210945
1520217843387617280
1520217848160919557
1520217848270004224
1520217853311524865
1520218759855812608
1520218758760984576
1520218760896000001
1520218767891918848
1520218768714223619
1520218775638970374
1520218782307921921
1520218785650778112
1520218786955247621
1520218787219398657
1520218790818164737
1520218801207492609
1520218805997387776
1520218809604448257
1520218812045537280
1520218814100684803
1520218814432034817
1520218816802074625
1520218817611321346
1520218819746164736
1520218820081864704
1520218820366979072
1520218827807772672
1520218830668275718
1520218832962572288
1520218843586699264
1520218844543045632
1520218847202189312
1520218848590536705
1520218849085427713
1520218849936912385
1520218856849035266
1520218862469398529
1520218866521100288
1520218878537875456
1520218887073185792
1520218895310888962
1520218896246185984
1520218899349852161
1520218902294413313
1520218909823152129
1520218913207988225
1520218912503508992
1520218914130743300
1520218914931843072
1520218915439362055
1520218915615514625
1520218918165655552
1520218920283774976
1520218922888298496
1520218923559694336
1520218928827543554
1520218932073934848
1520218933898452995
1520218936784171014
1520218941481652224
1520218950583435265
1520218950843322368
1520218957613051904
1520218958112165888
1520218967259983874
1520218968409395200
1520218969583595520
1520218976944640001
1520218987287789575
1520218987765850115
1520218989045194758
1520218993654734854
1520218995261063169
1520218998192881670
1520218998981500929
1520219005046648833
1520219006195617796
1520219006992531456
1520219012076085248
1520219012399087619
1520219018279411714
1520219022960254976
1520219023761412098
1520219024608698369
1520219029943771136
1520219033664172033
1520219040412745731
1520219042371485698
1520219045584322566
1520219055575207937
1520219058653872129
1520219063003361281
1520219066220351488
1520219080833261574
1520219084033597440
1520219089435869186
1520219094729035776
1520219097111404549
1520219100114530306
1520219101620314113
1520219103788740608
1520219107152764928
1520219112307408896
1520219113171595266
1520219119769030658
1520219129671733250
1520219140975468546
1520219158633492481
1520219162676985856
1520219174286639104
1520219179231723521
1520219181693734912
1520219183836975104
1520219190761865216
1520219201759293440
1520219205211242497
1520219208365314048
1520219222651162624
1520219223330811904
1520219225218031617
1520219238086193152
1520219250350182400
1520219255383465984
1520219255547043847
1520219275092533250
1520219277265096704
1520219280444465158
1520219286748467201
1520219288191262722
1520219289344634880
1520219290267389954
1520219293211774976
1520219294352691200
1520219298056314880
1520219300698677248
1520219307581620226
1520219311344078850
1520219316947406850
1520219319627661312
1520219324631367680
1520219326200090625
1520219330318807041
1520219330310553600
1520219331002613761
1520219330235015168
1520219347024629760
1520219349864390659
1520219353542795265
1520219354834649091
1520219355031736320
1520219361105096704
1520219362757685248
1520219366327042049
1520219366620647424
1520219367094509568
1520219373322993665
1520219373780324354
1520219374241595392
1520219377064325120
1520219380419903488
1520219384349868032
1520219392130265088
1520219397696409602
1520219404155428864
1520219406428741632
1520219415660437504
1520219431133134849
1520219431242248192
1520219442000670728
1520219448661135361
1520219453623087107
1520219463802671106
1520219467002925057
1520219472879095809
1520219476641595392
1520219479002734592
1520219479799521280
1520219481490038785
1520219483549356033
1520219490185019393
1520219494525771776
1520219495041806336
1520219497742966785
1520219505653395457
1520219510837493760
1520219511722586118
1520219512603353088
1520219513249312768
1520219513911922688
1520219523823161344
1520219527975481349
1520219532413050888
1520219551270645760
1520219553678123009
1520219554860908544
1520219555595005952
1520219557813792768
1520219561303449607
1520219570069454848
1520219573018054656
1520219573722976256
1520219575568248833
1520219578852388864
1520219581545160705
1520219583512252416
1520219591905091585
1520219594337697792
1520219598574006274
1520219599886712837
1520219603879833603
1520219603971936263
1520219605007888384
1520219606031470598
1520219609244315648
1520219611811168256
1520219613304397825
1520219618404622336
1520219619461681155
1520219625631457280
1520219626134810625
1520219626520596480
1520219627757969409
1520219628521197568
1520219636033277952
1520219636482121729
1520219641242607617
1520219647584325632
1520219654630825985
1520219655108968449
1520219664927928320
1520219674180562944
1520219678580391938
1520219679578537985
1520219679654088704
1520219682845900807
1520219687119904769
1520219687912628224
1520219689644818433
1520219691544764416
1520219695596679168
1520219698079711234
1520219699606396928
1520219699933503488
1520219702970179586
1520219704904007680
1520219707005149184
1520219708817084416
1520219710134104064
1520219712562552833
1520219714076688393
1520219715133755394
1520219720049471489
1520219720078741505
1520219722192756736
1520219724029833217
1520219724482813960
1520219733441847297
1520219735429988359
1520219743118147585
1520219747043921922
1520219754325331971
1520219758951649280
1520219762906836993
1520219768699162624
1520219775707893760
1520219780346781697
1520219786151661569
1520219786763980801
1520219787762274304
1520219795257450503
1520219795886534656
1520219800517107712
1520219808817901568
1520219811644592128
1520219813137850374
1520219819664191489
1520219820221890560
1520219833564082177
1520219833895378947
1520219834600075264
1520219837552865285
1520219837628391426
1520219841478733824
1520219852123779073
1520219852283478016
1520219854296522753
1520219855336706056
1520219860831289346
1520219861313597440
1520219864438300675
1520219866535538688
1520219866699112448
1520219872755691520
1520219876916449280
1520219877998485505
1520219883086229508
1520219909040447488
1520219910214930433
1520219912937132033
1520219915059355651
1520219917945131008
1520219924081393664
1520219924404264960
1520219929936601089
1520219935653662720
1520219936626511873
1520219938992099329
1520219942590758913
1520219946298626048
1520219948748091394
1520219948878295040
1520219948765032454
1520219953919840257
1520219955475914752
1520219957073752064
1520219958575349769
1520219959690891264
1520219965206499328
1520219968419282945
1520219968863940610
1520219970491359233
1520219980175921154
1520219983376121856
1520219989348958224
1520219993098530816
1520219994101100545
1520219997422993408
1520219999499128832
1520220011041808384
1520220013910761472
1520220017429725184
1520220028158816258
1520220028280389635
1520220030591713281
1520220032176992303
1520220035037507586
1520220037998690309
1520220045615448065
1520220048165679104
1520220048530542593
1520220048559951873
1520220049621065728
1520220053005864961
1520220057858584576
1520220061188993026
1520220062262603776
1520220071645351938
1520220077089566722
1520220077857120256
1520220080256208897
1520220084102438913
1520220084261867520
1520220091169792000
1520220096894935040
1520220098262360065
1520220103127797760
1520220104142770184
1520220104088178688
1520220107238260741
1520220107934507010
1520220108475543555
1520220108798500867
1520220112309133315
1520220113848442880
1520220126838247426
1520220128494952449
1520220131355357185
1520220132936667136
1520220134920626177
1520220139312095232
1520220140037713922
1520220142587850753
1520220144814985216
1520220150582190082
1520220158803038209
1520220162313658368
1520220163550896128
1520220163601281024
1520220176452669440
1520220183197069312
1520220190855806977
1520220194706182151
1520220195498901505
1520220195935059968
1520220201907888128
1520220202578894850
1520220209717592064
1520220210162282496
1520220211177312256
1520220211596734469
1520220213727350784
1520220213882408960
1520220222845861888
1520220227493105665
1520220234455601154
1520220244727500802
1520220251719606272
1520220265715748865
1520220269046124546
1520220274787950592
1520220277300510721
1520220284267253765
1520220285886246913
1520220292920053761
1520220294329376768
1520220297651228672
1520220298620059650
1520220299043688449
1520220299157032961
1520220299463172098
1520220300205506562
1520220300213985281
1520220301358944256
1520220302147477506
1520220303757963264
1520220317699821569
1520220331256033280
1520220331771899904
1520220331960582147
1520220337354559490
1520220344522469377
1520220345361477634
1520220348905660416
1520220355943706625
1520220360192532480
1520220363480870912
1520220366270042117
1520220366546903041
1520220371840086019
1520220372125298688
1520220374503464960
1520220379783983106
1520220380803354624
1520220382619262977
1520220382892109825
1520220385861672962
1520220393440612355
1520220395655380992
1520220396922060801
1520220406351024128
1520220410914254850
1520220416337399808
1520220418363334657
1520220427741716482
1520220439347400708
1520220443621396481
1520220444942647296
1520220446939127810
1520220453578711041
1520220456309207040
1520220457823514624
1520220461828878336
1520220463372578816
1520220464290877440
1520220465758969857
1520220467428487170
1520220468086808576
1520220470653632512
1520220473413488642
1520220478832472064
1520220480543854594
1520220488651345920
1520220497685929984
1520220505327943683
1520220509371207680
1520220510377943042
1520220510671364096
1520220511837511688
1520220523095298048
1520220529214377984
1520220532863512576
1520220535929585665
1520220536969781248
1520220544905453569
1520220546507620353
1520220550680956928
1520220552539082753
1520220553180860417
1520220553436532736
1520220556376911872
1520220557899350016
1520220559371644929
1520220560675983361
1520220561657499648
1520220562123075586
1520220563607801858
1520220564618686464
1520220564786397187
1520220564647989250
1520220564585074691
1520220578854154243
1520220581605564416
1520220581634969600
1520220583044202496
1520220583321079809
1520220584709394433
1520220591801999360
1520220593899061250
1520220598047154176
1520220599850872832
1520220604019974147
1520220605236187136
1520220607228559360
1520220616347070464
1520220619220135942
1520220633627770885
1520220635154288645
1520220638794993664
1520220638908231685
1520220641563136002
1520220647783165952
1520220649519816712
1520220658017259520
1520220662404685826
1520220668566159373
1520220669681836034
1520220678032613376
1520220686043824128
1520220692012220416
1520220693686001664
1520220701365616644
1520220701453856773
1520220703764762624
1520220708651126785
1520220711050268673
1520220713457971201
1520220718285402113
1520220718671273985
1520220720219004932
1520220721548513287
1520220723733839873
1520220729782030336
1520220731015114755
1520220732290174977
1520220736710971392
1520220739638550530
1520220745133178881
1520220748731797505
1520220748886990848
1520220751864995841
1520220753618083842
1520220763265060864
1520220769057394689
1520220771133579265
1520220773717352453
1520220774975614978
1520220775411851265
1520220775726436352
1520220781216681985
1520220781623627776
1520220783288725507
1520220786308657153
1520220791933128705
1520220794709757952
1520220794831388674
1520220795460628482
1520220796010045440
1520220798383968256
1520220801861095426
1520220805187186694
1520220811474481152
1520220820492238848
1520220823797346304
1520220824199962624
1520220824267075587
1520220826083201027
1520220827475714049
1520220829816135682
1520220830516531206
1520220831015739393
1520220842441031681
1520220842491318273
1520220843351355393
1520220847520518144
1520220850116517891
1520220851102175233
1520220851592904705
1520220852779896833
1520220854428311552
1520220855841734657
1520220855908896770
1520220857980776449
1520220860925231106
1520220862124859392
1520220868567347202
1520220871260250113
1520220872132366336
1520220872816140289
1520220874036498432
1520220874145681412
1520220874862960641
1520220877232738304
1520220881045397504
1520220885709377538
1520220887575896065
1520220890339942400
1520220891623346177
1520220894781652992
1520220896476241921
1520220903681892354
1520220904843886592
1520220905351352321
1520220905674358784
1520220905724596225
1520220910334189568
1520220911344967682
1520220915975417856
1520220919565889536
1520220919897149440
1520220926561951749
1520220932224258048
1520220937920172033
1520220940537368576
1520220941472907265
1520220947311067136
1520220948175237122
1520220950498844673
1520220951568437248
1520220951639699457
1520220956014542848
1520220957926899714
1520220958014988288
1520220963845165056
1520220968119160833
1520220970929295360
1520220974410575872
1520220974695821312
1520220977677934593
1520220978864963585
1520220980412825600
1520220981599506433
1520220985072439298
1520220985173151747
1520220989338050560
1520220992865546247
1520220994782347264
1520220996350980096
1520221000130084865
1520221002327810048
1520221002902519809
1520221004500504577
1520221011177881600
1520221011890765824
1520221015749632002
1520221024591265794
1520221026805817346
1520221027711729665
1520221028806717440
1520221030291230723
1520221034485530624
1520221040441708544
1520221043725590535
1520221051271143424
1520221053137698818
1520221056652374016
1520221063132684289
1520221067461201920
1520221073039663104
1520221073983164416
1520221074385997826
1520221095672037377
1520221100940173312
1520221108900794368
1520221108968034304
1520221109018189824
1520221109601382401
1520221109580230656
1520221109962088448
1520221111308455938
1520221111639855105
1520221114219249664
1520221114408050690
1520221117507645442
1520221118757543939
1520221121810817024
1520221128379166721
1520221128630972417
1520221132850356224
1520221134209355777
1520221143109668864
1520221144758079489
1520221146402234369
1520221148310425600
1520221153691942912
1520221155088601088
1520221156300795906
1520221157986873344
1520221158037151744
1520221164789977090
1520221166509727751
1520221167746965505
1520221172880875526
1520221174231408640
1520221174818430976
1520221180036149248
1520221191344066560
1520221192044568576
1520221200408010753
1520221203058905092
1520221203369234434
1520221209463513088
1520221210558279686
1520221213305577473
1520221215977132032
1520221217386602497
1520221227645874176
1520221229881479168
1520221241012940800
1520221246679519232
1520221253914701825
1520221254414106624
1520221259098898437
1520221259384172547
1520221263481909248
1520221264153313280
1520221264937332736
1520221272914989056
1520221276425662466
1520221283119734788
1520221301025214464
1520221301591490561
1520221303654993922
1520221313876512768
1520221314136645632
1520221318473465856
1520221320323248130
1520221324320423938
1520221326325207043
1520221326778187781
1520221327193477120
1520221327411482624
1520221329022234624
1520221330607644675
1520221332486893568
1520221332876759040
1520221333627490304
1520221337658265600
1520221338216062976
1520221339793203200
1520221341865062401
1520221341986742272
1520221342582288389
1520221342993469440
1520221342985068544
1520221344209715205
1520221346009124864
1520221346000691200
1520221352233512960
1520221353772818432
1520221354351599617
1520221355253194753
1520221356293451777
1520221357656715264
1520221359024001024
1520221369748885507
