1519843894934089730
1519843896616013826
1519843897144451073
1519843899195502603
1519843900533493760
1519843906006962183
1519843911639908352
1519843912839532549
1519843912654884865
1519843913355472896
1519843914542612480
1519843915951599617
1519843920926150657
1519843921429413889
1519843923098746880
1519843923258232832
1519843931441475584
1519843938252767236
1519843940136062979
1519843940572217351
1519843944577650689
1519843946192588802
1519843949623615488
1519843953893249024
1519843953914175488
1519843954304466946
1519843954883182594
1519843957802422272
1519843959505309696
1519843960243593217
1519843960411377669
1519843960830808065
1519843963611529224
1519843965880737793
1519843967851978755
1519843969466830848
1519843970557358081
1519843973879238656
1519843975498276870
1519843978325073921
1519843984297897985
1519843989511450627
1519844002186596352
1519844008696156160
1519844011258830850
1519844011733024768
1519844012248731651
1519844018368229376
1519844019622268928
1519844020217954307
1519844021224767490
1519844028380073985
1519844030259073025
1519844031622221824
1519844033216008192
1519844033337520128
1519844035497795587
1519844038928650240
1519844043764781059
1519844049947172864
1519844050550988801
1519844051326930944
1519844052866371587
1519844055651434497
1519844058058928128
1519844060009320453
1519844061456252930
1519844062639046668
1519844066522894336
1519844067676467202
1519844068141981697
1519844073850368000
1519844076656463877
1519844081647595521
1519844084663345156
1519844085380620288
1519844085720403970
1519844089763708930
1519844101143031808
1519844111083319298
1519844113818046465
1519844114438803456
1519844114405146625
1519844119413202944
1519844121791414272
1519844122391040000
1519844123095842817
1519844125348188162
1519844127961100288
1519844130645590017
1519844132411248640
1519844132763672576
1519844134378483714
1519844142658072576
1519844146542006272
1519844146634276865
1519844155266064386
1519844159368175616
1519844164753670145
1519844166972362754
1519844167534452737
1519844182386388998
1519844183808294913
1519844185032978436
1519844186203295751
1519844187000217602
1519844190527832064
1519844193828495366
1519844197964079106
1519844199377559553
1519844204041719808
1519844206935691265
1519844208902823939
1519844210303959040
1519844210974892032
1519844211864096773
1519844214049329152
1519844215588593665
1519844216779816962
1519844218222653446
1519844221880090626
1519844224404971521
1519844225470320640
1519844226179436544
1519844228217683970
1519844228184129536
1519844236518113290
1519844236807528450
1519844239278026753
1519844239366148098
1519844240154628097
1519844241043820545
1519844241949798400
1519844245322051584
1519844249797337088
1519844252146151425
1519844256113999873
1519844258940870657
1519844261331570693
1519844261432381447
1519844262225059843
1519844262409613313
1519844264318242817
1519844266033483776
1519844267220508672
1519844268378140672
1519844269892243457
1519844274719895552
1519844279102980096
1519844279325188098
1519844284488376321
1519844291383894021
1519844291409063936
1519844296135950336
1519844300208619520
1519844303094300672
1519844303408926720
1519844307552849920
1519844308962230277
1519844309981405186
1519844312393076736
1519844314523783168
1519844314926534657
1519844315639472129
1519844317984133121
1519844320743989249
1519844322434289664
1519844322304217089
1519844322690150402
1519844322329481216
1519844325055766529
1519844325919756295
1519844327442239490
1519844329547780096
1519844329904386051
1519844331032563713
1519844333431762945
1519844334761304065
1519844341270953988
1519844341279342592
1519844342571098112
1519844344546611206
1519844345364447232
1519844350456627200
1519844351152689152
1519844351215648768
1519844351970586631
1519844352704622593
1519844356928253953
1519844358370971648
1519844359969157120
1519844364016660483
1519844364968767489
1519844369997733894
1519844370811400193
1519844373088935938
1519844373122494464
1519844380848246790
1519844383666884609
1519844391636152321
1519844398246236161
1519844400888782848
1519844403501801474
1519844411433263105
1519844411709919233
1519844413832314880
1519844415182884865
1519844416109826052
1519844423181508610
1519844424175562756
1519844426163568641
1519844435651084294
1519844441011466240
1519844442764632066
1519844444530429955
1519844447613239297
1519844452721840128
1519844460804333569
1519844465271259137
1519844465875238918
1519844467162992642
1519844478936395776
1519844479720890369
1519844482648358912
1519844486448398336
1519844487580819456
1519844488746876928
1519844490965626880
1519844491053645824
1519844492660125696
1519844495017140224
1519844512163860481
1519844516273999873
1519844522573844483
1519844522494205952
1519844522569744384
1519844527158136832
1519844527229517827
1519844538411532290
1519844543469744128
1519844548263956482
1519844550390521859
1519844551703384064
1519844554060480512
1519844562402951169
1519844563871010818
1519844568178601985
1519844568795160576
1519844569185202176
1519844571936706561
1519844573761220608
1519844580824395777
1519844582145794048
1519844585207476224
1519844585819848704
1519844586918662144
1519844588839657472
1519844596913688578
1519844602169241600
1519844604794785792
1519844604849405953
1519844605080002563
1519844606543904768
1519844606636138498
1519844607240163328
1519844615028936704
1519844621039321088
1519844625489571846
1519844626252902401
1519844628312125440
1519844630119940101
1519844635169935361
1519844637514547201
1519844638533824513
1519844640438067200
1519844644481347584
1519844652429545473
1519844655239774208
1519844661992513537
1519844662877560834
1519844666031673345
1519844667189305344
1519844667751342082
1519844668862877702
1519844668900585475
1519844670741876736
1519844671631024130
1519844672654434304
1519844680892096513
1519844687602872321
1519844688236326916
1519844688685158400
1519844699137224704
1519844700668280834
1519844702098362368
1519844705609175041
1519844709493280773
1519844714899509248
1519844719739686915
1519844722008862721
1519844729814405122
1519844734247833601
1519844737968226304
1519844745903853569
1519844745966604288
1519844749062115328
1519844761321889793
1519844761284358146
1519844764459450370
1519844769609961473
1519844769563820032
1519844772244033537
1519844772285931522
1519844772600377344
1519844774089568259
1519844783258324992
1519844787481939968
1519844793999798272
1519844797745451008
1519844798060179456
1519844798441656322
1519844799771291648
1519844806100459520
1519844808562556933
1519844808679956482
1519844811175608321
1519844812152872961
1519844814526861313
1519844816720388096
1519844817211174913
1519844819433971713
1519844819534848000
1519844819543154688
1519844830003740675
1519844846067982338
1519844846856544259
1519844849666727937
1519844850723655680
1519844855492587523
1519844860823580674
1519844861821833217
1519844867136012290
1519844867957870592
1519844868473999360
1519844882566852608
1519844892490539010
1519844894629670914
1519844896030535683
1519844898396119040
1519844899037843459
1519844904310128641
1519844908546334722
1519844910022672384
1519844910941315072
1519844911356518401
1519844917052325890
1519844920227418119
1519844924174307328
1519844928976785409
1519844933556838400
1519844934462980096
1519844935297638400
1519844942172102657
1519844947679141889
1519844951206481921
1519844954276777984
1519844958655725568
1519844964624084997
1519844965244968961
1519844971259564038
1519844974317260801
1519844974363299842
1519844976074625024
1519844982588428289
1519844985129996288
1519844985872556032
1519844990192480256
1519844992877010950
1519844996454752259
1519844997130067969
1519845001236291585
1519845003014586368
1519845003786428416
1519845004595937284
1519845005963272193
1519845006214942720
1519845006273441792
1519845008311918593
1519845008702066691
1519845016297951234
1519845016805462017
1519845017430511617
1519845021700308992
1519845023298297856
1519845025890381826
1519845029447180288
1519845032131538945
1519845032731234304
1519845035595812864
1519845041359015936
1519845042906705921
1519845044009766919
1519845045335396353
1519845046299758592
1519845050024353797
1519845052545130497
1519845055531565057
1519845056894709760
1519845058085720064
1519845065044238337
1519845066264752128
1519845070144479233
1519845075735531520
1519845079015325697
1519845080839901193
1519845081305473024
1519845085378187266
1519845088838529026
1519845100884574208
1519845103875112961
1519845104885899265
1519845108383895556
1519845112196395009
1519845112393744384
1519845119339474946
1519845122644451328
1519845129430970370
1519845131708506115
1519845131834302464
1519845135437242369
1519845136749907968
1519845141057576960
1519845144589180929
1519845161236594688
1519845161802547206
1519845162591084544
1519845168651939840
1519845171457896454
1519845172493926400
1519845174393774080
1519845178374332417
1519845183487107073
1519845183508127745
1519845184741203971
1519845185751904257
1519845185693360129
1519845189698957315
1519845200402604032
1519845201069674496
1519845202613223424
1519845202852302851
1519845202902540289
1519845204450320384
1519845205276569601
1519845206702661634
1519845207314866177
1519845207424049154
1519845208455880705
1519845208917172224
1519845210196430850
1519845220824883201
1519845224260190209
1519845226147364864
1519845227854508032
1519845228529676288
1519845232728317952
1519845235269980160
1519845242958237704
1519845252823076864
1519845253171355656
1519845257558511620
1519845259387232259
1519845260733693952
1519845261966721026
1519845263031947265
1519845263472574464
1519845265087340545
1519845265724821669
1519845270099574785
1519845270342799361
1519845279251394560
1519845284615966725
1519845285836451840
1519845288319631361
1519845288516767744
1519845294736871426
1519845296297193473
1519845297425420289
1519845297710669824
1519845298998505472
1519845299128311810
1519845311165997059
1519845311740588036
1519845315066617856
1519845315406356481
1519845316853383171
1519845320745750529
1519845321752256512
1519845324562386945
1519845326550614017
1519845327616028672
1519845327788036100
1519845336365383680
1519845338818957313
1519845339062222849
1519845357043306497
1519845358821597184
1519845364064571392
1519845366589444096
1519845369995272192
1519845377297506304
1519845377419190273
1519845387472982017
1519845391029751808
1519845392787156993
1519845397816090624
1519845397665046528
1519845398474477568
1519845399623651328
1519845400940883968
1519845401326542848
1519845401678991360
1519845404044636161
1519845404073861121
1519845406540189701
1519845407391629312
1519845408222195714
1519845409295851522
1519845409660686336
1519845417525071884
1519845423929860100
1519845424714199045
1519845429000773634
1519845429688815616
1519845434461757440
1519845435900317696
1519845436382584832
1519845437699731468
1519845440644128770
1519845442342858759
1519845442716119042
1519845444003631105
1519845447132762113
1519845450119286784
1519845453612797954
1519845456964108288
1519845458394456069
1519845459778584577
1519845465788985344
1519845476723564551
1519845476945780737
1519845478397255680
1519845479093354496
1519845481609936899
1519845482910072835
1519845484537561092
1519845489503621121
1519845490833211392
1519845492598919169
1519845494217924608
1519845496591953920
1519845498185605120
1519845499209064448
1519845514765873152
1519845518096089093
1519845520403017729
1519845521992654848
1519845534000992257
1519845534479142914
1519845536173596672
1519845537113071616
1519845537121456128
1519845540980166658
1519845544990023683
1519845546676330496
1519845551986126848
1519845556683739136
1519845562929057794
1519845563172282368
1519845566347423746
1519845566452146177
1519845568536793088
1519845575042158593
1519845575365398529
1519845587943923714
1519845588388487169
1519845590359842817
1519845592423288833
1519845593014849537
1519845595661451264
1519845597137752064
1519845598798794753
1519845607900426240
1519845609561280515
1519845610060279809
1519845618302259201
1519845628670529537
1519845634416783361
1519845637851860993
1519845639525445636
1519845640582356995
1519845651202420736
1519845655212179457
1519845655321141248
1519845656277356545
1519845657825230849
1519845658219401223
1519845660723449858
1519845662690533379
1519845667279151104
1519845668478664707
1519845668260618240
1519845669678333954
1519845680646402049
1519845682139389953
1519845691740274688
1519845694101725184
1519845694940618754
1519845696005885955
1519845696987402250
1519845707880017923
1519845711319379968
1519845712758177792
1519845719951171584
1519845725558870018
1519845726683111424
1519845728583135232
1519845733909897216
1519845736023793665
1519845737957404673
1519845740155224065
1519845747793014786
1519845749646893057
1519845750347382786
1519845752134062080
1519845757607682049
1519845757469265921
1519845763907350529
1519845764700200966
1519845768630317058
1519845771323092992
1519845771880898560
1519845776289062913
1519845781771071488
1519845782341525504
1519845782978973698
1519845784761610241
1519845791573192705
1519845795247562753
1519845799735316486
1519845800695762944
1519845802084024321
1519845805343100931
1519845812263555072
1519845820681625601
1519845821637869569
1519845835034537985
1519845837249122305
1519845840868814849
1519845841963470851
1519845851400740866
1519845854152175616
1519845855297253376
1519845865929809920
1519845866022088704
1519845872258863104
1519845886003924992
1519845888046206976
1519845908069953539
1519845910116769792
1519845910301224960
1519845917456621568
1519845919574958081
1519845920375906304
1519845920942309377
1519845921365938178
1519845923509219331
1519845930962505728
1519845936838680576
1519845943046295554
1519845952890187776
1519845954656280576
1519845955264253952
1519845955390128128
1519845960729477120
1519845963334139904
1519845964894261248
1519845984892768256
1519845984980897797
1519845986947850241
1519845992396472322
1519845995189874691
1519846003075133440
1519846004123930624
1519846004610281472
1519846004681584641
1519846006376087553
1519846009291091970
1519846011103068161
1519846011677593602
1519846013330239489
1519846015481917440
1519846016152915969
1519846019311104000
1519846022209548293
1519846027183939585
1519846029247774720
1519846034226176001
1519846036679839745
1519846040165392385
1519846042056855553
1519846043466174465
1519846046456852480
1519846047530782720
1519846048767877122
1519846054522408961
1519846059454869504
1519846061594091520
1519846063976423424
1519846066249732098
1519846069831675909
1519846072679636992
1519846078773821440
1519846081131122688
1519846083823812609
1519846090429792256
1519846091792916481
1519846092170567682
1519846092258480128
1519846092841574401
1519846093500018688
1519846095085518853
1519846095173689344
1519846097983787009
1519846105059667968
1519846105244385280
1519846105479065601
1519846107030986752
1519846107710427137
1519846113376931841
1519846113834061825
1519846119429349376
1519846129160101889
1519846130657415169
1519846133111140356
1519846135631859719
1519846136856592386
1519846149724774400
1519846153591963649
1519846157593292802
1519846158717399043
1519846160931991552
1519846176572514310
1519846179902738435
1519846181567881217
1519846182457122817
1519846186588508163
1519846187205021697
1519846189138595840
1519846191156142081
1519846194373140480
1519846197296570369
1519846199854964736
1519846211674468353
1519846213666820096
1519846214698770432
1519846220927283200
1519846221795364865
1519846225775931403
1519846238778183680
1519846239998644225
1519846241236049920
1519846241147965441
1519846242574127105
1519846243819831299
1519846245518479362
1519846248949612544
1519846252942344194
1519846253458522112
1519846256901820419
1519846257174401026
1519846260467023872
1519846264933949443
1519846270902444034
1519846272105996288
1519846275151429632
1519846275839107072
1519846277466316800
1519846279655923714
1519846282730385408
1519846289638371336
1519846290707861504
1519846291735334912
1519846298735853568
1519846299100921856
1519846299620757514
1519846304582717440
1519846306436554752
1519846310827941888
1519846310924464136
1519846314409967618
1519846319438942208
1519846321179422721
1519846322576236547
1519846323645730821
1519846324375539714
1519846324308348929
1519846326720204803
1519846328645390336
1519846349138796544
1519846351269335040
1519846356088668171
1519846364469166081
1519846365404278786
1519846367623065606
1519846368147255297
1519846374459772931
1519846376112283649
1519846378108764163
1519846378402418690
1519846390582632449
1519846391740260352
1519846394433089536
1519846396358189058
1519846404243476481
1519846404641935360
1519846406768496640
1519846414532161540
1519846417640173575
1519846418319556609
1519846421524008960
1519846425521270786
1519846428516007936
1519846430298492930
1519846430671843330
1519846430713733125
1519846432324276224
1519846433091899398
1519846433209430016
1519846433129648128
1519846434866085888
1519846436694859777
1519846438615887872
1519846439345475584
1519846440591273986
1519846445452603395
1519846446056583175
1519846447130185729
1519846450347356161
1519846455799914496
1519846461860683777
1519846466386284545
1519846470580592647
1519846475555086336
1519846477555773441
1519846478604234752
1519846479871021058
1519846481909678080
1519846482492465157
1519846482584743938
1519846485763846144
1519846485965348864
1519846487093612549
1519846500842491905
1519846504298594305
1519846509621166080
1519846511726706695
1519846513928814594
1519846517636481024
1519846521386287105
1519846523634597889
1519846523353407488
1519846526289338369
1519846530177454080
1519846534078214144
1519846534929694720
1519846538708668416
1519846543850979329
1519846545105076225
1519846546153476096
1519846547495788544
1519846547730710529
1519846551639797760
1519846553359466499
1519846554177257473
1519846563438338048
1519846567297138689
1519846567548624896
1519846567599083521
1519846573961846785
1519846576008704000
1519846579578064896
1519846587794661377
1519846593628979203
1519846594648199168
1519846594639802368
1519846595495346180
1519846596485300226
1519846609902878720
1519846614197673984
1519846616508809218
1519846620292079619
1519846627384737798
1519846633105723393
1519846634716381184
1519846640399659008
1519846643025207303
1519846643864154114
1519846652676354054
1519846653116649472
1519846654299578369
1519846655654342657
1519846655939461122
1519846658862985216
1519846659643035652
1519846660494475264
1519846664814661634
1519846669843578880
1519846672645378048
1519846673677266945
1519846673996206080
1519846678123188226
1519846679339491335
1519846681793241089
1519846685509361668
1519846689116504064
1519846690773159941
1519846690928439299
1519846693721841664
1519846695986954240
1519846698251608066
1519846700445224962
1519846701653274625
1519846703557398530
1519846705369337856
1519846705709170688
1519846705939861504
1519846708045565952
1519846710658445313
1519846711652454402
1519846714806611969
1519846716916342786
1519846716853428224
1519846722524135424
1519846722796548096
1519846725472690176
1519846726718439425
1519846731462201345
1519846734410575872
1519846735790714882
1519846737271271424
1519846741071249409
1519846743101243392
1519846745135583233
1519846748323254273
1519846757382905862
1519846757454295040
1519846759446589442
1519846771119243266
1519846775837937664
1519846781521055745
1519846781554769922
1519846788580139010
1519846786906611712
1519846794359975939
1519846794636656641
1519846796331294720
1519846803776151552
1519846817533472770
1519846820104527873
1519846831332732928
1519846831794053120
1519846832108670980
1519846839260004352
1519846839750696960
1519846841810100226
1519846844641300482
1519846846721667073
1519846855479283715
1519846861611360256
1519846869018501120
1519846869832114176
1519846875473584129
1519846875708510209
1519846877511966721
1519846877801463808
1519846878866722816
1519846886357843968
1519846893093859330
1519846893702074368
1519846897778925570
1519846898169167872
1519846899305570307
1519846902161973250
1519846909673979905
1519846913884971014
1519846918033223680
1519846932184813569
1519846933774409729
1519846939000459264
1519846939151450112
1519846939252203520
1519846939314978816
1519846939507970049
1519846947787444224
1519846948752474112
1519846952384540672
1519846962941603840
1519846963667431424
1519846970700877824
1519846971921469440
1519846972232187904
1519846977697157121
1519846987386040321
1519846988421939202
1519846990192025601
1519846991152312320
1519846996105854976
1519846996210765824
1519847002397454336
1519847004725256194
1519847009078984705
1519847010462953472
1519847016179937282
1519847018272903168
1519847018314833923
1519847019849916423
1519847025877073921
1519847026627956742
1519847027584163840
1519847029417119744
1519847032940208128
1519847033686867969
1519847042201399297
1519847043593818114
1519847044952829952
1519847045955305472
1519847048899665922
1519847049667170305
1519847051554525184
1519847052754173954
1519847062988283905
1519847065840680960
1519847072035442689
1519847073033732096
1519847073432014849
1519847074610749441
1519847082005311490
1519847082840014851
1519847095171043329
1519847099512332288
1519847104025628672
1519847104193212422
1519847112430821383
1519847114242723841
1519847116784480256
1519847120676794368
1519847123243708416
1519847126288715776
1519847128843046913
1519847130529243136
1519847134476091395
1519847137390972928
1519847137533743108
1519847151010000896
1519847155841835008
1519847158475857921
1519847165719457803
1519847165807505409
1519847167170596864
1519847172669427715
1519847173864792066
1519847178625241092
1519847192684601344
1519847199714299905
1519847202121732097
1519847202859925506
1519847204588072961
1519847206701969410
1519847210393169921
1519847211181424640
1519847212729073664
1519847213211742208
1519847215862272002
1519847216688472064
1519847220274733058
1519847221738491905
1519847225031016448
1519847227040096257
1519847229220999169
1519847230651441154
1519847231117041665
1519847239803363329
1519847241313398784
1519847244127936512
1519847247055405060
1519847251031752704
1519847254869348353
1519847262721089537
1519847272678400001
1519847273970245633
1519847273953329152
1519847280848912385
1519847288956493824
1519847290130817025
1519847292018348033
1519847292483874821
1519847298049757184
1519847298867552257
1519847307851837440
1519847310645157889
1519847317993672704
1519847319453061120
1519847321080668161
1519847322464800769
1519847323437830145
1519847326080188416
1519847333349019648
1519847336918552576
1519847337568448516
1519847338285670400
1519847339627798529
1519847339413880835
1519847341120966662
1519847342073159681
1519847344912711686
1519847346586193920
1519847347479580672
1519847350902173699
1519847352240164869
1519847354395942913
1519847359622094854
1519847359957684226
1519847364755787776
1519847366961942529
1519847367750602752
1519847370225336320
1519847374398578688
1519847375367553026
1519847377750093825
1519847378635063296
1519847384368529427
1519847389019918336
1519847391301718016
1519847393654722560
1519847398893314048
1519847400650821634
1519847406241734657
1519847413326000130
1519847413934170112
1519847413980319744
1519847414978514945
1519847420167090176
1519847423614541824
1519847433882251265
1519847436679880706
1519847444112101378
1519847450055487488
1519847450504278022
1519847451963932672
1519847454400733184
1519847457026367490
1519847457101860864
1519847458041438208
1519847459387842560
1519847461896003585
1519847462176964608
1519847462382493702
1519847472490762240
1519847473929408512
1519847474357276682
1519847478425624576
1519847479323369473
1519847480317419520
1519847485447053312
1519847490651971586
1519847492334063616
1519847494603182080
1519847494703800321
1519847501590896640
1519847502312263681
1519847504069681158
1519847504451448834
1519847509471891456
1519847515264274432
1519847520830210048
1519847523615133696
1519847537787559936
1519847540446932993
1519847545253634049
1519847553352744961
1519847560042717185
1519847563142344708
1519847565663027204
1519847565839192064
1519847566296424448
1519847570822021121
1519847571312848896
1519847578401128455
1519847583438540800
1519847583815856128
1519847588190691329
1519847589188968449
1519847594654113792
1519847599561453570
1519847601415229440
1519847602535108608
1519847603353047040
1519847605550915584
1519847606641467399
1519847610630217728
1519847612593192962
1519847613914390530
1519847618528043011
1519847619496927234
1519847621661278209
1519847623703863301
1519847626480537600
1519847627084472321
1519847630725160961
1519847635330519041
1519847643215716353
1519847645510082560
1519847648051748872
1519847648638996481
1519847654439727105
1519847657686110210
1519847659401535489
1519847662010445829
1519847665252638721
1519847669316919297
1519847669199429634
1519847671783112704
1519847672424898561
1519847673897132032
1519847677604814849
1519847690607423489
1519847692641394689
1519847697758535680
1519847697838231552
1519847700186992643
1519847704800776198
1519847711218061320
1519847725617008643
1519847726414016512
1519847726476931072
1519847733254934533
1519847736140513280
1519847740175495169
1519847742188752896
1519847749008642058
1519847757850185728
1519847759758737408
1519847760870129664
1519847765672611843
1519847768918999041
1519847770617696258
1519847773444714497
1519847774396817415
1519847772723286016
1519847774891692032
1519847776229761025
1519847777185972224
1519847779362820096
1519847781124431872
1519847787537522690
1519847799403261957
1519847803249467399
1519847803626967041
1519847808857161731
1519847813819023361
1519847814825656321
1519847816390385666
1519847816935481344
1519847826137796608
1519847827307843584
1519847830034255877
1519847830755717120
1519847831070248962
1519847835667214336
1519847835818250240
1519847838062153728
1519847838993297411
1519847842294157312
1519847846396276738
1519847854008934400
1519847854776406018
1519847855451746311
1519847860438712321
1519847865870340099
1519847868315705344
1519847876641312778
1519847881280299008
1519847885965254656
1519847886531567616
1519847887475200000
1519847888792268800
1519847889199112192
1519847897898102784
1519847901106782208
1519847903988224002
1519847905737248772
1519847907725398021
1519847908228870144
1519847910292217859
1519847914683518976
1519847915514216448
1519847919465254913
1519847919490326533
1519847919893065728
1519847923403694081
1519847926213742592
1519847926247620608
1519847928160227328
1519847929099472898
1519847931813236737
1519847932345958400
1519847940101128199
1519847941028163586
1519847943616057344
1519847947114004480
1519847949278318593
1519847949660037122
1519847956802809856
1519847957637611521
1519847960959459331
1519847972103675904
1519847974813196291
1519847976759353349
1519847983956824064
1519847985844310017
1519847988184682497
1519847991338749955
1519847995721846785
1519847998385233921
1519847998854942721
1519848001463795712
1519848014948585473
1519848019755245568
1519848022137786369
1519848022225661952
1519848024868065280
1519848025056759808
1519848026667376643
1519848028890357766
1519848029225947141
1519848032128356359
1519848036314357760
1519848038071681025
1519848040474890241
1519848041682980870
1519848046200299520
1519848050067480578
1519848051191472128
1519848053053661184
1519848054760910856
1519848055197126657
1519848058602803200
1519848058531557376
1519848059139674113
1519848061488582656
1519848064747454465
1519848077187821573
1519848079758970880
1519848080811913219
1519848085387718656
1519848090366320640
1519848090332803073
1519848090869678080
1519848107592269824
1519848108095688704
1519848108351533061
1519848117650309121
1519848119990734849
1519848125556568064
1519848132204445697
1519848134523990016
1519848139297103874
1519848144472875010
1519848146574192640
1519848153280880641
1519848157005369344
1519848161329782787
1519848168334188546
1519848170376859650
1519848176278249472
1519848177280724996
1519848177586876417
1519848186726301700
1519848187351207936
1519848188487733249
1519848196876472321
1519848200395497474
1519848201184247813
1519848203146903552
1519848209887076355
1519848221266305024
1519848221866135555
1519848226433679360
1519848227729776643
1519848229478744064
1519848232687439873
1519848235443105794
1519848238446174210
1519848239947784193
1519848245152915457
1519848246549655552
1519848246968991751
1519848249481388033
1519848256162906114
1519848260055277568
1519848263607795718
1519848264224411653
1519848264601849857
1519848271518351361
1519848273091117056
1519848273347067905
1519848275913891840
1519848277730021376
1519848278476607488
1519848282637455361
1519848282775719943
1519848282859651072
1519848285741195265
1519848291613167617
1519848292011626496
1519848294205251584
1519848293978845184
1519848303118196737
1519848303122391040
1519848303168348161
1519848305525723136
1519848310349123590
1519848311406346240
1519848311813206016
1519848313297596416
1519848329559093248
1519848330309816327
1519848334382743553
1519848336613859346
1519848340812451842
1519848341546414080
1519848342888628230
1519848343907835904
1519848345170325505
1519848350127906816
1519848353017720832
1519848355584561152
1519848357199597570
1519848359577726979
1519848365755875328
1519848367769079808
1519848378229739529
1519848380880535552
1519848391592882178
1519848401319378950
1519848402808365061
1519848403953401856
1519848406579040259
1519848409137614851
1519848409133469699
1519848410408497154
1519848410454573057
1519848412275179520
1519848412589576199
1519848415387082752
1519848418029584384
1519848418780364800
1519848420109860865
1519848419887562752
1519848424404885505
1519848428779577346
1519848434353774594
1519848438963257344
1519848439328215040
1519848440078999554
1519848442004131843
1519848443031736578
1519848443669266432
1519848450791284736
1519848453588848644
1519848454943617024
1519848458605445120
1519848463202238464
1519848464695406593
1519848485331386369
1519848489173278726
1519848491857682432
1519848495816998912
1519848496643428353
1519848507896643586
1519848508265795586
1519848524082520066
1519848526762680320
1519848529186934784
1519848530663428097
1519848531640659969
1519848533330911235
1519848534480199681
1519848543791595525
1519848544118751232
1519848547553796101
1519848554130464769
1519848561495744517
1519848566008819712
1519848568231710721
1519848574728781825
1519848576460812288
1519848585206108161
1519848585437024257
1519848587290677248
1519848588217667584
1519848589077491715
1519848590780289025
1519848597067608064
1519848597927387136
1519848606123143169
1519848610963279872
1519848616508239872
1519848620652208132
1519848626863976448
1519848627266793473
1519848628629942272
1519848628642267138
1519848629871292418
1519848631867641857
1519848636171051010
1519848636712161281
1519848638956154880
1519848639543271424
1519848642626129921
1519848645599891456
1519848648187813889
1519848648170893312
1519848649664122880
1519848654756093952
1519848662565801988
1519848664579121157
1519848670564392960
1519848677585608706
1519848677505912834
1519848679225626626
1519848688218169344
1519848690931937280
1519848691397537793
1519848693951873024
1519848696753664000
1519848699500843008
1519848709865017344
1519848712452952064
1519848714743029761
1519848715946803200
1519848718203293696
1519848718299762688
1519848724993875975
1519848726227046402
1519848728324157441
1519848728600973312
1519848732719783936
1519848732757479427
1519848735970369543
1519848738159796225
1519848739376177152
1519848746711932929
1519848747882135552
1519848748155043840
1519848752814690305
1519848752898621442
1519848755897454599
1519848761983438850
1519848763262738432
1519848763749281792
1519848767868252160
1519848767847030785
1519848768493039618
1519848782434816005
1519848783898501120
1519848787308593159
1519848791821590528
1519848797387608067
1519848808129081345
1519848813028016128
1519848815083327488
1519848816379367425
1519848817989931008
1519848820544266240
1519848820863115264
1519848821538365440
1519848824830935040
1519848827959881728
1519848829339815936
1519848830308597760
1519848832057720832
1519848832829435908
1519848839771037702
1519848841641885696
1519848844481212422
1519848844565037056
1519848846523650048
1519848848176435207
1519848849061429248
1519848851582169090
1519848855638003719
1519848856338542592
1519848861375868928
1519848863858896896
1519848864693600257
1519848866425843712
1519848867705065472
1519848867860480001
1519848868418101249
1519848868615442432
1519848871949709313
1519848873073819648
1519848878698381314
1519848880946429953
1519848882234003457
1519848883706281984
1519848883798560769
1519848883932827649
1519848885983789056
1519848891256119297
1519848893382549505
1519848895551049728
1519848895865569283
1519848902001938432
1519848903138545670
1519848905734823937
1519848907764817920
1519848910566608896
1519848911174832133
1519848924873383936
1519848925418737665
1519848926437953541
1519848927729704960
1519848937221500930
1519848941780672512
1519848942636314627
1519848943152406529
1519848943617720321
1519848944204980224
1519848945706541057
1519848948093145088
1519848952581038080
1519848953067540487
1519848960827006981
1519848961040957441
1519848961137422338
1519848967852417026
1519848970754789376
1519848970956247040
1519848981324468225
1519848991046918144
1519848991940296704
1519849001679532032
1519849005848666115
1519849022281949185
1519849028103643136
1519849032365096960
1519849034420482048
1519849034986536960
1519849036366237698
1519849037075259392
1519849037762994176
1519849041068232710
1519849043492548609
1519849044075503618
1519849044406898688
1519849050199232513
1519849052845883395
1519849056935288834
1519849063180611585
1519849063461494786
1519849068100472832
1519849069300142081
1519849069857890306
1519849071594602497
1519849078229815303
1519849079223824384
1519849082528968705
1519849084454060033
1519849089525063680
1519849094444945410
1519849101109698561
1519849101139005448
1519849104376881152
1519849108088885248
1519849108995031041
1519849112631402497
1519849113491288066
1519849115449892864
1519849124400664577
1519849126837510144
1519849127575707649
1519849134160760834
1519849136836997121
1519849144164134913
1519849150661156865
1519849153911681024
1519849155979530245
1519849156705239041
1519849166918373376
1519849170143789063
1519849170928033792
1519849176384770048
1519849183028518914
1519849186283380738
1519849189781524483
1519849192117649409
1519849195028549635
1519849196391653377
1519849203954073600
1519849205665124352
1519849209268080640
1519849209301716992
1519849212648767491
1519849213051420675
1519849214624292869
1519849220349566977
1519849225852526592
1519849227966455808
1519849236489191427
1519849244697501697
1519849248019333120
1519849251123126278
1519849253308354560
1519849258173804551
1519849258442280962
1519849263479627780
1519849263710281730
1519849264230326276
1519849265744519171
1519849271410921473
1519849274204434432
1519849285113810949
1519849286707646467
1519849287680675840
1519849289567985665
1519849290998419460
1519849291354890245
1519849295733796864
1519849300238471173
1519849306160775173
1519849311412105216
1519849312871718913
1519849315912536069
1519849317057675264
1519849317225439239
1519849320157175809
1519849326490656769
1519849326834507777
1519849330861039618
1519849332735946755
1519849333709062144
1519849337219649536
1519849345071333378
1519849352273215488
1519849358698872833
1519849376256036873
1519849379900833792
1519849381704331264
1519849383721848833
1519849391439417344
1519849392135626752
1519849392697745410
1519849395889524736
1519849395981795331
1519849395088465920
1519849399509299206
1519849404018036737
1519849406777933827
1519849409546174470
1519849411009908736
1519849412050235395
1519849416156360705
1519849416458391553
1519849421781049344
1519849434460344320
1519849437291593728
1519849440928051203
1519849445000720385
1519849446267396097
1519849452894572544
1519849454135877632
1519849455809220608
1519849458002845698
1519849474931183617
1519849481944064000
1519849489766494210
1519849490634608640
1519849491863584769
1519849494229180418
1519849494749319169
1519849505377558528
1519849505486737408
1519849508800282624
1519849511430107141
1519849514957524992
1519849516148662273
1519849524465913857
1519849525678116865
1519849526730936320
1519849527632490500
1519849530539364352
1519849541259907074
1519849542052564992
1519849556619546625
1519849562256687110
1519849566522068992
1519849567503757312
1519849578052595712
1519849584918507525
1519849589842579458
1519849592577310721
1519849592623411200
1519849592694743041
1519849599137198080
1519849600051470337
1519849605386620930
1519849608381296641
1519849611741077504
1519849620880478208
1519849621299904514
1519849622964998146
1519849624705585153
1519849624877608962
1519849628274987008
1519849628132388864
1519849628740603905
1519849629663502336
1519849630481141773
1519849633387790336
1519849634923003904
1519849639897628678
1519849640472064000
1519849640514007041
1519849641143148544
1519849645001916416
1519849645836537856
1519849648101470209
1519849650781671424
1519849658167836674
1519849669328838656
1519849670641872897
1519849679567032320
1519849681085505536
1519849682826141704
1519849696847867904
1519849699939078146
1519849702530899969
1519849702845411328
1519849703801765888
1519849704066068482
1519849704326148097
1519849712475676672
1519849713784262657
1519849715969724417
1519849718129602560
1519849718163066880
1519849721136914435
1519849723255009281
1519849724794351619
1519849729030602755
1519849730397941762
1519849730439798784
1519849741496078338
1519849745610588161
1519849747208876032
1519849748265680898
1519849748508909570
1519849756968857600
1519849757925117958
1519849765076451331
1519849765118300161
1519849769245593605
1519849779643260929
1519849780645662720
1519849784311521280
1519849785548812288
1519849788698763265
1519849788828700677
1519849792817487874
1519849796932096002
1519849801369763840
1519849808558800902
1519849812270759938
1519849812241309697
1519849813268963328
1519849831019298818
1519849832592064515
1519849835557498881
1519849847033053184
1519849847263739907
1519849848345874432
1519849849390346240
1519849852615610368
1519849858135322624
1519849859570073600
1519849859523751937
1519849862052913153
1519849862648324096
1519849866259845120
1519849867077722112
1519849870433173504
1519849875600457728
1519849880210059265
1519849887533342723
1519849892402900996
1519849893690552321
1519849896752340994
1519849899797495809
1519849900460191744
1519849901668065280
1519849904226680836
1519849904780238855
1519849906856419328
1519849908508839937
1519849909062717440
1519849916205518856
1519849918134820866
1519849918785069056
1519849923902066692
1519849925693087744
1519849926657773570
1519849926875877382
1519849927547006977
1519849930562625536
1519849933821693952
1519849940104720397
1519849943548182528
1519849945322430465
1519849950200442880
1519849957997486081
1519849958119202819
1519849958043750402
1519849961592086530
1519849962061844482
1519849963181813761
1519849978037825536
1519849981095653377
1519849988557258761
1519849995272400896
1519849996476198912
1519849996622995458
1519850003535212550
1519850004051017731
1519850008778051584
1519850011550441472
1519850011638607875
1519850012947075072
1519850013794394114
1519850020173979648
1519850035537752065
1519850036242305025
1519850036984754178
1519850040247959555
1519850040679874562
1519850046006693888
1519850059025813504
1519850060460265472
1519850060900667395
1519850067515031553
1519850069159256064
1519850075417161733
1519850077593997312
1519850086196551680
1519850087790350339
1519850095197491200
1519850096585854976
1519850096749330432
1519850104605356032
1519850110066339842
1519850110309515265
1519850110724804608
1519850116911403014
1519850118090043394
1519850123056066566
1519850124280750082
1519850131968991232
1519850134485573632
1519850140059635713
1519850145462079489
1519850150205734913
1519850153154330625
1519850158074253313
1519850163652763648
1519850166815272967
1519850169226956802
1519850169621270528
1519850171512901632
1519850177527439360
1519850178626338817
1519850179389759490
1519850181264654336
1519850181683859456
1519850183172972545
1519850186725543937
1519850188558503937
1519850190492028929
1519850194673745922
1519850194870878210
1519850199518175239
1519850202982756359
1519850206103232514
1519850208967860225
1519850212101087234
1519850212281438208
1519850213040607233
1519850224709165056
1519850229130051584
1519850232556761094
1519850241528410112
1519850245936529412
1519850248931135488
1519850255352832000
1519850258641174530
1519850258531979264
1519850260264333312
1519850261107417088
1519850264437878784
1519850267776270341
1519850267751206913
1519850268078350336
1519850270238429189
1519850270439710720
1519850273618997250
1519850275179270145
1519850276378886145
1519850282141859842
1519850284012478467
1519850287120490496
1519850295836172290
1519850296108793856
1519850300290523137
1519850302643617794
1519850309065056256
1519850311036321793
1519850311846084611
1519850313859366913
1519850315788529664
1519850323380436993
1519850325506764800
1519850337645076483
1519850340706828289
1519850341357006848
1519850340375576576
1519850345387548673
1519850348030083075
1519850348659175424
1519850350202822656
1519850351356264449
1519850359375728642
1519850359870541824
1519850362097836032
1519850371635687433
1519850372746989568
1519850375519641600
1519850385162256385
1519850387213328386
1519850392816869376
1519850396147146754
1519850402170441728
1519850402790969351
1519850406364520449
1519850411779371008
1519850413511655426
1519850418834132993
1519850422625882113
1519850427893919744
1519850429714243586
1519850431786197000
1519850431912071169
1519850432901885953
1519850433531060225
1519850434298626051
1519850436022386688
1519850445824532482
1519850447271510016
1519850450920615937
1519850453189775360
1519850453407879168
1519850454087348225
1519850454229917696
1519850465512542212
1519850485687148545
1519850486756741124
1519850489302728704
1519850490158268418
1519850492922322945
1519850495224991744
1519850495820578818
1519850496311373830
1519850497045417984
1519850501948510210
1519850504137887749
1519850505610039297
1519850512694263809
1519850513831018498
1519850520747425794
1519850530121658368
1519850532915011585
1519850536597606402
1519850539755974659
1519850540104130562
1519850541026787329
1519850543358918657
1519850544692613126
1519850555702755329
1519850558361939969
1519850562774343686
1519850567958474754
1519850568201945088
1519850568352768005
1519850579492839425
1519850579652194307
1519850579652194306
1519850580059074567
1519850587780792321
1519850588493733889
1519850597658533888
1519850603597512704
1519850606009139202
1519850607322054661
1519850608290930689
1519850608555008001
1519850612300517377
1519850616528461828
1519850617560178688
1519850624501886977
1519850624669601793
1519850626313641990
1519850628956237824
1519850631544061954
1519850634643742722
1519850635096735750
1519850635495194627
1519850636019384320
1519850638145998848
1519850639140003841
1519850640872247297
1519850643422388226
1519850645012033537
1519850648094793736
1519850648635949057
1519850651697795072
1519850654122004480
1519850660279328771
1519850666813972480
1519850671553536001
1519850672711094272
1519850672967110656
1519850673281585152
1519850676632887300
1519850679803822082
1519850681787633665
1519850687538118657
1519850691220717570
1519850699601117184
1519850699743543297
1519850703774261248
1519850706617966593
1519850711374344197
1519850712531759104
1519850714092212225
1519850714943692802
1519850720094158848
1519850734556225536
1519850736322064385
1519850737689403395
1519850740763840517
1519850751845146627
1519850752231022598
1519850756446162945
1519850757289390080
1519850765229211650
1519850768655863810
1519850770920886274
1519850771864506369
1519850777480601605
1519850786116755456
1519850793695907841
1519850794425720832
1519850798766870528
1519850800788512768
1519850800985657347
1519850801472196608
1519850802977849345
1519850804785602566
1519850805054033932
1519850807444873216
1519850809085030400
1519850811484151808
1519850812364754947
1519850815623770113
1519850819671277569
1519850822498144257
1519850825257955329
1519850826663141377
1519850831893389312
1519850845600419843
1519850846904897539
1519850847538225153
1519850848884506631
1519850849064787968
1519850851669618691
1519850858875342850
1519850860137828353
1519850861077405697
1519850866722881536
1519850867184263173
1519850868987813894
1519850870271266819
1519850878748049408
1519850879079362561
1519850883911237635
1519850885756588032
1519850894174695426
1519850895130955777
1519850896427044865
1519850896900902912
1519850898599464960
1519850907407683592
1519850907827159040
1519850915070906368
1519850918124130304
1519850925422428160
1519850935811457024
1519850936453246979
1519850939125059585
1519850939473174528
1519850939531857922
1519850940056186881
1519850944309125120
1519850944695267328
1519850947836452865
1519850948381732864
1519850950059511818
1519850950722269184
1519850954652274688
1519850956921450497
1519850964446072832
1519850965624573952
1519850968334184449
1519850971274575873
1519850972595503109
1519850976123006977
1519850980606562304
1519850989523808258
1519850991771922432
1519850992728264705
1519850993764257792
1519850994108149761
1519850996331171842
1519850998495420417
1519851004136767488
1519851013099954176
1519851018070147073
1519851021001969664
1519851021257826305
1519851021845123073
1519851021891219457
1519851027297566720
1519851034063032321
1519851034369216515
1519851035271045120
1519851039012409344
1519851044125265921
1519851046566338562
1519851047099199489
1519851056552759296
1519851059132391425
1519851060902440961
1519851062034894849
1519851064295624707
1519851067739103233
1519851068259188736
1519851070868099072
1519851070968766465
1519851075326652416
1519851077910376450
1519851080540049409
1519851081760706561
1519851082490462208
1519851088400297984
1519851088668635137
1519851094129709057
1519851104011497472
1519851121090744326
1519851124236423168
1519851129659666437
1519851133329903616
1519851134957010945
1519851139277234178
1519851139851763715
1519851144532889600
1519851144503345155
1519851145618931712
1519851146386550784
1519851146696925185
1519851146533294081
1519851148244570112
1519851149012213761
1519851149611966467
1519851154120876034
1519851156276662274
1519851158004957186
1519851159502135298
1519851163008577536
1519851163306405888
1519851169979551744
1519851173158785025
1519851174081536006
1519851176015142916
1519851176631713792
1519851203282325504
1519851205081677829
1519851211809345536
1519851215684841472
1519851215957504002
1519851216104263685
1519851217702338565
1519851222341197824
1519851225012920320
1519851226262867978
1519851226741022720
1519851238061494275
1519851243035840512
1519851244667428865
1519851247720964097
1519851247779655681
1519851249692143616
1519851249478389762
1519851251286126592
1519851261104902145
1519851265232150528
1519851266062565384
1519851271494242304
1519851278733557760
1519851279677366272
1519851295112368128
1519851299071836163
1519851301563211776
1519851303945576456
1519851304612503552
1519851304985808896
1519851308341071872
1519851317799366657
1519851318600421376
1519851321800761350
1519851323059023872
1519851325911179264
1519851333783887872
1519851338456252417
1519851339337154564
1519851340473802755
1519851341048385542
1519851344877821954
1519851345817313281
1519851350540300289
1519851351228010497
1519851351878029312
1519851356974051329
1519851361227128832
1519851371381628928
1519851374284099585
1519851376746156039
1519851383339507712
1519851387596771329
1519851389848985600
1519851393934401536
1519851397579214850
1519851402780151811
1519851407465394177
1519851409474297856
1519851421969129473
1519851426519859200
1519851426603839490
1519851427971190785
1519851428310917121
1519851429648809985
1519851435865030656
1519851441699053571
1519851447604629506
1519851451702562816
1519851455129210882
1519851460699295746
1519851461852766217
1519851472946663427
1519851473370333187
1519851477338300416
1519851479921676288
1519851481054199810
1519851483595956225
1519851494975148035
1519851498359959552
1519851498632794112
1519851501539237900
1519851506513727489
1519851507591663622
1519851509734952961
1519851516559073281
1519851524184236032
1519851525279031297
1519851527808159744
1519851529506852864
1519851531171991553
1519851532660973574
1519851536100298753
1519851537236963330
1519851536922390529
1519851543473831936
1519851556245549056
1519851563124146178
1519851567322742786
1519851572779487232
1519851574146785281
1519851574822158341
1519851580983545856
1519851583529492480
1519851583986675716
1519851595571339265
1519851597051973632
1519851601988665351
1519851603083243520
1519851604102500352
1519851607105622017
1519851611803160576
1519851613518802944
1519851619457937408
1519851626739249154
1519851635471798276
1519851639288606720
1519851639322161153
1519851639645286400
1519851641368989698
1519851649623339011
1519851654719303683
1519851659286876160
1519851663951081473
1519851669114310658
1519851670498390018
1519851671534202880
1519851673467994112
1519851678358548482
1519851681542021120
1519851682204692480
1519851685568516098
1519851688949080066
1519851692346556417
1519851696586903553
1519851698495397888
1519851712210743297
1519851713066258432
1519851714295304193
1519851716564467712
1519851721102659584
1519851722566512643
1519851726672732164
1519851728908087296
1519851733375193090
1519851733530382336
1519851741910552576
1519851743399399424
1519851744213278720
1519851751125688320
1519851752534814721
1519851753549799426
1519851755886030849
1519851768544477185
1519851772361199617
1519851775007858689
1519851782410842112
1519851786466701313
1519851787691466752
1519851789264302085
1519851790128525312
1519851789654372353
1519851792972013568
1519851794087780358
1519851794138124288
1519851795505418240
1519851801348304896
1519851808163831809
1519851808662994946
1519851809069846529
1519851813117308930
1519851814333652992
1519851815634087937
1519851817726881794
1519851818972434433
1519851819194847233
1519851827235282947
1519851833623162880
1519851850354380805
1519851851595882507
1519851853357498372
1519851859237908481
1519851869065158658
1519851869870657536
1519851870101061651
1519851871070003202
1519851871300640772
1519851876832976896
1519851881002119174
1519851882398822400
1519851884072288261
1519851884802097154
1519851886970613760
1519851897330544640
1519851906277036032
1519851908093067265
1519851908458029057
1519851909590437890
1519851917270261763
1519851918851559427
1519851920613015552
1519851922844434434
1519851923473678336
1519851925327560705
1519851927219101696
1519851927596634115
1519851927621844993
1519851927621750784
1519851929744338950
1519851936148819968
1519851939051323399
1519851955526451200
1519851956000509952
1519851959984918528
1519851962719744000
1519851977177550850
1519851977844224000
1519851993606631424
1519851995762409475
1519851996911652866
1519852003454865410
1519852011541483521
1519852016767492098
1519852018621288448
1519852022174044160
1519852024933801985
1519852031707652098
1519852040519831555
1519852040532504576
1519852043871174656
1519852049478787073
1519852053899710465
1519852055720079360
1519852062317727744
1519852063152353282
1519852063324536833
1519852065480228864
1519852068747587584
1519852071801036802
1519852073386401794
1519852077039685632
1519852078495006720
1519852088976543745
1519852091417800706
1519852093913378816
1519852093883965443
1519852102750720000
1519852102994042880
1519852112552898562
1519852112833761280
1519852117191802880
1519852126217723905
1519852126834413574
1519852127153278976
1519852130722627585
1519852132597391363
1519852132664582146
1519852134124199936
1519852149445992449
1519852151434100736
1519852152922980352
1519852158585241600
1519852166919475201
1519852166432927747
1519852168462934016
1519852171961028610
1519852174574080000
1519852189488926721
1519852198917820419
1519852202315161602
1519852203246116864
1519852207725846528
1519852209369931776
1519852218220003328
1519852218706501632
1519852223731220485
1519852232874856448
1519852233722052608
1519852239816314880
1519852241141837824
1519852244459565059
1519852244715417602
1519852254097989634
1519852257948413953
1519852260121001985
1519852263950401537
1519852264923570177
1519852266081112064
1519852269298241538
1519852269533122560
1519852270837452803
1519852271705763840
1519852275488989185
1519852276885643264
1519852282057265153
1519852283474976768
1519852285974786049
1519852289229471745
1519852289434996738
1519852289619599362
1519852297622274048
1519852300248002560
1519852301728550912
1519852308749766658
1519852310050050050
1519852310842822657
1519852314135343105
1519852316639301636
1519852319562780672
1519852321202601984
1519852323064922113
1519852323333414912
1519852325518688256
1519852330795077632
1519852333894676482
1519852342312644614
1519852343201878021
1519852351011659780
1519852358435491843
1519852373388275712
1519852383282552835
1519852384712810497
1519852387678236673
1519852388475183105
1519852388999442439
1519852389397848070
1519852393294446592
1519852396029128704
1519852396620431363
1519852397085999104
1519852405696913410
1519852410595905537
1519852411061424129
1519852413380833280
1519852426287026177
1519852427171844096
1519852433605808132
1519852436206366722
1519852438194475008
1519852442212777984
1519852446469795840
1519852448415948805
1519852451314434048
1519852452752863232
1519852453130350593
1519852453717581824
1519852466011058176
1519852467990802432
1519852477260070912
1519852477293776900
1519852486248566786
1519852492460339201
1519852494016454658
1519852495954137089
1519852498093322242
1519852501423566849
1519852502421811200
1519852503634006016
1519852505999593473
1519852506389659651
1519852519832313859
1519852526803341314
1519852528179032064
1519852529303105536
1519852534848008192
1519852535485452289
1519852541449842688
1519852548177502208
1519852548513046534
1519852550224293888
1519852551314812928
1519852556066861056
1519852557698539520
1519852558243741696
1519852564120051712
1519852571422523392
1519852572210724865
1519852574958141440
1519852575927205889
1519852576082169857
1519852577487216640
1519852580196818944
1519852582516232192
1519852583661223937
1519852587289174016
1519852588249845760
1519852591378800645
1519852599746437122
1519852606352408584
1519852606671175680
1519852611029147648
1519852613558312961
1519852616255033344
1519852617966526464
1519852620759846912
1519852621313552388
1519852623444463618
1519852623913959425
1519852632164216833
1519852632231366657
1519852634710151169
1519852636643676160
1519852638866714624
1519852645539844103
1519852655182598145
1519852655241310217
1519852666721116161
1519852676800028672
1519852679136264193
1519852679543107586
1519852681426259968
1519852685062819842
1519852686065111041
1519852687222845440
1519852691526242307
1519852692511854596
1519852693090897921
1519852698547499009
1519852704624959488
1519852706747367426
1519852709104566273
1519852709867892741
1519852714662019073
1519852721196740610
1519852723163869185
1519852724455710720
1519852724984201220
1519852723453243399
1519852728725295104
1519852730709417985
1519852731887984640
1519852741065072640
1519852744680558593
1519852748824535041
1519852748832972801
1519852752737865733
1519852752763068419
1519852756596666369
1519852759012765697
1519852762216947713
1519852764804915201
1519852765152829442
1519852765731774464
1519852767476604930
1519852767992557569
1519852779338039296
1519852780961234944
1519852784102768640
1519852788724944896
1519852795792400384
1519852795884670976
1519852796350279680
1519852803031773184
1519852803723771904
1519852804822687746
1519852805435101188
1519852807855214594
1519852811961483264
1519852812020367360
1519852818374414336
1519852823659298816
1519852824259141632
1519852827241242626
1519852828931600384
1519852833486831617
1519852833776054272
1519852840646234114
1519852841195737089
1519852846027616256
1519852850704171015
1519852850666524676
1519852853816438785
1519852854047035392
1519852855007617025
1519852856454660098
1519852859067613184
1519852859352834051
1519852859558436865
1519852863631069189
1519852876637556736
1519852880249122816
1519852884556398592
1519852885412139009
1519852885768560640
1519852891523198976
1519852891703545856
1519852891908952064
1519852892219666434
1519852895788748800
1519852905221836807
1519852906064850945
1519852910884306944
1519852912859623426
1519852916294696960
1519852927321526272
1519852931138437126
1519852933776556033
1519852938771972099
1519852942429659136
1519852943675170816
1519852946711883778
1519852946695016449
1519852948033048577
1519852948599320577
1519852949916332032
1519852950318989312
1519852950625079298
1519852951866650629
1519852952051228682
1519852975946182657
1519852976206233601
1519852977292517376
1519852978898976770
1519852980257935365
1519852980996128768
1519852981772070913
1519852983038660608
1519852999371366400
1519853008057688065
1519853009009737728
1519853010381324291
1519853011992031236
1519853012667101184
1519853013363572736
1519853015125184513
1519853015179612161
1519853015540375554
1519853017201262592
1519853017788469249
1519853018015047689
1519853020284129280
1519853020632207362
1519853027439558658
1519853028760825857
1519853030476296192
1519853031927558145
1519853032187457536
1519853035484237824
1519853035929108482
1519853038730633216
1519853039196291073
1519853040328658944
1519853042950197250
1519853051653378061
1519853057319833602
1519853060415270913
1519853060478181377
1519853067369422848
1519853078345928704
1519853087917289473
1519853088101875714
1519853089456635908
1519853090232541186
1519853093696905216
1519853093915176960
1519853097316716547
1519853101590622209
1519853103260090368
1519853105554366466
1519853107240484865
1519853109098553345
1519853118002970629
1519853120569946114
1519853122604126208
1519853124856745985
1519853132209180672
1519853138177523714
1519853142082564097
1519853150827544578
1519853161703485442
1519853166204002307
1519853170113056769
1519853170444353537
1519853179323797505
1519853179902570497
1519853181924253696
1519853184453431297
1519853198072324096
1519853204304969728
1519853211951276033
1519853213226344449
1519853216510402563
1519853218431479808
1519853222512541701
1519853223313657856
1519853227423981569
1519853227524636673
1519853227688165376
1519853228254547971
1519853228321611777
1519853231060488195
1519853234072006656
1519853235384762368
1519853245912420352
1519853248223535105
1519853248269668352
1519853248974262273
1519853251809656833
1519853253214846980
1519853253747429376
1519853255135744000
1519853257010593793
1519853259187535880
1519853264484851714
1519853269199331329
1519853269463580672
1519853273871642624
1519853274547232769
1519853274429591559
1519853277701197824
1519853285435486209
1519853295132717057
1519853295858290689
1519853297183739905
1519853299251433472
1519853301990412301
1519853302623711233
1519853304699838465
1519853307157565440
1519853307115757569
1519853307157569536
1519853313625407490
1519853314271326208
1519853315445735424
1519853317303812096
1519853320223232002
1519853325994414083
1519853325918867456
1519853327454019590
1519853334240366594
1519853339533447168
1519853346143805441
1519853352305143809
1519853357564841984
1519853362698756096
1519853363684388864
1519853365169168387
1519853369199800320
1519853369837469697
1519853375847866370
1519853376049229824
1519853376409899009
1519853377689202688
1519853378658050056
1519853378909712384
1519853392562167808
1519853393170231297
1519853395158482945
1519853395577872385
1519853397171752962
1519853398077566977
1519853398648135681
1519853401194090497
1519853404188659712
1519853407573581830
1519853411843379202
1519853413013639168
1519853417321033734
1519853421934825475
1519853422127853568
1519853422840795136
1519853423046320128
1519853423146901504
1519853428738043905
1519853430420000768
1519853431946715136
1519853434358358018
1519853434983301120
1519853435310456833
1519853435813781504
1519853439404158976
1519853442189377536
1519853443892097026
1519853446555389954
1519853446551293952
1519853447146881024
1519853448233046016
1519853449390796801
1519853449730531328
1519853450552832000
1519853451311681537
1519853452310069251
1519853453144694784
1519853458714681344
1519853459692036096
1519853460824408067
1519853461826908161
1519853463575879680
1519853470039302144
1519853470702055431
1519853471364751361
1519853478364950528
1519853481200603136
1519853484123828229
1519853489467408387
1519853491757400065
1519853494194388992
1519853497755353093
1519853501932843008
1519853505137229825
1519853505925849088
1519853507460968449
1519853508043939841
1519853513685274624
1519853517585985537
1519853522879188992
1519853526129823745
1519853531343249408
1519853531972485120
1519853534145093632
1519853536611340288
1519853538821632001
1519853547071889408
1519853547269115905
1519853547629727745
1519853548477030407
1519853551958343680
1519853554307063810
1519853556634841089
1519853557490626566
1519853558794960896
1519853567166844928
1519853571377934336
1519853572908802050
1519853574141972485
1519853578583650304
1519853579699335168
1519853579963617280
1519853583625293826
1519853583054868482
1519853586422902786
1519853590516580353
1519853595499405312
1519853603154018307
1519853605246930945
1519853611840417793
1519853614499520513
1519853614792986625
1519853616328327175
1519853616638545921
1519853621730500608
1519853625388015617
1519853626453340160
1519853629204795393
1519853637203283969
1519853639459692545
1519853642098126848
1519853642861490176
1519853643578544128
1519853644023218176
1519853645352902659
1519853647961731073
1519853649434116099
1519853650390265858
1519853650872524800
1519853668383838210
1519853668299907073
1519853671365885952
1519853671466549248
1519853681591599106
1519853681780350977
1519853689552441344
1519853692056387585
1519853698167586817
1519853697408380928
1519853704106676225
1519853706350669824
1519853707789324290
1519853712725839872
1519853713204072449
1519853714831515648
1519853718702891008
1519853720137351168
1519853724235190272
1519853738474696704
1519853739447885824
1519853743965192193
1519853744724267009
1519853745630330882
1519853746632765441
1519853750361509889
1519853751649120257
1519853755226800128
1519853761547616263
1519853762806001668
1519853764714369024
1519853768287952898
1519853768212287491
1519853784465383430
1519853791981486080
1519853795802599425
1519853797966761984
1519853801410371584
1519853801477484545
1519853802131705856
1519853806678384641
1519853806984511489
1519853813385019392
1519853813800136704
1519853819697537024
1519853829193351170
1519853830124449792
1519853832158679040
1519853832561430528
1519853834151026691
1519853835480612865
1519853840304123904
1519853841046458370
1519853842770190337
1519853843030462464
1519853847086202881
1519853852765437955
1519853854275346435
1519853862945005571
1519853868045291520
1519853874013777923
1519853876668731393
1519853880644886528
1519853884524482560
1519853885241896961
1519853889608163328
1519853902673416194
1519853904258871297
1519853906339184655
1519853910382546947
1519853910277636098
1519853912966283265
1519853917072670720
1519853917290389507
1519853918120992769
1519853921182879744
1519853923280076804
1519853929676345345
1519853929974177793
1519853933895700480
1519853940812042242
1519853947741220866
1519853950543056897
1519853956226187265
1519853960055640064
1519853961322369024
1519853966623879168
1519853971799777281
1519853975142600704
1519853976157569024
1519853976530739200
1519853977055150080
1519853978498080769
1519853975478091779
1519853979613777920
1519853982193172480
1519853986437906432
1519853990321737735
1519853991680782338
1519853996709904384
1519853998915919874
1519853999398301697
1519854004821446659
1519854009242247168
1519854010596999168
1519854011826032640
1519854020923465733
1519854021787500544
1519854031019122688
1519854032918966272
1519854051411861504
1519854053546672135
1519854056143007745
1519854061163532291
1519854067480154113
1519854070965719041
1519854072496599041
1519854080373534720
1519854081174556676
1519854089693274112
1519854092230799360
1519854101302898688
1519854102670360576
1519854105237327872
1519854105614766082
1519854105887346688
1519854108060131328
1519854113437196288
1519854114062045185
1519854116608131072
1519854118248067072
1519854125575729153
1519854130793263104
1519854131028054016
1519854131355209728
1519854133573996549
1519854133578248197
1519854136195526656
1519854145557217282
1519854152175820802
1519854151974494209
1519854152549076992
1519854153950011394
1519854154096779266
1519854156932124672
1519854157305417733
1519854157728997377
1519854158014263296
1519854157812928512
1519854163533869056
1519854172329414656
1519854172706942977
1519854173235384326
1519854174447542272
1519854182794252289
1519854188724957189
1519854189819711488
1519854190713094147
1519854196597706752
1519854199260934144
1519854200884187136
1519854201798631429
1519854207536451584
1519854212389158912
1519854218080890881
1519854220987584516
1519854221201399808
1519854221809618944
1519854223223107584
1519854228243726337
1519854228390391808
1519854240512057345
1519854241107566595
1519854249391308800
1519854251018788864
1519854254030082048
1519854254500253696
1519854260137168897
1519854262364381185
1519854271927578624
1519854274716454912
1519854275018604546
1519854278080450560
1519854279858741248
1519854280609566731
1519854287618199554
1519854290134704132
1519854293741981697
1519854295084154886
1519854297936465920
1519854301740425216
1519854302323519489
1519854303896293376
1519854319339806720
1519854323823489024
1519854327115960321
1519854327652749312
1519854335487750150
1519854338658783233
1519854343637422081
1519854352696889344
1519854354383216640
1519854354517446657
1519854356463554565
1519854358514614276
1519854364298555392
1519854365963608067
1519854374822072321
1519854378236080128
1519854380501159938
1519854383621672963
1519854387056754689
1519854389414055939
1519854391276285953
1519854394292027392
1519854400310808578
1519854401539788801
1519854404517523456
1519854405104906240
1519854407038365696
1519854409714642944
1519854410297446405
1519854421538181122
1519854421810855938
1519854423610064896
1519854435811397632
1519854436927131649
1519854445026324481
1519854448998297600
1519854451342905344
1519854452366352386
1519854453356126208
1519854455268814848
1519854458674503680
1519854460184727552
1519854460348076034
1519854467725897728
1519854473329319936
1519854474436788225
1519854474914848768
1519854483894845445
1519854493462052864
1519854495169085441
1519854496171454466
1519854497094381570
1519854500252639233
1519854501439492096
1519854502228156416
1519854503666802688
1519854504405250048
1519854504514326528
1519854508049932289
1519854514014388224
1519854515108855815
1519854524563062784
1519854527872126976
1519854530338467840
1519854532318175233
1519854533106704385
1519854534956310528
1519854535023513602
1519854536566923266
1519854541004541957
1519854543760244737
1519854545475670016
1519854548977733632
1519854550630674432
1519854557920043010
1519854559371599873
1519854578371604482
1519854582637203458
1519854583429976064
1519854587066580993
1519854587334864900
1519854592812625924
1519854594674860032
1519854595203289090
1519854596402950145
1519854596411334659
1519854598462361605
1519854600664371205
1519854603961094144
1519854604011384833
1519854604594339840
1519854607392030720
1519854618691489792
1519854621690413058
1519854626111209474
1519854626761289730
1519854626706796545
1519854634453680133
1519854637783916553
1519854642858971142
1519854644465340416
1519854647808245764
1519854649137897472
1519854654288392192
1519854657715294209
1519854660634349569
1519854661611704320
1519854665256644613
1519854665168531460
1519854665520713728
1519854666221342720
1519854668561944577
1519854669971042307
1519854682797232129
1519854687402569729
1519854687297671169
1519854691076775936
1519854690808258560
1519854693194866688
1519854694935449600
1519854696843948033
1519854698865610752
1519854701675700225
1519854703084986368
1519854712270454784
1519854715772850181
1519854716905299968
1519854718352297986
1519854719153418240
1519854719887642624
1519854719950372864
1519854720487235585
1519854721019916289
1519854721594544128
1519854725394579456
1519854731652382720
1519854732944330754
1519854743350358017
1519854744579153920
1519854747183853571
1519854753144098816
1519854759997415424
1519854763063463936
1519854763327827969
1519854778121322496
1519854778599235584
1519854781434822656
1519854782139318272
1519854784844808192
1519854789496086533
1519854796299194368
1519854796890640385
1519854797863723008
1519854796907458566
1519854801798017036
1519854806621433858
1519854807393128450
1519854815232339970
1519854818407370752
1519854820907270146
1519854823868444676
1519854828662403072
1519854829870403584
1519854832676442113
1519854834152841219
1519854838724669441
1519854839655710720
1519854844332412934
1519854844911276033
1519854850007306245
1519854860757315584
1519854861180829696
1519854862199975936
1519854862493749249
1519854865228443649
1519854865756921856
1519854868013494272
1519854868416057344
1519854868776857602
1519854871142449155
1519854873369784321
1519854873902202881
1519854883729514496
1519854885562372097
1519854894080880640
1519854895150497792
1519854895851057152
1519854898648686595
1519854904197660672
1519854906806620160
1519854908027064321
1519854912426942464
1519854913613926400
1519854916273164289
1519854916818415617
1519854917258813445
1519854917409726465
1519854921440448512
1519854921612500992
1519854930407870464
1519854931196403712
1519854935864750083
1519854941220872192
1519854943007502336
1519854946321010688
1519854958404935680
1519854959180738560
1519854959700946947
1519854960355287040
1519854967506538498
1519854971574960128
1519854975333113859
1519854981624569856
1519854981981302784
1519854982870175744
1519854984883548160
1519854986833776640
1519854987647406081
1519854989577007104
1519854989954273280
1519854992009609216
1519854992093597696
1519854998770925570
1519855001933426689
1519855002948415488
1519855003489513472
1519855003812483072
1519855004588425216
1519855004819111938
1519855009118175237
1519855009759907840
1519855010141646851
1519855016001036289
1519855021214425088
1519855021709475840
1519855031591358464
1519855033839325184
1519855036863549446
1519855036947664896
1519855042353938432
1519855045868728322
1519855046015569920
1519855049131937793
1519855051728056320
1519855052399153153
1519855053598826502
1519855054378835968
1519855057402880001
1519855058275475456
1519855066609590280
1519855072712265728
1519855076197740550
1519855076696805379
1519855077200171014
1519855080027176961
1519855084812783616
1519855085127450626
1519855085236502528
1519855087916654594
1519855093205676032
1519855101019631616
1519855101698985984
1519855104173744128
1519855105532641280
1519855113392857090
1519855116429496320
1519855115947192321
1519855120397312002
1519855128257306624
1519855129515679748
1519855130052636673
1519855131474472960
1519855132103614467
1519855135253577730
1519855138571235330
1519855142270607361
1519855143717588992
1519855148134277123
1519855152584433666
1519855152576045063
1519855160197005313
1519855161581178880
1519855162931691525
1519855169869172737
1519855173895692289
1519855180396871680
1519855185014792193
1519855189859127296
1519855198176309249
1519855199824842752
1519855202609807364
1519855205675905027
1519855205843705857
1519855205969453057
1519855207802363904
1519855214827696133
1519855217906438146
1519855223862439937
1519855224948723717
1519855225191940098
1519855225775001601
1519855227607785472
1519855232037134339
1519855235732279300
1519855237598793729
1519855238508859393
1519855240715120640
1519855241935699973
1519855255042854912
1519855258515738624
1519855262102097920
1519855265083969537
1519855266161954816
1519855266639933440
1519855280703819776
1519855281676636160
1519855285443211267
1519855286105874433
1519855288375189505
1519855289004134401
1519855289326964736
1519855291533336582
1519855297862451201
1519855298496057344
1519855308201500672
1519855309983993862
1519855314895519744
1519855317873565697
1519855320667144192
1519855325922443267
1519855327977828352
1519855328661327873
1519855332868038656
1519855332968873984
1519855338643767298
1519855341353246725
1519855346512183298
1519855347892117505
1519855350438055937
1519855356347826178
1519855356842848256
1519855359824998405
1519855360701575168
1519855360902942722
1519855360844177410
1519855361871724546
1519855362739953666
1519855365285945344
1519855377143275524
1519855384407777280
1519855385213079553
1519855388002328576
1519855391722680326
1519855393530208256
1519855400115392521
1519855402778775559
1519855402757894144
1519855408432787458
1519855411070963714
1519855413340123136
1519855419048480768
1519855419165921280
1519855424148840448
1519855425868513282
1519855432646467588
1519855433724407809
1519855434529599488
1519855436815650816
1519855438023434240
1519855439231524864
1519855439659388928
1519855441613778944
1519855442444361729
1519855442503024642
1519855452598767623
1519855454138126336
1519855456717520898
1519855458474938370
1519855459192258560
1519855459355832320
1519855465278148615
1519855469388611586
1519855471489957889
1519855471955529729
1519855472202944512
1519855472416899073
1519855474207821824
1519855480474062849
1519855481350676481
1519855484408320002
1519855484894793728
1519855486769713154
1519855493883338754
1519855495611359233
1519855495754182658
1519855499381981184
1519855503584681986
1519855505258258441
1519855516675198978
1519855520747859968
1519855523604180992
1519855528142331911
1519855531447492608
1519855534664568833
1519855535348240385
1519855539966128136
1519855542428127232
1519855544911208448
1519855545083170821
1519855546463133696
1519855557435404289
1519855559436087296
1519855560707002368
1519855562141302785
1519855564272115718
1519855566524403719
1519855567832985601
1519855579174481920
1519855583553363968
1519855590218022916
1519855590339760129
1519855595217637377
1519855595393855488
1519855597843361793
1519855598132727809
1519855609511829504
1519855618592542720
1519855620769386497
1519855624267485189
1519855625387364352
1519855627832643584
1519855630743486469
1519855631389413376
1519855632601464833
1519855640893693952
1519855645583093760
1519855649345183744
1519855649676578816
1519855656068599809
1519855656764944386
1519855659428294656
1519855661579964416
1519855664612392960
1519855664675409922
1519855671465885698
1519855674460717057
1519855678562746368
1519855679099523073
1519855680215212032
1519855682023051265
1519855682476023810
1519855683079790593
1519855684745146368
1519855686527688707
1519855687102173186
1519855687823761415
1519855695226564608
1519855695600005121
1519855705179959296
1519855706345811968
1519855706832179201
1519855710863073282
1519855711928393730
1519855715481001984
1519855717166895104
1519855718878224385
1519855719692091392
1519855720585383936
1519855720560140288
1519855725802967040
1519855726356697088
1519855730911858688
1519855732488908800
1519855739564695559
1519855741481463809
1519855741955448832
1519855742311976961
1519855743389683712
1519855743804968961
1519855744039890944
1519855744732078080
1519855746107592704
1519855747680677888
1519855753946972160
1519855756660645893
1519855758434660355
1519855758468341761
1519855769692389376
1519855771181277185
1519855772695416835
1519855772968103936
1519855778039013377
1519855778462679041
1519855779238584322
1519855779444051968
1519855781998432257
1519855782967361536
1519855793234980864
1519855795432697856
1519855796170989569
1519855800402984960
1519855804085678080
1519855806191132675
1519855810461204482
1519855816790093825
1519855824612597761
1519855827900719105
1519855829897428992
1519855832984428544
1519855836696391681
1519855838113980416
1519855838751600641
1519855840123006977
1519855842094366722
1519855852567470080
1519855854916235264
1519855856187322368
1519855861006544898
1519855861014876160
1519855863904849921
1519855871026683904
1519855874436734977
1519855877506965504
1519855878454882306
1519855882657435649
1519855884666552320
1519855889167298561
1519855890425335814
1519855891847200770
1519855898491072521
1519855904199520256
1519855905105395713
1519855907462594562
1519855909454950401
1519855909593399296
1519855913615638532
1519855913846607872
1519855915213676545
1519855918485327872
1519855918535659525
1519855920238448640
1519855921182089217
1519855922100809728
1519855922301919232
1519855923757568002
1519855932842426372
1519855933819547648
1519855935283503110
1519855938148126728
1519855940933066758
1519855941159579649
1519855944322195456
1519855954434859010
1519855958641586176
1519855971903889408
1519855977121595393
1519855977574453248
1519855978941927424
1519855989255778305
1519855990199492616
1519855990308491264
1519855990509813769
1519855991143211009
1519855992342732801
1519855998218948610
1519856003168325636
1519856008302104577
1519856008545423362
1519856012672516096
1519856013406797824
1519856014174085122
1519856014098673666
1519856016543952898
1519856018724851712
1519856018930470913
1519856030955544576
1519856035045027841
1519856035376238593
1519856042263392257
1519856048907169794
1519856052778545153
1519856054636535816
1519856056335228929
1519856056708608000
1519856057551577091
1519856061087461376
1519856066619580416
1519856067412480000
1519856069144547328
1519856070247727105
1519856070977630209
1519856076862152704
1519856077449269249
1519856079487868934
1519856080398004224
1519856080666259456
1519856083950456832
1519856086303584256
1519856090485301248
1519856090908971008
1519856092230127617
1519856094763356160
1519856094822207488
1519856096667656192
1519856098160828418
1519856101533286401
1519856103361847299
1519856106163646466
1519856110634782721
1519856111217786880
1519856112157212673
1519856117702086659
1519856120709492737
1519856127508459523
1519856144293969922
1519856145589964800
1519856152611368960
1519856154230333443
1519856154733686785
1519856156943867904
1519856158533734400
1519856163382308867
1519856164883869697
1519856166574116864
1519856167165603842
1519856171473014784
1519856171603136513
1519856174920835072
1519856179673014276
1519856183540133890
1519856185993678849
1519856186677420036
1519856189013639169
1519856188858552322
1519856214032666624
1519856216784130049
1519856217803444224
1519856223096553473
1519856223612456963
1519856225000771586
1519856228570128385
1519856230205960193
1519856231577530368
1519856234370932737
1519856244663672833
1519856251345244160
1519856254096715776
1519856258781782016
1519856267208151040
1519856266260226048
1519856267971469314
1519856269825302528
1519856274728443904
1519856276431376385
1519856275621924865
1519856283066806272
1519856283872120833
1519856284387844097
1519856285277204484
1519856287806365698
1519856301727178752
1519856305032335362
1519856305099399170
1519856310803742721
1519856313001406465
1519856313613881344
1519856315543310337
1519856315333586946
1519856316143091713
1519856316931579905
1519856317313294341
1519856322107293702
1519856340499374086
1519856342697005056
1519856343380803584
1519856345125642240
1519856348061655041
1519856349471023105
1519856352121790464
1519856352746737665
1519856354508382210
1519856356337111043
1519856357842817024
1519856361869578240
1519856377010655232
1519856379489665025
1519856380106182659
1519856383797174272
1519856384120004608
1519856384984195072
1519856392341016577
1519856393020448768
1519856398460506114
1519856402424115200
1519856407981477899
1519856412742098944
1519856412847149056
1519856415346774016
1519856416865062912
1519856425253621762
1519856426369404928
1519856428688633856
1519856431343837184
1519856435974361090
1519856443196940288
1519856448771334144
1519856451023421440
1519856452323655681
1519856464558501888
1519856470040498178
1519856470912868353
1519856471240019969
1519856472749920259
1519856475316928521
1519856478223577088
1519856479087603712
1519856483697147905
1519856484267479045
1519856485332783104
1519856485668380673
1519856485983002624
1519856487258071045
1519856503494266881
1519856507445301249
1519856517775872001
1519856519910768641
1519856520112001026
1519856520464318470
1519856521315823616
1519856525648478214
1519856529687597056
1519856530861953025
1519856532191682560
1519856533995196417
1519856534846640129
1519856537807867904
1519856544724226048
1519856546183671808
1519856550248169472
1519856555709157376
1519856557995048968
1519856559341248514
1519856560205406208
1519856563716079618
1519856570372435970
1519856573669117960
1519856574981984256
1519856575975878656
1519856580862300160
1519856588890116096
1519856594909077509
1519856597429895169
1519856605151571977
1519856605239537664
1519856606212726785
1519856609643671552
1519856611212288002
1519856617927368704
1519856619638698035
1519856619483500546
1519856621429608449
1519856621580652547
1519856622956605440
1519856627775524864
1519856629260374018
1519856633421176834
1519856637959311361
1519856648675856392
1519856651708239872
1519856652010278913
1519856652878598145
1519856654539542528
1519856658582757381
1519856661246230528
1519856662596698112
1519856665289367554
1519856666766102528
1519856669336895488
1519856671341830146
1519856672948244480
1519856674147913729
1519856674797883392
1519856675712376833
1519856684130259169
1519856685845823488
1519856686407852032
1519856694855180291
1519856695970775040
1519856696608370688
1519856697828909058
1519856699053682694
1519856703860359168
1519856706171326474
1519856706603393025
1519856717512994818
1519856718813052931
1519856729017704450
1519856731995754497
1519856735426547713
1519856735376359425
1519856737033109505
1519856738366803968
1519856741294432257
1519856742041010176
1519856743412547586
1519856743932649473
1519856744092114946
1519856745379680257
1519856746612854784
1519856756129734656
1519856756922494977
1519856758587547648
1519856762102460418
1519856766972014592
1519856776157540352
1519856778464272384
1519856783606566914
1519856784919470080
1519856787075190785
1519856787482152960
1519856788623003648
1519856794100764672
1519856801759571970
1519856803298820096
1519856805169582080
1519856813671342080
1519856817492348929
1519856818436153344
1519856818926858240
1519856822609485831
1519856823276380160
1519856830507274245
1519856831451045889
1519856834491785216
1519856837142753280
1519856843237036033
1519856844503535616
1519856848534388737
1519856849234894849
1519856850367397889
1519856860387545088
1519856863113850880
1519856865806630913
1519856866477621254
1519856867421597696
1519856868977516546
1519856869010984966
1519856870441295872
1519856870193778689
1519856876900556801
1519856878402088965
1519856885700218880
1519856886962692097
1519856888631992320
1519856888736800771
1519856893631643648
1519856896815120385
1519856897444225026
1519856911880962049
1519856918998757377
1519856925256691712
1519856926087122946
1519856927358005253
1519856930696663041
1519856947679440896
1519856947985592321
1519856959842832384
1519856960597807104
1519856961096982528
1519856969368145921
1519856970014072832
1519856979409260544
1519856984606003200
1519856985314836480
1519856992025821187
1519856996857442304
1519857000527630338
1519857005883654144
1519857011021733888
1519857012779139072
1519857021058576385
1519857021939507201
1519857022245744641
1519857022547775489
1519857023793475585
1519857027698282497
1519857029489500162
1519857029938089984
1519857033209647106
1519857037336850433
1519857037991100417
1519857042206466050
1519857043401842689
1519857044404449280
1519857046597869568
1519857048158150660
1519857048632147971
1519857053312897025
1519857060216811520
1519857065010905090
1519857066709594113
1519857069700091904
1519857075890892801
1519857076243161088
1519857076423569408
1519857077518319616
1519857079053336577
1519857078772412416
1519857080093577216
1519857083453161474
1519857088159260678
1519857090499682306
1519857091002961922
1519857092357668865
1519857096212238337
1519857104978329600
1519857108635762690
1519857109638078464
1519857111483752454
1519857112763011075
1519857114105188352
1519857115355099140
1519857117267734528
1519857119431909376
1519857120346353664
1519857121935994881
1519857122984751105
1519857122967707648
1519857124184055809
1519857134980136965
1519857139363323911
1519857146795544576
1519857148536238081
1519857148926341120
1519857152768282625
1519857153447710721
1519857163975372800
1519857167502819330
1519857168001941504
1519857169822363648
1519857171047014407
1519857171508473857
1519857173584568321
1519857176033972226
1519857176717803525
1519857177640550401
1519857180043788293
1519857182426161152
1519857183046967297
1519857186880770048
1519857186511462402
1519857188654751744
1519857195718004737
1519857198867922944
1519857202739261440
1519857207009234944
1519857207218610177
1519857213090811904
1519857214890012673
1519857220208533504
1519857220476936193
1519857240567689218
1519857244204056576
1519857245961474048
1519857253549019139
1519857254362664960
1519857256380178434
1519857256455716867
1519857257235812355
1519857258112376834
1519857260377382912
1519857266123546629
1519857267780112384
1519857272117207040
1519857275082584064
1519857275606904834
1519857278471528448
1519857281092837376
1519857289498345472
1519857294145687560
1519857299854143490
1519857304375644163
1519857308469276675
1519857316560056322
1519857319558848512
1519857322100727808
1519857322608283648
1519857326651547650
1519857328509665293
1519857329688256512
1519857329885298688
1519857331458043905
1519857331970150400
1519857332804595712
1519857342862569473
1519857348344303617
1519857348399054848
1519857358779949058
1519857359010471936
1519857359077593088
1519857359778193410
1519857363074916357
1519857367843758085
1519857368196079621
1519857372432408579
1519857372575019008
1519857374009303043
1519857375578046464
1519857378962952193
1519857383320829955
1519857384738467841
1519857387255050240
1519857393194221570
1519857394347556864
1519857399976312838
1519857401121284097
1519857402245431299
1519857407324831745
1519857411141611521
1519857417139466245
1519857424659800065
1519857427927154688
1519857428606726144
1519857428694806528
1519857431274303488
1519857432180125697
1519857432180277249
1519857433010712579
1519857433472081920
1519857436902973440
1519857439209934849
1519857443727376384
1519857445946163201
1519857459455827969
1519857460193935362
1519857463574552577
1519857468339367937
1519857478044897281
1519857479538327552
1519857485598887936
1519857486857216006
1519857487763103746
1519857488799092741
1519857490825039873
1519857492682895360
1519857493148639235
1519857494574747650
1519857501566644224
1519857510055923712
1519857511687405571
1519857519807668225
1519857524119379968
1519857526006812673
1519857526547771392
1519857527650848769
1519857530410782720
1519857531446865920
1519857536563916808
1519857540909219840
1519857541404106762
1519857543471943680
1519857544985911297
1519857546030419968
1519857547276132353
1519857550405115905
1519857558948823040
1519857558840049664
1519857560475549705
1519857566079139840
1519857567970861057
1519857575722123264
1519857581065396225
1519857583049355265
1519857584831963138
1519857586836852736
1519857599080022018
1519857601042911232
1519857609205063685
1519857618755411974
1519857618927374343
1519857619866820610
1519857620873531393
1519857625126498306
1519857635335491584
1519857638258970624
1519857643505991680
1519857644898504708
1519857647083835394
1519857652104372225
1519857655577206784
1519857661000687616
1519857673642070023
1519857675458256897
1519857680696979457
1519857680944451588
1519857680952737793
1519857683599269888
1519857684345982976
1519857684643815425
1519857687764377600
1519857688565657600
1519857691308527622
1519857693841928193
1519857710036041730
1519857713081106439
1519857716029804549
1519857717485223941
1519857722669547520
1519857729124376579
1519857733436116993
1519857738083356679
1519857739190706178
1519857739882717185
1519857740855726081
1519857742067949569
1519857747264786432
1519857747671625729
1519857753812086795
1519857756764782593
1519857759864639488
1519857761680433152
1519857763006005249
1519857767728693252
1519857768001327105
1519857769481973761
1519857775052050434
1519857780290686976
1519857781523763206
1519857783205773314
1519857783830548481
1519857790654709760
1519857791766343680
1519857793183887360
1519857803271229442
1519857803430703105
1519857805125206016
1519857813010280448
1519857817129451520
1519857820002312192
1519857825354330112
1519857826759389185
1519857826931302401
1519857828151934977
1519857835643121664
1519857838482509825
1519857845524697089
1519857846577414144
1519857852751429632
1519857852940275712
1519857856694079488
1519857862595551232
1519857863157600256
1519857868161249281
1519857867939262465
1519857869616828419
1519857870048833543
1519857877007142913
1519857877413945345
1519857880786255875
1519857883122442241
1519857885957734403
1519857889803837441
1519857893012606978
1519857895155933187
1519857900738736130
1519857902579822593
1519857906522406912
1519857908653174788
1519857913636229120
1519857913870917632
1519857916819423236
1519857916811317248
1519857921873440768
1519857924977344512
1519857929259782145
1519857930622885889
1519857933089218561
1519857938621468672
1519857939439394819
1519857940085227520
1519857941289046016
1519857950780706828
1519857952727105537
1519857952718532611
1519857953679028224
1519857955138867200
1519857955239526400
1519857961312604160
1519857962902335488
1519857963304984578
1519857965569875968
1519857967260381184
1519857969533444096
1519857973325180928
1519857978098208768
1519857980304510976
1519857981936046080
1519857984775589890
1519857993319337985
1519857997115277313
1519858004518178816
1519858005784682501
1519858013925953536
1519858018871091203
1519858019940585472
1519858021941272583
1519858022679552000
1519858026689310721
1519858028044070914
1519858028123762688
1519858032661782529
1519858033404305409
1519858033383378944
1519858034155077632
1519858035488743424
1519858041671372800
1519858042384359424
1519858043126747136
1519858046553538562
1519858047551938560
1519858052526227456
1519858055982325762
1519858056120709122
1519858058578518016
1519858060155572224
1519858063830056965
1519858076286914561
1519858079889862656
1519858082972639233
1519858084188868608
1519858086885961728
1519858088651542528
1519858098868998144
1519858100458635265
1519858101905727495
1519858121782755328
1519858126144811010
1519858126614409216
1519858127109332996
1519858127516192768
1519858131446161408
1519858133501456390
1519858135736979461
1519858135997026305
1519858136748032000
1519858137821368320
1519858139990040576
1519858140300386307
1519858144331153409
1519858148835831809
1519858149171290119
1519858149192192000
1519858153642467328
1519858154527666179
1519858154900791297
1519858158482690051
1519858160894418945
1519858162152714240
1519858165135065088
1519858165151678465
1519858172185427968
1519858183052972034
1519858185347215363
1519858190229381123
1519858190951006208
1519858193744207872
1519858199653978114
1519858200526397441
1519858202585751557
1519858206784249856
1519858206922575872
1519858210005467136
1519858215265218560
1519858220617322496
1519858223892869121
1519858233074020354
1519858234017865729
1519858234710016001
1519858236488396800
1519858237947842560
1519858241169100800
1519858251600433154
1519858251994742784
1519858253433290758
1519858257573126159
1519858259213099008
1519858266897096704
1519858277278011392
1519858281413554177
1519858281275183106
1519858283623985163
1519858283850477568
1519858285461090305
1519858286082011136
1519858288418033664
1519858290993373186
1519858294927634432
1519858295074430982
1519858298387845122
1519858299096739840
1519858302129217536
1519858303098101760
1519858303555280896
1519858307623706634
1519858307737038854
1519858323759190023
1519858331430625281
1519858335679451138
1519858350649122816
1519858351240216576
1519858355275280385
1519858361545617408
1519858364842450945
1519858366989938693
1519858373600157700
1519858375630245889
1519858380638105600
1519858385335853057
1519858389135740928
1519858389433602048
1519858393854492672
1519858399323766784
1519858401089576960
1519858402360451072
1519858404356808704
1519858405304942596
1519858416751198208
1519858417082712065
1519858424577773571
1519858425387171841
1519858426238623744
1519858427878846465
1519858429174730760
1519858433008230400
1519858436816748545
1519858437827579904
1519858437873618945
1519858438095966213
1519858439391961092
1519858442906787840
1519858442940395529
1519858443540172806
1519858446790963200
1519858447281360896
1519858448917217288
1519858449546240000
1519858449751883776
1519858453245693952
1519858460954877952
1519858461420539906
1519858463236628480
1519858467040903169
1519858470685753354
1519858475857240065
1519858479011405826
1519858479527309313
1519858479980236800
1519858481347833856
1519858484765995009
1519858486934487042
1519858493519396865
1519858494358405127
1519858496493260800
1519858509113958401
1519858509575299072
1519858514398793728
1519858515506044935
1519858519016886272
1519858519134154754
1519858520899870720
1519858521378115589
1519858524045692930
1519858524951568384
1519858525358510081
1519858527493398528
1519858530127339521
1519858531347877892
1519858531712868352
1519858537358249984
1519858538457309184
1519858542114934784
1519858553515024385
1519858559340580864
1519858563123978240
1519858571185471490
1519858573211230209
1519858580660314116
1519858581595561985
1519858583017562118
1519858589145391107
1519858591099936775
1519858591536230401
1519858595260780546
1519858599530536960
1519858601329786881
1519858603376713729
1519858606899875840
1519858612788772871
1519858615280091141
1519858618840977408
1519858620741169152
1519858622175793153
1519858622871703552
1519858631793156104
1519858633995177984
1519858637899849728
1519858642715041793
1519858643549708289
1519858649224691713
1519858649891549185
1519858650059321344
1519858650491224065
1519858666974949377
1519858667645976583
1519858669168611328
1519858671463051265
1519858671790010368
1519858686264590343
1519858690299514880
1519858690869891072
1519858692413603840
1519858694539915266
1519858697564049408
1519858699782684672
1519858705621266433
1519858708402028545
1519858709387788290
1519858729512054785
1519858732695375873
1519858734519967744
1519858735434379265
1519858739511242753
1519858744506597378
1519858748361261061
1519858755906768896
1519858756020019202
1519858765797167104
1519858769739632640
1519858779201843200
1519858779424182273
1519858780476895234
1519858780607033346
1519858781542404096
1519858783023153152
1519858785388478464
1519858786281922562
1519858790060888064
1519858790799233024
1519858798818562048
1519858799972163585
1519858801171697664
1519858803885236224
1519858807169445888
1519858807668678657
1519858808708861952
1519858810214563840
1519858813112930305
1519858813305774080
1519858813456769024
1519858814153293824
1519858815096791042
1519858816971685888
1519858823971889156
1519858825712775168
1519858832331223040
1519858835715989511
1519858837985103872
1519858844486103041
1519858845304209408
1519858845593620482
1519858854204522501
1519858860378439682
1519858863025098752
1519858868620341251
1519858872260997120
1519858879865270273
1519858880318406656
1519858886701985793
1519858893740036099
1519858894104891392
1519858903881768962
1519858905555341315
1519858906352259072
1519858910924087297
1519858914275348480
1519858917391540225
1519858921586016256
1519858924241002496
1519858929991303170
1519858932277288965
1519858933678157824
1519858934927953920
1519858938514231298
1519858942788182017
1519858943207555073
1519858945669488640
1519858945698971648
1519858947171266561
1519858950006525955
1519858951965364224
1519858953248718848
1519858953462874112
1519858958873280512
1519858962732134400
1519858969883336704
1519858973247221760
1519858982168326145
1519858984915804160
1519858985389731844
1519858987436589057
