1511327824418054144
1511327824778608646
1511327824900239362
1511327824912785408
1511327825055334402
1511327825332260874
1511327825919361031
1511327826456186880
1511327826707943428
1511327826737344514
1511327826993106952
1511327826942824458
1511327827081191429
1511327827441991688
1511327827752366088
1511327828347863042
1511327828473700352
1511327828700278792
1511327828423364616
1511327829094547457
1511327830763843591
1511327831942438913
1511327832324063236
1511327832521195523
1511327832588312587
1511327833133568005
1511327833263587332
1511327833343373320
1511327833741795335
1511327833787973645
1511327834068992009
1511327834253365249
1511327834328887297
1511327834207408136
1511327834962378758
1511327835587330050
1511327836354842626
1511327837101436928
1511327837160148996
1511327837306949632
1511327837411762181
1511327837550268421
1511327838439460874
1511327838602989579
1511327838867238915
1511327839253057550
1511327839253053443
1511327840104505348
1511327840570118160
1511327839974531083
1511327841060679681
1511327841081651203
1511327841455116292
1511327841656393731
1511327841509593088
1511327841559977987
1511327841820020741
1511327842117816325
1511327842235211781
1511327842180775942
1511327842684047362
1511327842616893441
1511327842755395584
1511327842843643909
1511327843418099721
1511327843510329352
1511327843837485056
1511327844034662403
1511327844412145671
1511327844479258627
1511327844412108801
1511327844743348230
1511327844814757893
1511327844953210884
1511327845183856644
1511327845980815364
1511327846047825920
1511327846056308736
1511327846823870469
1511327846840606721
1511327847167766530
1511327847222239238
1511327847138439177
1511327847176339458
1511327847771774976
1511327847960489988
1511327848170151943
1511327848228921350
1511327849344557060
1511327849298464773
1511327849835380737
1511327849839575045
1511327850078556164
1511327848711270403
1511327849986285570
1511327850821038083
1511327851064266760
1511327851315929089
1511327851412439044
1511327852381278209
1511327852523933703
1511327852653854722
1511327852893032448
1511327853002043392
1511327853585080329
1511327853631225861
1511327854033870850
1511327854667120650
1511327854944043009
1511327855061446668
1511327855292166144
1511327855652782084
1511327855992610825
1511327855283777541
1511327857036906498
1511327857515143170
1511327857859039235
1511327857716477954
1511327858068758531
1511327858286903301
1511327859578654728
1511327859733934082
1511327859813539844
1511327860073582592
1511327860698624005
1511327860664975365
1511327860686000129
1511327861025746947
1511327861143224321
1511327861503893505
1511327861440974855
1511327861663318020
1511327861822857227
1511327862233571334
1511327862179217409
1511327862422450178
1511327864452521987
1511327864871743492
1511327864783790088
1511327865559822337
1511327865492676617
1511327866683809797
1511327866503704586
1511327867136794631
1511327867396890630
1511327866847379457
1511327867522756611
1511327867568799745
1511327867837333506
1511327867820462087
1511327868000915460
1511327868500033541
1511327867791196165
1511327869452042245
1511327869271777285
1511327869418582025
1511327869946978308
1511327870223798281
1511327870471192578
1511327870337130496
1511327870563622921
1511327870840356864
1511327871549284358
1511327871507259405
1511327871842885640
1511327872430002180
1511327873109479426
1511327873197658116
1511327873327640577
1511327873801543685
1511327873940037634
1511327873889538051
1511327874485301250
1511327874476818439
1511327874636210180
1511327874665619465
1511327875038957579
1511327875705843713
1511327876016128008
1511327875965857798
1511327876322238466
1511327875731009540
1511327876238430213
1511327876695658497
1511327876972523520
1511327877324759043
1511327877391958016
1511327877471608837
1511327877651996683
1511327877631025156
1511327876964048899
1511327878163705860
1511327878696386569
1511327879556218883
1511327879824560130
1511327879854006280
1511327880852254726
1511327881154158592
1511327881279979520
1511327881493893123
1511327882190151684
1511327882198532104
1511327882483843079
1511327882391470085
1511327882831929349
1511327882920206341
1511327883201024009
1511327883272237062
1511327883662344194
1511327883633229828
1511327884035694595
1511327884622897158
1511327884786475011
1511327884690001921
1511327884903956487
1511327885658931201
1511327885713412112
1511327884652199939
1511327885885427714
1511327886178873347
1511327885193355264
1511327886518755331
1511327886690725893
1511327886812323843
1511327886787153921
1511327887307255809
1511327887324065799
1511327888259301376
1511327888758423554
1511327889135968257
1511327889203118087
1511327889492520962
1511327889911955460
1511327887743401986
1511327890092265486
1511327890075533312
1511327890062942215
1511327890633334791
1511327891358892038
1511327891350593538
1511327891753160711
1511327892030042115
1511327891870658565
1511327892067782666
1511327892222840840
1511327892239704071
1511327892420050944
1511327892281737216
1511327892822802433
1511327893007351816
1511327893380640769
1511327893602934787
1511327893854560259
1511327894362112000
1511327894684913665
1511327895557394436
1511327896224378883
1511327896723681282
1511327896924741640
1511327897004425221
1511327896987648001
1511327897516224513
1511327897600118793
1511327897973370886
1511327898157957127
1511327898308853765
1511327898682146822
1511327898866749447
1511327898778669061
1511327899764281344
1511327900569583617
1511327900682932231
1511327900695412739
1511327901635031042
1511327901727305733
1511327901970575361
1511327902524129280
1511327902482190341
1511327902859681795
1511327903086166025
1511327902788370433
1511327903312756736
1511327903736340484
1511327903958642692
1511327904164155397
1511327905028227080
1511327906059988996
1511327906307395593
1511327906445905925
1511327906403962884
1511327906647191554
1511327906408116240
1511327906768818182
1511327907582558209
1511327907653816326
1511327908203307011
1511327908379439107
1511327908480040965
1511327908421423113
1511327908572368902
1511327908794712066
1511327909469954049
1511327909415464966
1511327909872549905
1511327910048808961
1511327910711504905
1511327911474835464
1511327911692877824
1511327912435322882
1511327913374883849
1511327913488093184
1511327913546858504
1511327913618161666
1511327913760669702
1511327914050174983
1511327914163380232
1511327914326908932
1511327914800914435
1511327914838614020
1511327915383869454
1511327915354607621
1511327915723706374
1511327915971072001
1511327915929178126
1511327916596076558
1511327916302422021
1511327916617084932
1511327916839342083
1511327916981952517
1511327917237800963
1511327917455953931
1511327918621929477
1511327918504480774
1511327918466781189
1511327918902894596
1511327919011938311
1511327919255306241
1511327919662063617
1511327919771160582
1511327920282869765
1511327920085778439
1511327920362557443
1511327920874266624
1511327921264381956
1511327921809637379
1511327921725661184
1511327922417770499
1511327922505891847
1511327922610655241
1511327922623324160
1511327922744963081
1511327923239800837
1511327923759988742
1511327924233908229
1511327924267495427
1511327924481318915
1511327924607238159
1511327925169233931
1511327925391527939
1511327925844467717
1511327926276534272
1511327926553358337
1511327926612115466
1511327926662447107
1511327926956040193
1511327926943424517
1511327927169921025
1511327927350272004
1511327927543214082
1511327928503652353
1511327928969166854
1511327929250287616
1511327929090904068
1511327929225076738
1511327929418100740
1511327929669718018
1511327930118459394
1511327928709222419
1511327930038857733
1511327930361827331
1511327930118545409
1511327930479259669
1511327930462490631
1511327930797940749
1511327930957373443
1511327931099979782
1511327931305447424
1511327931494191109
1511327931800424457
1511327932064612353
1511327932274384906
1511327932530180107
1511327934153375746
1511327934199603206
1511327934254137353
1511327934279204868
1511327934304645122
1511327934547640336
1511327934979756032
1511327935239962624
1511327935252385797
1511327935294287878
1511327935445221377
1511327935877242887
1511327936351244289
1511327937081098240
1511327936594522113
1511327937412448261
1511327937827586055
1511327938372902923
1511327938456739846
1511327938481999873
1511327938930741255
1511327939446685697
1511327939408936965
1511327939337543681
1511327940029693959
1511327940415533059
1511327940268679174
1511327940482637831
1511327940478484493
1511327941405421574
1511327941447327747
1511327942139428878
1511327942001012742
1511327941912719363
1511327942277844999
1511327942823010304
1511327943389233153
1511327943456350210
1511327943800373255
1511327943422849036
1511327943938740224
1511327944068767750
1511327944005849090
1511327944387756033
1511327944471416832
1511327944500826116
1511327944928604163
1511327945071251462
1511327945612267523
1511327945725550605
1511327945851392007
1511327946371440643
1511327946899963913
1511327946769944583
1511327946916737026
1511327947118026752
1511327946950299651
1511327947579432979
1511327948816662528
1511327948934193155
1511327949303255044
1511327949286477825
1511327949680697345
1511327949932441603
1511327950045597708
1511327951136169990
1511327951182311426
1511327951379329025
1511327951517896712
1511327951463329799
1511327951605874689
1511327951819788296
1511327951853346822
1511327952109195272
1511327952918700040
1511327952931368969
1511327952809566212
1511327953283596291
1511327953472393219
1511327953791197189
1511327954063740937
1511327953996722180
1511327954630070278
1511327954525171714
1511327955166933001
1511327956014088203
1511327956752289796
1511327956475461637
1511327956878168069
1511327956953710594
1511327957113057289
1511327957079498753
1511327957763207174
1511327957637373966
1511327957956112389
1511327957972926464
1511327958589493251
1511327958899871755
1511327959822610435
1511327960430784520
1511327960153968641
1511327960510484487
1511327960476917761
1511327960938262530
1511327961328332806
1511327961542180868
1511327962033012736
1511327962007756805
1511327962381144067
1511327962406215691
1511327963068907521
1511327963308036103
1511327963354210314
1511327963794624516
1511327964859879427
1511327965044482053
1511327965157765124
1511327965338087427
1511327965715615756
1511327965849788416
1511327965795307528
1511327966915137538
1511327967393329155
1511327967548432389
1511327967972102148
1511327967993020420
1511327968206929921
1511327968307646465
1511327966244048896
1511327968970387467
1511327969054232584
1511327969733758977
1511327970098565130
1511327970312568840
1511327970585161737
1511327970815848450
1511327971067535363
1511327971176550404
1511327971407441923
1511327971713372162
1511327972397133826
1511327972262920198
1511327972611010564
1511327973131132930
1511327973206818817
1511327973269544961
1511327973026283521
1511327973386997760
1511327973802184715
1511327973953130501
1511327974481616899
1511327974443917318
1511327974766825480
1511327975190446084
1511327975911964680
1511327975991615488
1511327975958106118
1511327976507551759
1511327977023455234
1511327977031745537
1511327977233162241
1511327978374021122
1511327978726121472
1511327979275800585
1511327978944356359
1511327979649089551
1511327980185919491
1511327980554899459
1511327980697624578
1511327981205176336
1511327981502935045
1511327982064914432
1511327982140510213
1511327982517997579
1511327982673088514
1511327982882799620
1511327983264481280
1511327983222599689
1511327983314817029
1511327983105097735
1511327983671418889
1511327983725953032
1511327983918845957
1511327984774529033
1511327984803893252
1511327985634263050
1511327986129244164
1511327986351497222
1511327986410311683
1511327986926161922
1511327987723079694
1511327987886694405
1511327987966296064
1511327988310228999
1511327988712972296
1511327988578762755
1511327988851298311
1511327989576966145
1511327989925302273
1511327990076129281
1511327990160015365
1511327990445129731
1511327990591983624
1511327990545846282
1511327990478745603
1511327990873006083
1511327991183327235
1511327992399675394
1511327993007951872
1511327993062436869
1511327993741950981
1511327994849247244
1511327995289829380
1511327995474104332
1511327996103254019
1511327996283695108
1511327996455567370
1511327996761759744
1511327996791169027
1511327997432930309
1511327997130903560
1511327997583925248
1511327997898416131
1511327998552723465
1511327998670249987
1511327998531846148
1511327998863151111
1511327999265804292
1511327999592996864
1511327999601348608
1511327999945318408
1511328000041787404
1511328000582860806
1511328001304240135
1511328001400651781
1511328001711091712
1511328001748877316
1511328002650828802
1511328003011264520
1511328003732787203
1511328004168982535
1511328004345151488
1511328004395487236
1511328004428939265
1511328004504444937
1511328004638707720
1511328004718354442
1511328004835786754
1511328006446399498
1511328006647779335
1511328006664507393
1511328006777851913
1511328007075606532
1511328008161964035
1511328008455524352
1511328008786878466
1511328009156009992
1511328009357299715
1511328009088913416
1511328009223086084
1511328009701277704
1511328009948741646
1511328010003230721
1511328010590466053
1511328011286630404
1511328011270115328
1511328011987341312
1511328012050087941
1511328012217823234
1511328012423340046
1511328012666650629
1511328012318433283
1511328013476052996
1511328013383786508
1511328013522251778
1511328013446701060
1511328013815894023
1511328013874573317
1511328014038192136
1511328014143049739
1511328014243708933
1511328014457520131
1511328014608609282
1511328014549848069
1511328015023755273
1511328015082565636
1511328015237668871
1511328015594278918
1511328015816482826
1511328015632023552
1511328015841644552
1511328015954944007
1511328016214937604
1511328016852525057
1511328017183911943
1511328017292922888
1511328017620115467
1511328018219819014
1511328018085695491
1511328018358284290
1511328018412756998
1511328018496638977
1511328019272642562
1511328019339788293
1511328019603894279
1511328020010872839
1511328019960500227
1511328020002480133
1511328020220555273
1511328020606459906
1511328021025902599
1511328021168504842
1511328021436850176
1511328021428457480
1511328021550096390
1511328021550190597
1511328021621489665
1511328021613064199
1511328021902471170
1511328022326136838
1511328022569394178
1511328022598758409
1511328022879772672
1511328023227863046
1511328023177535492
1511328022825160705
1511328023508918273
1511328023689281543
1511328023999614979
1511328024494551049
1511328024670703617
1511328025119449090
1511328026021310468
1511328025954209796
1511328026264543235
1511328026277122056
1511328026541371396
1511328026671423488
1511328028235816973
1511328028525309954
1511328028957319173
1511328029380952069
1511328029460553729
1511328029712306185
1511328029791899661
1511328029997420546
1511328030257463307
1511328030345605131
1511328030299414538
1511328030450401280
1511328030970585088
1511328031226626049
1511328030895099910
1511328031280926721
1511328031440265219
1511328031419379720
1511328031616425984
1511328031352184834
1511328031645782020
1511328031952060420
1511328032082083840
1511328032350429184
1511328032266596361
1511328032765759498
1511328032769908736
1511328033571024898
1511328034112032773
1511328034183340039
1511328034271473665
1511328034728652805
1511328036414795787
1511328036381245444
1511328036968357892
1511328037094178819
1511328037010300945
1511328037303988228
1511328037505314826
1511328037413224453
1511328037429825541
1511328037945630729
1511328038109208578
1511328038058926087
1511328038490980362
1511328038574870538
1511328039644315652
1511328039946313731
1511328040101498882
1511328039950499847
1511328039992442880
1511328041120800774
1511328040944607232
1511328041083060230
1511328041368182784
1511328041972256772
1511328042068676613
1511328042295177217
1511328042190348289
1511328042756579334
1511328042790051846
1511328042915880967
1511328043087900681
1511328044014780431
1511328044018982915
1511328044207722504
1511328044346130445
1511328044547547141
1511328044610371586
1511328044853641216
1511328044815986696
1511328045898125323
1511328046657290240
1511328046678171650
1511328046741180417
1511328047030485003
1511328047387090948
1511328047580037121
1511328047940706312
1511328047819116553
1511328048771223555
1511328048838287364
1511328048943140874
1511328049077268487
1511328049274494987
1511328049295470595
1511328049429905412
1511328050721525764
1511328051480735753
1511328051442991109
1511328051983958018
1511328052097302530
1511328052164370440
1511328051325505547
1511328052562771978
1511328052638359553
1511328052759904258
1511328052919390218
1511328053451968517
1511328053628215307
1511328053611450372
1511328053863108610
1511328054181871623
1511328054177640453
1511328054446108680
1511328054404169731
1511328054672510978
1511328054844477442
1511328055435964421
1511328055532441601
1511328055645683719
1511328055951773698
1511328056358711297
1511328056455090187
1511328056501223434
1511328056559996935
1511328056656502789
1511328057096916999
1511328056924946432
1511328057646321667
1511328057717571585
1511328057843499013
1511328057948319750
1511328057944125444
1511328058153873415
1511328058623545352
1511328058728497158
1511328059001118727
1511328059013611522
1511328059198222342
1511328059223379978
1511328059579904006
1511328059714150410
1511328060129390593
1511328060146171913
1511328060347490311
1511328060561313793
1511328060796194818
1511328060712407049
1511328060783607810
1511328060888559624
1511328061203046402
1511328061043716096
1511328062239121410
1511328062226538507
1511328062444605447
1511328062415282181
1511328063010836482
1511328064424325123
1511328064751480832
1511328065670074375
1511328065783275521
1511328065619644419
1511328066202746884
1511328066475286537
1511328066655633414
1511328066777272323
1511328066995462156
1511328067200987145
1511328067138039815
1511328067519668229
1511328067570081797
1511328067561603073
1511328067972698113
1511328067830046724
1511328068190756866
1511328068140417026
1511328068253761538
1511328068522160130
1511328069050642437
1511328069054652419
1511328069650456582
1511328069952417795
1511328070262792192
1511328070728306689
1511328071042932740
1511328071219093512
1511328071621746690
1511328071772774400
1511328072179621894
1511328072515129353
1511328072464846850
1511328073614041088
1511328074297745416
1511328074528432129
1511328074855505927
1511328074822045699
1511328075124023297
1511328075971186695
1511328076084518916
1511328076709388291
1511328077552525324
1511328077699235844
1511328077653102604
1511328077732892673
1511328078035058689
1511328078215139328
1511328078282334218
1511328078429052935
1511328078621986816
1511328079121203204
1511328079259570177
1511328079431487491
1511328079746109447
1511328079838384140
1511328079955873794
1511328080060690434
1511328080048046090
1511328080685588483
1511328080668807169
1511328080874332161
1511328080828190729
1511328081000214534
1511328081348333579
1511328082023616517
1511328082111705094
1511328082208165903
1511328082619154434
1511328082640220164
1511328082787016712
1511328082908655616
1511328083009282050
1511328083214745601
1511328083118280710
1511328083521019917
1511328083684601861
1511328084066152451
1511328085953630208
1511328086150856711
1511328086293467145
1511328086880575488
1511328086926798851
1511328087606284295
1511328087337848836
1511328088210169862
1511328088277270535
1511328088323416067
1511328088738652168
1511328088919056393
1511328089242050566
1511328089766301701
1511328089988644871
1511328090697482240
1511328091339169800
1511328091494400003
1511328091200794632
1511328092081565711
1511328092240887811
1511328092354134019
1511328092534591489
1511328092920365068
1511328092832387080
1511328092798832647
1511328093545377794
1511328093876723712
1511328094619066372
1511328094736601099
1511328095399292931
1511328095323803648
1511328095667732481
1511328095583748096
1511328095722164232
1511328095881641993
1511328096569499658
1511328096447774720
1511328096527519762
1511328096863113222
1511328097194422281
1511328097492209666
1511328097559363586
1511328097915883529
1511328098343604226
1511328098490458113
1511328098654031883
1511328099295768579
1511328099270602753
1511328099463737344
1511328099463487489
1511328099744444422
1511328099983667210
1511328100021415936
1511328099996209154
1511328100197576705
1511328100247912450
1511328100214259715
1511328100457537538
1511328100440846338
1511328100679884805
1511328101074100233
1511328101673930758
1511328102030450694
1511328104433786888
1511328104203141121
1511328105230704646
1511328105402712065
1511328105553666051
1511328106283511815
1511328106694553607
1511328106904268800
1511328109051748360
1511328109412470785
1511328109756395525
1511328109768986627
1511328109999575050
1511328109886414849
1511328109836054536
1511328109919969282
1511328110259671043
1511328110779711493
1511328110079361030
1511328110876237828
1511328112046493699
1511328112067420168
1511328112092585984
1511328112310730759
1511328112470069253
1511328112621113351
1511328112591740935
1511328112725925890
1511328113338327048
1511328113329909768
1511328113623511046
1511328113703141378
1511328113833222149
1511328114042884101
1511328114021916675
1511328114273574917
1511328114848190474
1511328115120869386
1511328115083169792
1511328115393536004
1511328115833950217
1511328115917832196
1511328115980742658
1511328116303613959
1511328116366626827
1511328116496556034
1511328116790394882
1511328117461237767
1511328117566103554
1511328117499084800
1511328118233051144
1511328118266601472
1511328118727974921
1511328118782451716
1511328119306825730
1511328119013134345
1511328119654920201
1511328120099553282
1511328120393117704
1511328120326000655
1511328120435003393
1511328120489619463
1511328120439250952
1511328120476995589
1511328120514785287
1511328120909017093
1511328121450024966
1511328121487773700
1511328122154717187
1511328122272198661
1511328122444169225
1511328122523852803
1511328122930667522
1511328123203342339
1511328123534528514
1511328123744243715
1511328124281278482
1511328124377698310
1511328124444807169
1511328124692226055
1511328124994211840
1511328125409443844
1511328126315474949
1511328126319607808
1511328126537768964
1511328126969827332
1511328126856486924
1511328127951249414
1511328127947259904
1511328127074680833
1511328128500736009
1511328128815271940
1511328130069319681
1511328130417537031
1511328130790993920
1511328131394772996
1511328131306639364
1511328131713736708
1511328131680022530
1511328131705098241
1511328132703436802
1511328132686614532
1511328132875407371
1511328132875366400
1511328132745342977
1511328132829261837
1511328133022105600
1511328133538103296
1511328133961629703
1511328133890326528
1511328134393700352
1511328134523674633
1511328134355947524
1511328134775324677
1511328134813171715
1511328135026991112
1511328135303909384
1511328135777771521
1511328135731679240
1511328135970705424
1511328136084041728
1511328136859987973
1511328136931250176
1511328137141006340
1511328137187139589
1511328137631645707
1511328137682071552
1511328137723973635
1511328138147639304
1511328138843897861
1511328140517330946
1511328141008068618
1511328141599461387
1511328141918277636
1511328142098583567
1511328142140575750
1511328142425743367
1511328142430027781
1511328142887116803
1511328143134576645
1511328143172382729
1511328143528894467
1511328144061616140
1511328144573227014
1511328144661360644
1511328144963346444
1511328146146144266
1511328146167107587
1511328146825662465
1511328147337273351
1511328147349852166
1511328147572154378
1511328148130078722
1511328148146819077
1511328148650139649
1511328148746649607
1511328148977340419
1511328149061218305
1511328149598003204
1511328149791035400
1511328150080434186
1511328150113992706
1511328150533328901
1511328152026497027
1511328152219443200
1511328152064249865
1511328152332681233
1511328153058357255
1511328152961884163
1511328153335209990
1511328153414905863
1511328153595224064
1511328154023047173
1511328154136289281
1511328154157256717
1511328154513719303
1511328154530500617
1511328154601897986
1511328155319029760
1511328155407110147
1511328155931488256
1511328156124385282
1511328156132724738
1511328156434804736
1511328156430520324
1511328156472520718
1511328156657016840
1511328156828979205
1511328157009387522
1511328157177110531
1511328157420380161
1511328157223337985
1511328157588090884
1511328158397743110
1511328158108332035
1511328159047856132
1511328159047819272
1511328159010017280
1511328159337230344
1511328159928619013
1511328160058851331
1511328160067080192
1511328160457138185
1511328161145012230
1511328161270804483
1511328162457784320
1511328162768166917
1511328162843709446
1511328162965299216
1511328163179159557
1511328163183439874
1511328163179212803
1511328163879608321
1511328163888078849
1511328163963748355
1511328164596928516
1511328164521328644
1511328164689108992
1511328164731097099
1511328164806541317
1511328164966023178
1511328165297332227
1511328165569908739
1511328165469298697
1511328165607755783
1511328166014599172
1511328166182326276
1511328165964259339
1511328166358528001
1511328166605991937
1511328166706663430
1511328166954024966
1511328167100923905
1511328166899597324
1511328167499288579
1511328167562260484
1511328167822303232
1511328168564641800
1511328168057135104
1511328168736702469
1511328168942186502
1511328169051279361
1511328169093218305
1511328169240018952
1511328169407795204
1511328169340686339
1511328169361616899
1511328169441255430
1511328169546113036
1511328170405990407
1511328170674434055
1511328170791813124
1511328169965592581
1511328170829619201
1511328171370729476
1511328171416764420
1511328171584630786
1511328171613995023
1511328171735625742
1511328171764891651
1511328171022602246
1511328171949539339
1511328172180131843
1511328172666724353
1511328172754800643
1511328172842917893
1511328173182570504
1511328172809330689
1511328173182668809
1511328173526507526
1511328173677596673
1511328174336000018
1511328174889648138
1511328175023865865
1511328175409836049
1511328176487780352
1511328176768696322
1511328176798113804
1511328176982609922
1511328177259491344
1511328178006073349
1511328178064740358
1511328178056404993
1511328178345852941
1511328179125989377
1511328178559762434
1511328179440570369
1511328179797078022
1511328179817881607
1511328179901939712
1511328179964764163
1511328179872571396
1511328179973234700
1511328180296114183
1511328180598198273
1511328180682084361
1511328180736606216
1511328180963004421
1511328181290164227
1511328181374050306
1511328182036795403
1511328182418513925
1511328182997291012
1511328183056060417
1511328183366438916
1511328183471194117
1511328183651643394
1511328183626477568
1511328185413246984
1511328185652322306
1511328185862000644
1511328186335956998
1511328186306646019
1511328186571042819
1511328186797334530
1511328186742751235
1511328187011194889
1511328187447488517
1511328187485143040
1511328187749388299
1511328187858534400
1511328187900473352
1511328187904663561
1511328188634484737
1511328188793819144
1511328189427105793
1511328189951455234
1511328190282747909
1511328191226515460
1511328191826300942
1511328191830495241
1511328191905943552
1511328191872438277
1511328192103075843
1511328193118150669
1511328193516650502
1511328193608921101
1511328193541771273
1511328193764073482
1511328193571131396
1511328193747341321
1511328194128871436
1511328194217062400
1511328194556747782
1511328194724614146
1511328194900672521
1511328194900770822
1511328194967871495
1511328195362099201
1511328195940859904
1511328196045819907
1511328196251340800
1511328197211824132
1511328197320847362
1511328197190766600
1511328197782216705
1511328198059044870
1511328198180622342
1511328198155546635
1511328199472463874
1511328199644434438
1511328199850004482
1511328200324153346
1511328200651153408
1511328201750024200
1511328201938767883
1511328202181984262
1511328202370830336
1511328202463064074
1511328202899263496
1511328203075465221
1511328203398385667
1511328203541184513
1511328203620728832
1511328203490705412
1511328203704614916
1511328203796848645
1511328203893358599
1511328204203646978
1511328204119855110
1511328205365555203
1511328205499740166
1511328205671735299
1511328205717790722
1511328205495484423
1511328205709492230
1511328205994696705
1511328206162432000
1511328206858727432
1511328206699307015
1511328206757974018
1511328206816694280
1511328207492034569
1511328207773093901
1511328207529725957
1511328207886184453
1511328208179896320
1511328208217640960
1511328208527970316
1511328208750272521
1511328208590888964
1511328209719148551
1511328210084110338
1511328210717446149
1511328211115859980
1511328211342348288
1511328211577319425
1511328211640242180
1511328212546166786
1511328212705591306
1511328213221449731
1511328213762519043
1511328214106394625
1511328214341271557
1511328214475587587
1511328214576250885
1511328214827913220
1511328214991482881
1511328215184379905
1511328215268220931
1511328215641608195
1511328216157360132
1511328216266559498
1511328216656527360
1511328216765669380
1511328216564314114
1511328217378050048
1511328217667362829
1511328217763885059
1511328218011340801
1511328217986121738
1511328218116198408
1511328218187546626
1511328218623758341
1511328218791481345
1511328218879385604
1511328219496079364
1511328219437355011
1511328219735240708
1511328220104249349
1511328220603461634
1511328221345820674
1511328221840789522
1511328221807132674
1511328222729879555
1511328223015092230
1511328223342309384
1511328223564648454
1511328223530991620
1511328223644295175
1511328223820455939
1511328224143364102
1511328224009232388
1511328224374108165
1511328224453836809
1511328224348880906
1511328224751591433
1511328225078788103
1511328224994803719
1511328225145888768
1511328225028448264
1511328225150251013
1511328225468768264
1511328225716277258
1511328225963745294
1511328226223796231
1511328226261577730
1511328226852974594
1511328226794160137
1511328226869747721
1511328227075186688
1511328227121373184
1511328227138056192
1511328227213852680
1511328227515682827
1511328227234566147
1511328227930877963
1511328228379664393
1511328228341952517
1511328229604265991
1511328229809963012
1511328229868638208
1511328230069964807
1511328230527184897
1511328230573150208
1511328231445704708
1511328231697305614
1511328231894528007
1511328231949049860
1511328232318062607
1511328232255246339
1511328232938823680
1511328233110835203
1511328233916141573
1511328234159357962
1511328234482323457
1511328235174481927
1511328235325427724
1511328236281679878
1511328235828690945
1511328236843769864
1511328237414137861
1511328237460369411
1511328237468762114
1511328237586198535
1511328237720375305
1511328237670084612
1511328238122975236
1511328238605320198
1511328238810787845
1511328238836068355
1511328238617911301
1511328239024852995
1511328239024844801
1511328239444234240
1511328239322804224
1511328239851130883
1511328240031485954
1511328240132136960
1511328240509587457
1511328240622837763
1511328240564113412
1511328241205850117
1511328241243639824
1511328241533042695
1511328241679835138
1511328241772027906
1511328241772122126
1511328241881169921
1511328241897938948
1511328242917068804
1511328242506125313
1511328243244314627
1511328243739242497
1511328243898585096
1511328244066406401
1511328243579817990
1511328244104110087
1511328244624154627
1511328245035286537
1511328245152632835
1511328246490714120
1511328246620737541
1511328246872297475
1511328246788501510
1511328246985596937
1511328247488946177
1511328247593816070
1511328247950319618
1511328247866433545
1511328248503967744
1511328248583659521
1511328248965312513
1511328248852058123
1511328249112145925
1511328249221160961
1511328249347022848
1511328249556738060
1511328249426726912
1511328249732898818
1511328251003928582
1511328251179900932
1511328251318312964
1511328251637030912
1511328251905458186
1511328251838439431
1511328252253646852
1511328252228419592
1511328252295589891
1511328252308205572
1511328252647952390
1511328253063176196
1511328253809733637
1511328254094946307
1511328254635958274
1511328255508365317
1511328256057913345
1511328256259153924
1511328256175312896
1511328256485699590
1511328256666046475
1511328256850595859
1511328257454526470
1511328257777491969
1511328258775826435
1511328259241295874
1511328259262271498
1511328259388194831
1511328259442724874
1511328260038266882
1511328260017303552
1511328260440928258
1511328260453502976
1511328261254623239
1511328261321773056
1511328261653114881
1511328262064062481
1511328262185787394
1511328262328311810
1511328262064156673
1511328262886203393
1511328264022859777
1511328263926333445
1511328264878534663
1511328264853278725
1511328264970723339
1511328265558016008
1511328265537228807
1511328265977356302
1511328266115764229
1511328266568749058
1511328267080388615
1511328267046948867
1511328266447200261
1511328267755786252
1511328268217208836
1511328269374828546
1511328269458624514
1511328269840392205
1511328269915856907
1511328269349662722
1511328270217793537
1511328270524067848
1511328270599528453
1511328271300009986
1511328271484563460
1511328271325089793
1511328272176631809
1511328272495390734
1511328272751206400
1511328273552269321
1511328273615130633
1511328273288073220
1511328273858498569
1511328274323976202
1511328274340843522
1511328274554761228
1511328275427176453
1511328275439759362
1511328275653701635
1511328275582357504
1511328275716620288
1511328276773580808
1511328277088067590
1511328277176086533
1511328277109035020
1511328277855715334
1511328278182825984
1511328278304468992
1511328278879125511
1511328278866698242
1511328279088799751
1511328280393265155
1511328280456142854
1511328280540028929
1511328280619716622
1511328280842063876
1511328280850358272
1511328281437499394
1511328281957900290
1511328282465165316
1511328282612011014
1511328282591080451
1511328283031670788
1511328283622789122
1511328284092555264
1511328284189016069
1511328284377759753
1511328283127910411
1511328284440735747
1511328285069824002
1511328285099274245
1511328285170577414
1511328285191708674
1511328285346701317
1511328285640347659
1511328285757689861
1511328285908733956
1511328286059728902
1511328286118395911
1511328286957355011
1511328287104110598
1511328287766818821
1511328287892590595
1511328288362356744
1511328288589119491
1511328288848891910
1511328289318658060
1511328289452965895
1511328290040131585
1511328290782519308
1511328290694385668
1511328291122298881
1511328291499634690
1511328291797487625
1511328291998867460
1511328292015595525
1511328291969454090
1511328292305088517
1511328292464476160
1511328291784904704
1511328292581818373
1511328292812595204
1511328292405751832
1511328293252911110
1511328293424926729
1511328293496238095
1511328293601136647
1511328293701697540
1511328293865279491
1511328294209310728
1511328294620250118
1511328294561406976
1511328294553194503
1511328295450726402
1511328295622692878
1511328295975100417
1511328296759353349
1511328296767823886
1511328297099137029
1511328297304608775
1511328297405362176
1511328297610797058
1511328297875091458
1511328298151956482
1511328298181267456
1511328298378436617
1511328298416156672
1511328298525249543
1511328298584121344
1511328298856595468
1511328298294468609
1511328299166928900
1511328299426922505
1511328299552755718
1511328299905167367
1511328300773388288
1511328300651761673
1511328301037633537
1511328301054369793
1511328300995596305
1511328301306028039
1511328301415116811
1511328301532553217
1511328302086213632
1511328302220423181
1511328302958616587
1511328303176687622
1511328303495491590
1511328303554117636
1511328303797440519
1511328304166580224
1511328304258818058
1511328304598499331
1511328304959217665
1511328305605222411
1511328306418929670
1511328306892836865
1511328307526221837
1511328307714928648
1511328308243349510
1511328308402741254
1511328308545433600
1511328308566405123
1511328308549623812
1511328308650201095
1511328308742569991
1511328308738367491
1511328308839198721
1511328309753298948
1511328309749194764
1511328310025986057
1511328309900161026
1511328309744967699
1511328310235648015
1511328310378311682
1511328310353174535
1511328311527489540
1511328311452094472
1511328311510720520
1511328311653376003
1511328312026615812
1511328313620537345
1511328315180818440
1511328315520557056
1511328316288028690
1511328316560748545
1511328316699164675
1511328317013643267
1511328317605138434
1511328317806424064
1511328318678831109
1511328318859194373
1511328319001837576
1511328319035355139
1511328319358259205
1511328320012623881
1511328320738103297
1511328320742428675
1511328320843046921
1511328321514229762
1511328321761693702
1511328321891676163
1511328322009145345
1511328322281783297
1511328322390839296
1511328322512379904
1511328322394992656
1511328322600513537
1511328322772471828
1511328322898526211
1511328323456143372
1511328323950968836
1511328324286652419
1511328324680826884
1511328324747997184
1511328325150650377
1511328325452668938
1511328325435863043
1511328325498724354
1511328326002036744
1511328326543097864
1511328326870347782
1511328327562375170
1511328327524663301
1511328328032079874
1511328328468381700
1511328328615092229
1511328328531206155
1511328328489316354
1511328328933859331
1511328329563054080
1511328329806356495
1511328330322268173
1511328330498326533
1511328331219841024
1511328331182088195
1511328331370749957
1511328331379191808
1511328331555348485
1511328331983114251
1511328332230668289
1511328332352266244
1511328332666871814
1511328332918439937
1511328332775833606
1511328333501452288
1511328334008958980
1511328334092853250
1511328335103553538
1511328335208468485
1511328335212822530
1511328335170785283
1511328335426732041
1511328335615377409
1511328335741145095
1511328335913230339
1511328336198393864
1511328336567541761
1511328336743645185
1511328336697561097
1511328336731115528
1511328337037340684
1511328338010378248
1511328337565831172
1511328338580844544
1511328338949947404
1511328339356704769
1511328339943993346
1511328339897823238
1511328339981742081
1511328340153618432
1511328340652830725
1511328340967362566
1511328340359237635
1511328341147721736
1511328340963205123
1511328341432971268
1511328341487460359
1511328341080612873
1511328340808200193
1511328341642686476
1511328342355722248
1511328342632550407
1511328343299403779
1511328343588839430
1511328343517499393
1511328343811055626
1511328343802662917
1511328343840411649
1511328343865626627
1511328343949463553
1511328344675074053
1511328345065205768
1511328345019006987
1511328345031598082
1511328345128153093
1511328345929265154
1511328345811791877
1511328346633867268
1511328346990419970
1511328347116216321
1511328347707654145
1511328347619536905
1511328348781391875
1511328349129486339
1511328349171425286
1511328349314031624
1511328349616066566
1511328349699854345
1511328350664630280
1511328350815588355
1511328351167909907
1511328351201419273
1511328351184691205
1511328351356608521
1511328351474130947
1511328351541202953
1511328351969030151
1511328352317050883
1511328352438824966
1511328352707223554
1511328352690487298
1511328352740777992
1511328352916979713
1511328353021739012
1511328353529303040
1511328353411911680
1511328353638309899
1511328353877377027
1511328354158399494
1511328354397573123
1511328354859118604
1511328355047645194
1511328354980478984
1511328355152502787
1511328355479609355
1511328356054310915
1511328355966201858
1511328356352016387
1511328860075405318
1511328860499070978
1511328860691968005
1511328861786628096
1511328862076116996
1511328862424207370
1511328862587834375
1511328862835257344
1511328863095304192
1511328862960979975
1511328863648894977
1511328863724449796
1511328863888060424
1511328863934103559
1511328864043208710
1511328864450101248
1511328864508776457
1511328864659771395
1511328864815165440
1511328865498587142
1511328865481678857
1511328865905516546
1511328865884459010
1511328866098454539
1511328866492682246
1511328866966642690
1511328867188891650
1511328867352559622
1511328867746787332
1511328868103303177
1511328868367581185
1511328868413624322
1511328867885137925
1511328868485013518
1511328868564717577
1511328868992438273
1511328869353238534
1511328869638410251
1511328869680390150
1511328870397530119
1511328870653431808
1511328870833733642
1511328870959656968
1511328871098028035
1511328870980628488
1511328871672696842
1511328872368910349
1511328873056776195
1511328873304281092
1511328873740390407
1511328873627148290
1511328874101194756
1511328874566725638
1511328874763898880
1511328875229466629
1511328875535556616
1511328875816566784
1511328876097646601
1511328875900555270
1511328876169142273
1511328876454195211
1511328876215087107
1511328876814905347
1511328877657874443
1511328878995849220
1511328880505901067
1511328880828764164
1511328881038569485
1511328881374121988
1511328881596321795
1511328881659236355
1511328881810329603
1511328881701179402
1511328882120658959
1511328882519072771
1511328882489798656
1511328882728833026
1511328882590621698
1511328882967908352
1511328883655823364
1511328883643236353
1511328883680886788
1511328884100317186
1511328884108800000
1511328884234629125
1511328884465278977
1511328885228646410
1511328885228675077
1511328885304172544
1511328885224484867
1511328885614514189
1511328886168170501
1511328886306521096
1511328886319194115
1511328886424055815
1511328886478548994
1511328887283798018
1511328887413911558
1511328887506194446
1511328887468445700
1511328887975862278
1511328888001081353
1511328888386904069
1511328888667971592
1511328888651227143
1511328889217294338
1511328889418694656
1511328889355784198
1511328889985024005
1511328890316369922
1511328890609967116
1511328890781937672
1511328891046141967
1511328890953814025
1511328891247509506
1511328891255889921
1511328892153438213
1511328892476350467
1511328892723810304
1511328892988141575
1511328892811976711
1511328893042827265
1511328893382402048
1511328894003073025
1511328893998874629
1511328894762246147
1511328894888067075
1511328895726931970
1511328895710150666
1511328895722786818
1511328895898902540
1511328896620376067
1511328897819885571
1511328898050670595
1511328898088423427
1511328898407178243
1511328899367641088
1511328900152008709
1511328901091532800
1511328901989023746
1511328902010056714
1511328901968142338
1511328902416846849
1511328902744092674
1511328902895001601
1511328903163523078
1511328903121584129
1511328903322869764
1511328903511617541
1511328903503257606
1511328903775887363
1511328903901728777
1511328903679328260
1511328904170065922
1511328904547610628
1511328904769937412
1511328904740589576
1511328905260634113
1511328905398992903
1511328906158161921
1511328905986199553
1511328906246242304
1511328906695041033
1511328906594463758
1511328906892255236
1511328907240296455
1511328907441721345
1511328907462598668
1511328908251181056
1511328908586717187
1511328908456640513
1511328908448346125
1511328909274537986
1511328909538779139
1511328909589106690
1511328909639528452
1511328910042185728
1511328910600024068
1511328911363350529
1511328911975661574
1511328913208840193
1511328913347301380
1511328913787609097
1511328913762435075
1511328913951268867
1511328914093875208
1511328915402407936
1511328916539158535
1511328916748840963
1511328916694343681
1511328917407387654
1511328917210214402
1511328917692751873
1511328918179139593
1511328918506201089
1511328918523023362
1511328918489468929
1511328919189925891
1511328919118495747
1511328918875299857
1511328919277953025
1511328919236055042
1511328919529693206
1511328920091648003
1511328919059898375
1511328920288833545
1511328919722594305
1511328920406302722
1511328920649576458
1511328920318185478
1511328920871841798
1511328921178017796
1511328921157050372
1511328921471664128
1511328921517703177
1511328921370910724
1511328921626812416
1511328922264387590
1511328922704691204
1511328922541207554
1511328922562146306
1511328922721566728
1511328924063739914
1511328924797706252
1511328925456162823
1511328926018248707
1511328926152503305
1511328926177501192
1511328926639001604
1511328926701961218
1511328927041662979
1511328927133880329
1511328927884709890
1511328928039944208
1511328928576774147
1511328928840966149
1511328928882905094
1511328929109495808
1511328929189138449
1511328929835016201
1511328929784729608
1511328929818292228
1511328929965031424
1511328930124414982
1511328930200010756
1511328930426499075
1511328930346766339
1511328930657189894
1511328930673922053
1511328930803953666
1511328930845839363
1511328931051356164
1511328931663777799
1511328931831504901
1511328932280348675
1511328932062240771
1511328932703973385
1511328932494204932
1511328932980826112
1511328933354123271
1511328933396033541
1511328934750834690
1511328934906011652
1511328935367303168
1511328936399097868
1511328936663429122
1511328935224786944
1511328937321897984
1511328936831164421
1511328937934299136
1511328937586008073
1511328938173378561
1511328938915684358
1511328938953527298
1511328939301806080
1511328939867844614
1511328939842617348
1511328939943378944
1511328940467630080
1511328940983468033
1511328941059059716
1511328941155532808
1511328941096775680
1511328941939769355
1511328941931483148
1511328942417928196
1511328942812278788
1511328943160406023
1511328943357538316
1511328943500111878
1511328943575556107
1511328944724844548
1511328944997470213
1511328945001611266
1511328945303699462
1511328946738057224
1511328947019071491
1511328947056828426
1511328947136516107
1511328947815989252
1511328948197675017
1511328948302626821
1511328949082722304
1511328949640605704
1511328950135447555
1511328950080917517
1511328950001229828
1511328950827556866
1511328951012139013
1511328951079219206
1511328951192412162
1511328951662264327
1511328951628673029
1511328951821651969
1511328951972642820
1511328952215916544
1511328952438210570
1511328952979267585
1511328953004404739
1511328953188900865
1511328953096708104
1511328953209958400
1511328953088286724
1511328953428062209
1511328954384269319
1511328954308833288
1511328954665287684
1511328956078862336
1511328956544389121
1511328956930310145
1511328957441916935
1511328957639327746
1511328958251479042
1511328959031562241
1511328959056732160
1511328959677583370
1511328959719514123
1511328960294051843
1511328960910483461
1511328961346818049
1511328961376235520
1511328961464352771
1511328961736888328
1511328961883783169
1511328962152128521
1511328962068328451
1511328962345111552
1511328962781356033
1511328963712491531
1511328964006010885
1511328964161253376
1511328964266139652
1511328964987523084
1511328965251805192
1511328965444702208
1511328965394325508
1511328965813837831
1511328965885104134
1511328966505910277
1511328966795218948
1511328966879199239
1511328968028430336
1511328968435281920
1511328968594571265
1511328969135640585
1511328969039220750
1511328969114767363
1511328969810923527
1511328969899102212
1511328970071023619
1511328969949392901
1511328970360377350
1511328970628861957
1511328970876362754
1511328971111211010
1511328971278987264
1511328971513905154
1511328971748749317
1511328971958493185
1511328972151402497
1511328972184989703
1511328972667338755
1511328973904662530
1511328974143696898
1511328974093357060
1511328974231642115
1511328974433042432
1511328974433140737
1511328975217311751
1511328975506718722
1511328976677089285
1511328976987373581
1511328977272643590
1511328977503334403
1511328977725579272
1511328978300284934
1511328979122376710
1511328978526736390
1511328979155927046
1511328979881537545
1511328979998982150
1511328980300963843
1511328980674260994
1511328980690948105
1511328980921729024
1511328981131354116
1511328981303373827
1511328981517316104
1511328981899001856
1511328981991178245
1511328982171541517
1511328983241142275
1511328983006203906
1511328983220203523
1511328982834294791
1511328983752880128
1511328984474296324
1511328984633593866
1511328984600043520
1511328984860090368
1511328984751087618
1511328985254346762
1511328985237630977
1511328985493512197
1511328985883590658
1511328986315563009
1511328986311401476
1511328986428813312
1511328986953134088
1511328987003375619
1511328987838140417
1511328988706222080
1511328988723036167
1511328989050245123
1511328989285134343
1511328989142528001
1511328989347995648
1511328989419237378
1511328989616476160
1511328989922615297
1511328989994000384
1511328990031663111
1511328990342094848
1511328990719524865
1511328991118082057
1511328991243874310
1511328991470399491
1511328990992244738
1511328991797460997
1511328991738748930
1511328992233730059
1511328992233914380
1511328992317653000
1511328993001324544
1511328993500405760
1511328993693376518
1511328994356080644
1511328994716700682
1511328994628616195
1511328995052335114
1511328995295612937
1511328995857641475
1511328996021215235
1511328996977516550
1511328997111734276
1511328997627543560
1511330370708512773
1511330370922364934
1511330371073454091
1511330371622907914
1511330371966844935
1511330371073421318
1511330372298158085
1511330372520497154
1511330373103648770
1511330373233487872
1511330373115990016
1511330374105899011
1511330374227574789
1511330374080679944
1511330374349111301
1511330374345019394
1511330375250980868
1511330375582244866
1511330376156958720
1511330376198901766
1511330376421105672
1511330376563802112
1511330376760889347
1511330376802787329
1511330376681144321
1511330377058721796
1511330377050296321
1511330377503236096
1511330377213919237
1511330377704611842
1511330377834631174
1511330378354761735
1511330378375647237
1511330378459537411
1511330377838710787
1511330379092869122
1511330379562721281
1511330379797569538
1511330379915051009
1511330380112142336
1511330380468699142
1511330381261328389
1511330381726945280
1511330381718560773
1511330381798203394
1511330382200852487
1511330382469283851
1511330382893002755
1511330382750396417
1511330383434027008
1511330383790546951
1511330384046600195
1511330384117743616
1511330384289669120
1511330384948121603
1511330384944021510
1511330384876871690
1511330386013528064
1511330386193887232
1511330386151882757
1511330386378428416
1511330386537857028
1511330386940506115
1511330387355738125
1511330387485773827
1511330387619979265
1511330388093906946
1511330388249034762
1511330389176070151
1511330389347999746
1511330389373202440
1511330389629063171
1511330390312689671
1511330391508070406
1511330391889788930
1511330391872921601
1511330391864627202
1511330391994646532
1511330392179105797
1511330392674123781
1511330394028785673
1511330394230112274
1511330395115167757
1511330395199086594
1511330395178123271
1511330395257806853
1511330396088242177
1511330396163788806
1511330397233287180
1511330397887553536
1511330398055317510
1511330398004989959
1511330398797762565
1511330399074590722
1511330399087124481
1511330399120773131
1511330399338778633
1511330399368134664
1511330399661744130
1511330399829508103
1511330399947005954
1511330400328630277
1511330400869756931
1511330400953581575
1511330401301712900
1511330400987193347
1511330402425876480
1511330402656468992
1511330402539122694
1511330403063373833
1511330403356925952
1511330403629608964
1511330404011319298
1511330404229337090
1511330404309024776
1511330404548194305
1511330404518744070
1511330404879511565
1511330404875259916
1511330404707541000
1511330404942372875
1511330405177344011
1511330405332496387
1511330405600927748
1511330406167195652
1511330406506840066
1511330406435598339
1511330407001825284
1511330407224074247
1511330407161241600
1511330407517720589
1511330407706472452
1511330408788594695
1511330409216618502
1511330409195491329
1511330409497387011
1511330409606430731
1511330409744936966
1511330410302787587
1511330410269224965
1511330410432716809
1511330411338731530
1511330411670118405
1511330411632369674
1511330412466954240
1511330413444218883
1511330413461262336
1511330413507223555
1511330414547419139
1511330414761287688
1511330415025565710
1511330414304059404
1511330415180660739
1511330415306489867
1511330415453343753
1511330415717629953
1511330415902134278
1511330415981772801
1511330415998603267
1511330416162185222
1511330416246013953
1511330416405348354
1511330416745230345
1511330417185591301
1511330418116730890
1511330418519334914
1511330418368335876
1511330418632667140
1511330419022696453
1511330419232419841
1511330419521642499
1511330420662714379
1511330421115691009
1511330421841170433
1511330422453641221
1511330422801768454
1511330422868828160
1511330423292547077
1511330423468707850
1511330423338582020
1511330423846182912
1511330423846154242
1511330424009728004
1511330424148135945
1511330424223584265
1511330424370475008
1511330424471105544
1511330424689242118
1511330424559177729
1511330424357900291
1511330425226076161
1511330425280643072
1511330424181735425
1511330425486118912
1511330425980997635
1511330425939152899
1511330426350149636
1511330427084185608
1511330427075715073
1511330427138678786
1511330427562307591
1511330427713245188
1511330427876876293
1511330427822387206
1511330428241817608
1511330428514361347
1511330428522831876
1511330429286195207
1511330429533630464
1511330429483339778
1511330429747486721
1511330429953056775
1511330429999194119
1511330429978226691
1511330430909353985
1511330431572008966
1511330431580450817
1511330431769141250
1511330431895019526
1511330432842932225
1511330432826052614
1511330432872325123
1511330432339619846
1511330433014939656
1511330432998064135
1511330433354579975
1511330433665015812
1511330433870532614
1511330433757335556
1511330434260475904
1511330434420035595
1511330434608779271
1511330434638041091
1511330434759680001
1511330434617122822
1511330434889748482
1511330435149799427
1511330434327719949
1511330435636379652
1511330435703492616
1511330436911624198
1511330437075025922
1511330437662228487
1511330437993578497
1511330438257729542
1511330438094196738
1511330439084056588
1511330438975004674
1511330439092445184
1511330439088287749
1511330439130198018
1511330438962458627
1511330439801278475
1511330440136822789
1511330440241721356
1511330440547901447
1511330440677838856
1511330440761774086
1511330441424523271
1511330441344782348
1511330441600671744
1511330441592246279
1511330441516748801
1511330441592254471
1511330442384920592
1511330442523336705
1511330443001573380
1511330443332890634
1511330443391832064
1511330444050108422
1511330444557664264
1511330444838858760
1511330445354545156
1511330445245431822
1511330446356926467
1511330446990360582
1511330447296548873
1511330447141261317
1511330448059908096
1511330448449937410
1511330449016205324
1511330449125253131
1511330449041338376
1511330449016201218
1511330450752655364
1511330450547089413
1511330450702221319
1511330451163688966
1511330451377594373
1511330451629223950
1511330451721535492
1511330451725692930
1511330452078006278
1511330452484902917
1511330452992315395
1511330453130731525
1511330454108090372
1511330454460317702
1511330454640775169
1511330454695198721
1511330454640775174
1511330454754021385
1511330454812741632
1511330455450275840
1511330454862893057
1511330455383158789
1511330455710220301
1511330455827668998
1511330456108732417
1511330456117018629
1511330456385605636
1511330456343650306
1511330456482025476
1511330456670777350
1511330456695889920
1511330456570114049
1511330457111179278
1511330457266364426
1511330456788258818
1511330459032113162
1511330459472510984
1511330459380334592
1511330459950669828
1511330460135211011
1511330460303077392
1511330460319821827
1511330460701446144
1511330460743438343
1511330460902862848
1511330461758414850
1511330461880049666
1511330461989195779
1511330462500806657
1511330462920282116
1511330463222276102
1511330463109025794
1511330463251677199
1511330463352340486
1511330464413495304
1511330464941883395
1511330465252364300
1511330465243934720
1511330464593854466
1511330464795017225
1511330466049187842
1511330466313510915
1511330467236261893
1511330467307524097
1511330467236257794
1511330465977970693
1511330468213530630
1511330468242894856
1511330467760553987
1511330469551427585
1511330469597560838
1511330469538844678
1511330469861896197
1511330470063190027
1511330470503632899
1511330470642003975
1511330470398726149
1511330471094984705
1511330472093224965
1511330472651071498
1511330473850585092
1511330474379075585
1511330474907607044
1511330475264122883
1511330475654189065
1511330475754803211
1511330476446949380
1511330476547584007
1511330476526653454
1511330476493053957
1511330477059289092
1511330477671600135
1511330477843656707
1511330477872979978
1511330478061719554
1511330478468567042
1511330477424189440
1511330478606925829
1511330478787280897
1511330479538114565
1511330479387066370
1511330480305721347
1511330480720908291
1511330480829915143
1511330481073176582
1511330481152921604
1511330481245200395
1511330481350008832
1511330481371062273
1511330482381901832
1511330482629353481
1511330482696470533
1511330482893508617
1511330483199778821
1511330483275276292
1511330483157798918
1511330483585622026
1511330483623247873
1511330483619221510
1511330483942137871
1511330483908526088
1511330484164468740
1511330484550258696
1511330484994904066
1511330485330497542
1511330485477199872
1511330485544357897
1511330485561171980
1511330485905072144
1511330485858971664
1511330486106439686
1511330486588739591
1511330486597136385
1511330486651654145
1511330486840401925
1511330487008169984
1511330487175897092
1511330487805042697
1511330488119615492
1511330488690036740
1511330488698429444
1511330488631410693
1511330489017188352
1511330490501976064
1511330490434961414
1511330490753732612
1511330490816598021
1511330490858577933
1511330490959155204
1511330491408035844
1511330491345031174
1511330491768713216
1511330492783775749
1511330493089918986
1511330493404430338
1511330493949743117
1511330494427840521
1511330494947987458
1511330495312846851
1511330495690379265
1511330495921074186
1511330495807864838
1511330496210423820
1511330496436920324
1511330496801878020
1511330497221341187
1511330498156580867
1511330498135707656
1511330498383159301
1511330498479632388
1511330498760617984
1511330498848690177
1511330498789969926
1511330499268169729
1511330499368828929
1511330500031483908
1511330500069187593
1511330500153122818
1511330500161552387
1511330500392202244
1511330500325134343
1511330499888918530
1511330500723552260
1511330501059125253
1511330501457498114
1511330502749347840
1511330502791380996
1511330502740951060
1511330504729145347
1511330505345617922
1511330505538654209
1511330504959836161
1511330505899266050
1511330505953882114
1511330506335567877
1511330506494910471
1511330505014358017
1511330506650132497
1511330506796900356
1511330506935255045
1511330506964676615
1511330507300163585
1511330507358883857
1511330507287457793
1511330507472183298
1511330507497349126
1511330507509874691
1511330508038361102
1511330508613038091
1511330509149851653
1511330509858779142
1511330510265470978
1511330510601129984
1511330511163174921
1511330511440027650
1511330511737786370
1511330511997841408
1511330512320831498
1511330512404721680
1511330512354357249
1511330513482625032
1511330513839173632
1511330514099224585
1511330514619314185
1511330515915362307
1511330516045385729
1511330515994951683
1511330516498329601
1511330516741627911
1511330517488181256
1511330518612295683
1511330519585284103
1511330519631413248
1511330520168284168
1511330520239644675
1511330520461983748
1511330520596103168
1511330520721989636
1511330521439166468
1511330521758027778
1511330521837617160
1511330522106109957
1511330522525585415
1511330523226021899
1511330523012022273
1511330523599282181
1511330523699990530
1511330523846688773
1511330524001882114
1511330524052307976
1511330524090048525
1511330524417175560
1511330524471640069
1511330524547145732
1511330524685643776
1511330524912140291
1511330525297917954
1511330525327339528
1511330525369319432
1511330525667078146
1511330525658636292
1511330525730021380
1511330525755199493
1511330525843267594
1511330525918732299
1511330526275289088
1511330526535237639
1511330527055384576
1511330526988312576
1511330527273488386
1511330527571292160
1511330527793532930
1511330528099774469
1511330527290314757
1511330528506650627
1511330529043439617
1511330529064505345
1511330529643311114
1511330529567776770
1511330530054316040
1511330530385702916
1511330531199307785
1511330531392339973
1511330531836891137
1511330532210192385
1511330532478627840
1511330532608589830
1511330532679991303
1511330532700954626
1511330532935843849
1511330533002948620
1511330532797341701
1511330533174915073
1511330533673951234
1511330533975990281
1511330534311567361
1511330534361907205
1511330534491832322
1511330534974177281
1511330535204872192
1511330535372734481
1511330535624384512
1511330535766994946
1511330535704076288
1511330536089915397
1511330536417021954
1511330536479879169
1511330536626823170
1511330536802897941
1511330536844935176
1511330537448910851
1511330537608200199
1511330537708867586
1511330537595617282
1511330537956388868
1511330538757439495
1511330539197841411
1511330539801821189
1511330539969683461
1511330540108062725
1511330540334559234
1511330540678524930
1511330541211205633
1511330541508956162
1511330541488021505
1511330541957754886
1511330542146527232
1511330542972809216
1511330543048265728
1511330543220183046
1511330543455059972
1511330543614394374
1511330543677452294
1511330544314896387
1511330544319184901
1511330544889606144
1511330545246081026
1511330545573281793
1511330545845870592
1511330545917206529
1511330546009493505
1511330547037089805
1511330547385131012
1511330547502661633
1511330548127514628
1511330548110737412
1511330548303728641
1511330548404338692
1511330548232372224
1511330548538564608
1511330548924489733
1511330549222322179
1511330549918490624
1511330550044409865
1511330550065291271
1511330550195400705
1511330550614794241
1511330550656778243
1511330551394971651
1511330552036663301
1511330552305041410
1511330552267300878
1511330552397324290
1511330552405807118
1511330552628101130
1511330552896442370
1511330552552603649
1511330553030660106
1511330553047433221
1511330553978630144
1511330554154827776
1511330554209316868
1511330554335186947
1511330554746183688
1511330554725244934
1511330555144589320
1511330555245252613
1511330555236958216
1511330555438186499
1511330556331630605
1511330557178912770
1511330557145325579
1511330557568995334
1511330557501841411
1511330557669654534
1511330557522759685
1511330557640290312
1511330557854167046
1511330557942284290
1511330558009389059
1511330557921218564
1511330558319734791
1511330559263485957
1511330559129178124
1511330559527690245
1511330559938768900
1511330559955542019
1511330560387526656
1511330560978964485
1511330561490661388
1511330561595518978
1511330561834508294
1511330561884835852
1511330562174300163
1511330562879160322
1511330563407462402
1511330564166537226
1511330564267249672
1511330564883759108
1511330565001297921
1511330565349326851
1511330565542363150
1511330566121132033
1511330566876151814
1511330567542956040
1511330567698231308
1511330567740141572
1511330567777882119
1511330568537092102
1511330568402882561
1511330568474181644
1511330568918732804
1511330568818016256
1511330569145176075
1511330568671272961
1511330569732313089
1511330569195507720
1511330570055438340
1511330570395127814
1511330570000900101
1511330570747453440
1511330570948722688
1511330571288522762
1511330571678621706
1511330571766710280
1511330571854749698
1511330572479696898
1511330572492226570
1511330573264240643
1511330573733793793
1511330574765539332
1511330574904217604
1511330575155662848
1511330575256330245
1511330575289831430
1511330575528955910
1511330576309096448
1511330576443260928
1511330577068310532
1511330577555005441
1511330577760333832
1511330578074935299
1511330578532118531
1511330578892734471
1511330579668774915
1511330580880842759
1511330581329678336
1511330582109859840
1511330582248235019
1511330582877331466
1511330583280029698
1511330583808458761
1511330584047480832
1511330584471252992
1511330584689364997
1511330584970371072
1511330584894791683
1511330585201029125
1511330585490427907
1511330585486237704
1511330585544957960
1511330585813434371
1511330586052509706
1511330586266378249
1511330586484523011
1511330586694139912
1511330586866196485
1511330587289731072
1511330587369517056
1511330587503697932
1511330587331768331
1511330587491119106
1511330587725991942
1511330587818217475
1511330587927359496
1511330588648685569
1511330588392894467
1511330588627804169
1511330589324066827
1511330589407956997
1511330589781250049
1511330590494273537
1511330591312158721
1511330591874158600
1511330591924494341
1511330592415178757
1511330592406663169
1511330593593864192
1511330593941774338
1511330593996525576
1511330593820270592
1511330594634010638
1511330595128942602
1511330595560951813
1511330595640684554
1511330595896532997
1511330596420739077
1511330596798218250
1511330596664000518
1511330596953505795
1511330597070938113
1511330597389709313
1511330597473558534
1511330597813338112
1511330597892984833
1511330598283055105
1511330599952338950
1511330600661274628
1511330600631873541
1511330600648642564
1511330601021939720
1511330601231687690
1511330601214783498
1511330601407860740
1511330601885999109
1511330602947076106
1511330603035201536
1511330603366592516
1511330603916009478
1511330604213755904
1511330604276670465
1511330604989698053
1511330604805197834
1511330605283397637
1511330605245640709
1511330605245607941
1511330605375660035
1511330605920886785
1511330605723791372
1511330606105382920
1511330606277406730
1511330606646497287
1511330607363731462
1511330607460147204
1511330607925768194
1511330608315867137
1511330608361922561
1511330608408154117
1511330608638746630
1511330609787985922
1511330610131972099
1511330610094256142
1511330610555543561
1511330610815672327
1511330611448930310
1511330611553832963
1511330611516030983
1511330611289636866
1511330611662888961
1511330611721650177
1511330611956535302
1511330611985797128
1511330611960688644
1511330613051236359
1511330613042814986
1511330613344755713
1511330613739106305
1511330614057836555
1511330614435266565
1511330615295102979
1511330615450296328
1511330615483842561
1511330615345692678
1511330615559340033
1511330615643230212
1511330615634931723
1511330616112992258
1511330616452784128
1511330616549257221
1511330616977022981
1511330616947658752
1511330617413324801
1511330617937608706
1511330617853718536
1511330618243698689
1511330618143125504
1511330618449223686
1511330618818318344
1511330618919071752
1511330619166502914
1511330618851868684
1511330619434876932
1511330619653042178
1511330619976044546
1511330620697362442
1511330621079101446
1511330621062365186
1511330622127710210
1511330622148689925
1511330622425423879
1511330622886883330
1511330622417031173
1511330623612497921
1511330623624990731
1511330622941417479
1511330624224833545
1511330624723947526
1511330624807878661
1511330624954642444
1511330625764081665
1511330626561052686
1511330626607190023
1511330626703613954
1511330626753941519
1511330626837823490
1511330626691022853
1511330627546718216
1511330628092014597
1511330628142260229
1511330628670738438
1511330628654010370
1511330628641464322
1511330628792373255
1511330628117094409
1511330628893093893
1511330629207699458
1511330629442486274
1511330629601931276
1511330629576712195
1511330629820071943
1511330630130405378
1511330630675611653
1511330631178981385
1511330631212572677
1511330631296368640
1511330631250329600
1511330631619330055
1511330631954972672
1511330632135282689
1511330632672157704
1511330632537980928
1511330633200582657
1511330633649467400
1511330633708195848
1511330634035343365
1511330633783652360
1511330633825542145
1511330634609930253
1511330634857422850
1511330635251597320
1511330635675275266
1511330636438646785
1511330636295983110
1511330636665180167
1511330637126553605
1511330637197762567
1511330637424345095
1511330637436928005
1511330637961211915
1511330638053396488
1511330638242136065
1511330638800035846
1511330639819292685
1511330640163180552
1511330640653959174
1511330640708444163
1511330640771358729
1511330640704249856
1511330640851050498
1511330641173962753
1511330641245356039
1511330641106898952
1511330642600026120
1511330642751021058
1511330642814021638
1511330642671419398
1511330642985992192
1511330643317346311
1511330643757744134
1511330643459850245
1511330644298719234
1511330644655288320
1511330644881813510
1511330645137674245
1511330645318017034
1511330645615996938
1511330645628313601
1511330645804560388
1511330645938737163
1511330646207176704
1511330646232379398
1511330646974771203
1511330647108902912
1511330647129866243
1511330647213805572
1511330647431958531
1511330647624794116
1511330647842996225
1511330648430161926
1511330649042558978
1511330649118060544
1511330649227108353
1511330649310998538
1511330649583636480
1511330649851977728
1511330650258825219
1511330650523156483
1511330651110322177
1511330651487842304
1511330651701747722
1511330652116983809
1511330652293107720
1511330653454876674
1511330653698248705
1511330653832364046
1511330654285352965
1511330654516137988
1511330654700687360
1511330654763589637
1511330654692257803
1511330654713176065
1511330654922973189
1511330654872612864
1511330655107489793
1511330656294518791
1511330656495800326
1511330656630054917
1511330656508387331
1511330656722243590
1511330657020035072
1511330657263394820
1511330657485692932
1511330658106417162
1511330658714595331
1511330658811105293
1511330659364749313
1511330659742199819
1511330659188592642
1511330659905814537
1511330660383928323
1511330660916547585
1511330660941709314
1511330662380408847
1511330662548185096
1511330662258814976
1511330662837637121
1511330663827492871
1511330663978475521
1511330664536326145
1511330665110851584
1511330665551351810
1511330665752576008
1511330666482393092
1511330666654445571
1511330666771894273
1511330666813833223
1511330666784309250
1511330666738327553
1511330667782672387
1511330667874947082
1511330668189470720
1511330669502377985
1511330669774974976
1511330670068576257
1511330670315982854
1511330670618021895
1511330670760636419
1511330670798381065
1511330670496423938
1511330671184252928
1511330671826026498
1511330672056717322
1511330671956045829
1511330672325148673
1511330672287309835
1511330673252053007
1511330673482735619
1511330673499512838
1511330673801445381
1511330674183217153
1511330674371932171
1511330674615234563
1511330674585874441
1511330674669674497
1511330675219181574
1511330675328225289
1511330675441520643
1511330675395227652
1511330675563114500
1511330676099923969
1511330676972343300
1511330677874204672
1511330678092218370
1511330677937123332
1511330678176104456
1511330678239019012
1511330678696292363
1511330679023362056
1511330679086321664
1511330679585390593
1511330680323682308
1511330680793411591
1511330680566956035
1511330680961212420
1511330681040908290
1511330681418309639
1511330681191903239
1511330681548382208
1511330681556713475
1511330681879764997
1511330681691033602
1511330681959424006
1511330682320179203
1511330682919919617
1511330683616178179
1511330683964342274
1511330683863638021
1511330684303982592
1511330684828368898
1511330684924829696
1511330685348417539
1511330686413725698
1511330686824849408
1511330687118454791
1511330687823056905
1511330688376709123
1511330688590659591
1511330688859090949
1511330689102319623
1511330689278484490
1511330689370705925
1511330689475657735
1511330689429520388
1511330689576312833
1511330690163519502
1511330690528391172
1511330690918502403
1511330690838810627
1511330691593777152
1511330691811844102
1511330693166555142
1511330693388853248
1511330694005415940
1511330694114557956
1511330694341054478
1511330694445903873
1511330694798233603
1511330695221858311
1511330695234400262
1511330695406403584
1511330695511171079
1511330694932439058
1511330695880355847
1511330696089976839
1511330696182353924
1511330696131981313
1511330696220094468
1511330696731705351
1511330697146941442
1511330697172164612
1511330697507704837
1511330697751019529
1511330697860026374
1511330698032033792
1511330697826476037
1511330698593980427
1511330698732392473
1511330698770194436
1511330699462250497
1511330699453906952
1511330699600613378
1511330700083011593
1511330700145971200
1511330699567153155
1511330700670214146
1511330700653477896
1511330700737368066
1511330700775071744
1511330700842127372
1511330700917719044
1511330701454544897
1511330701848846336
1511330701848846341
1511330702176014339
1511330702150746120
1511330702238830595
1511330702478000133
1511330703035846663
1511330703069351936
1511330703262298130
1511330703400648704
1511330703597883394
1511330703631339521
1511330703471951874
1511330704180850694
1511330704201863171
1511330704424120322
1511330704449314817
1511330705241948164
1511330704659034113
1511330705548140551
1511330706336665610
1511330706395389952
1511330706466684935
1511330706923868172
1511330706823290889
1511330707242684418
1511330707439820805
1511330707343294477
1511330707519508481
1511330707779592201
1511330707867676676
1511330708085690368
1511330707850862592
1511330708157083659
1511330708719116290
1511330708895281155
1511330709079797764
1511330709260095491
1511330709352366087
1511330709612503054
1511330709926989824
1511330710086369281
1511330711021703173
1511330711046828037
1511330711277645824
1511330711101485060
1511330711407579138
1511330711327985672
1511330711575437319
1511330711613100048
1511330712129093635
1511330712737230848
1511330712645156870
1511330712653287424
1511330713265745929
1511330713601294341
1511330713970384906
1511330714930888708
1511330715023073284
1511330715081875462
1511330715677470721
1511330715765514242
1511330716390416393
1511330716428161029
1511330716642164745
1511330717749456896
1511330717933965320
1511330718248493057
1511330718458261504
1511330718634364928
1511330718886027267
1511330718856712193
1511330719217467393
1511330720303792134
1511330720349921282
1511330720999948288
1511330721008341001
1511330721016827910
1511330721171968001
1511330721251704840
1511330721268477958
1511330721440350212
1511330721427865600
1511330722300280839
1511330722723807232
1511330722694504453
1511330722820554754
1511330722866413568
1511330723269066755
1511330723864936451
1511330724741267472
1511330724934266886
1511330725978681352
1511330725999562752
1511330726716887048
1511330727354408961
1511330727333400581
1511330728268771334
1511330728327401472
1511330728382025733
1511330729015353349
1511330728990187521
1511330729602527234
1511330729883586560
1511330730537885699
1511330731125002241
1511330731099889669
1511330731234107392
1511330731963867145
1511330731821342720
1511330732257513482
1511330732844761089
1511330733100568588
1511330733348069384
1511330734241456136
1511330734597971973
1511330734706933765
1511330734753161219
1511330734887297026
1511330735843643395
1511330736011370501
1511330736229519364
1511330736271507461
1511330736288280586
1511330736816730116
1511330736820920331
1511330737185824772
1511330737722646541
1511330737575890947
1511330737831784454
1511330737856864267
1511330738142072833
1511330738821644292
1511330738884550657
1511330739127730179
1511330739358507022
1511330739819724800
1511330740247670787
1511330740339974146
1511330740612603904
1511330740130263045
1511330741522685952
1511330741434601478
1511330741883445255
1511330742197960710
1511330742441230339
1511330744286732294
1511330744852963335
1511330744911777807
1511330745331113989
1511330745167589377
1511330745498877956
1511330745507360770
1511330745670938626
1511330745775759364
1511330746098671627
1511330746291605524
1511330746585260032
1511330746375548928
1511330747361148929
1511330747436703750
1511330748141379588
1511330748359495682
1511330748556578818
1511330748766240768
1511330748938264577
1511330749940736003
1511330750007853057
1511330750532100099
1511330750620123142
1511330750804729859
1511330750875979787
1511330751719088131
1511330751823892490
1511330752100806661
1511330753447145475
1511330754382503936
1511330754504138752
1511330754659237897
1511330754789261317
1511330754881540101
1511330754936123404
1511330754986401798
1511330755963723786
1511330755791794179
1511330756269948938
1511330757444255755
1511330757255614472
1511330757704364039
1511330757859549185
1511330758488731653
1511330758547451910
1511330758857736196
1511330759835099148
1511330759939923970
1511330760338329608
1511330760602619908
1511330761336623122
1511330761424658433
1511330761663827972
1511330762028683264
1511330762028552198
1511330761814822913
1511330762473328644
1511330762792054786
1511330762834026498
1511330762875981829
1511330762871779334
1511330763404423169
1511330761173245952
1511330763970695172
1511330763643437059
1511330764062965765
1511330764092317703
1511330763953913856
1511330764499128323
1511330765392556035
1511330765786828805
1511330765702897664
1511330765757468683
1511330766034247684
1511330766478848003
1511330766520786946
1511330766566875143
1511330766290042882
1511330767317741571
1511330767716196362
1511330768051650573
1511330767846232069
1511330768009760774
1511330768215281666
1511330768173285387
1511330768529809417
1511330769192603652
1511330769691680773
1511330770052210689
1511330770601885701
1511330770597683200
1511330770643828740
1511330770941526021
1511330771365150721
1511330771377795079
1511330771566538754
1511330771667234818
1511330772275408909
1511330772292091908
1511330772287987721
1511330772808052736
1511330772866801672
1511330773483331587
1511330773781127171
1511330774053756933
1511330773969817608
1511330776066973705
1511330776100610048
1511330776486395914
1511330776960454663
1511330777082081281
1511330777216258060
1511330778088624129
1511330778214547458
1511330778529030150
1511330778566832130
1511330778776584195
1511330778810048520
1511330778797461509
1511330779070144516
1511330778839502853
1511330779103735809
1511330779166617601
1511330779640520708
1511330780374568972
1511330781087637505
1511330781213437957
1511330780684984321
1511330781901242372
1511330782089986051
1511330783000207362
1511330783809744906
1511330783914602507
1511330784334000140
1511330784493412355
1511330784573018115
1511330784535326724
1511330784686362624
1511330784761815050
1511330785051258887
1511330785126666240
1511330785290244096
1511330785302925318
1511330785739124741
1511330785969815564
1511330786565316614
1511330786800287746
1511330787018387463
1511330787265859586
1511330786796277766
1511330787525902336
1511330787823661059
1511330787945295879
1511330788410810374
1511330789031661568
1511330789279125508
1511330789602041859
1511330790331846663
1511330791074287620
1511330791111942146
1511330791342559237
1511330791468507139
1511330791447478280
1511330791275520003
1511330791904718849
1511330792223686658
1511330792319901697
1511330792483524616
1511330792726745096
1511330793024634880
1511330793469231113
1511330793481723907
1511330793787961344
1511330793670557701
1511330794056433673
1511330794744258571
1511330794647789573
1511330794920361994
1511330794928812034
1511330794740060161
1511330795134271498
1511330795813752839
1511330796623249413
1511330796799512588
1511330796887494656
1511330797017608204
1511330796568997888
1511330797269229576
1511330797445431298
1511330797541810181
1511330797541900293
1511330798129106949
1511330798489776129
1511330799236390914
1511330799945142272
1511330800595316736
1511330800754737155
1511330801140604934
1511330801786540038
1511330801916555269
1511330801924943879
1511330802302439430
1511330802516250626
1511330802642083851
1511330802704990215
1511330803149590531
1511330803330031628
1511330803455868929
1511330803699138564
1511330803866869765
1511330804995170315
1511330804928061452
1511330804949041155
1511330805259374602
1511330805695586307
1511330805829754884
1511330805842329607
1511330806492545027
1511330806488305668
1511330806282792961
1511330806563844109
1511330806765170688
1511330807381737483
1511330807071363074
1511330806861799429
1511330807754940420
1511330807868186636
1511330808216309760
1511330808321171461
1511330808291856395
1511330808325357577
1511330808388325383
1511330808644132864
1511330809172709383
1511330808816152578
1511330809508208650
1511330809529184259
1511330810049310726
1511330810007273482
1511330811403984902
1511330811940909062
1511330812901617664
1511330813299802116
1511330813555662861
1511330813727719434
1511330814344183812
1511330814340083714
1511330815027953665
1511330814969139212
1511330815090872320
1511330815728357386
1511330816445620224
1511330816600813568
1511330816735031300
1511330816843988996
1511330817032826881
1511330817284481024
1511330817347309581
1511330817594777600
1511330817959677969
1511330818203000835
1511330818651828224
1511330818853150726
1511330818198843395
1511330819654234116
1511330819788451841
1511330819801034759
1511330820040101892
1511330820719616001
1511330820623110145
1511330820979572740
1511330820837064705
1511330821831069706
1511330821940076549
1511330821835304962
1511330822258892807
1511330822309228550
1511330824263770121
1511330823710117893
1511330824611844102
1511330825060687876
1511330825022939141
1511330824867790848
1511330825241088004
1511330825035558923
1511330825597591564
1511330825748504586
1511330826205675526
1511330826671345666
1511330827195592708
1511330827401056268
1511330827484991491
1511330828093173765
1511330828252585995
1511330828609105921
1511330828822921217
1511330828894228483
1511330829271801859
1511330829842235400
1511330830068731905
1511330830559424514
1511330830563618818
1511330830953717767
1511330831880568836
1511330831750643715
1511330831893241867
1511330831830327314
1511330831889059841
1511330832388132872
1511330832509718534
1511330832371306499
1511330832597852164
1511330833080193027
1511330833239621638
1511330833684213767
1511330833709338626
1511330833952837635
1511330834074251267
1511330834179104777
1511330834338705411
1511330834766311426
1511330835001192455
1511330834858524672
1511330835319951360
1511330835798110214
1511330836158820353
1511330836410511363
1511330836276457474
1511330836637011974
1511330837186453506
1511330837329031176
1511330837480058892
1511330837295419395
1511330837438115848
1511330837803028486
1511330837760983047
1511330838021029888
1511330838146822146
1511330838444601345
1511330838562340869
1511330838700564487
1511330838918713351
1511330838947971093
1511330839170273286
1511330840256532488
1511330840898375681
1511330841020014603
1511330841091194887
1511330841363988480
1511330842035077126
1511330840973881355
1511330842181881860
1511330841955549186
1511330842521608199
1511330842475438090
1511330842710315021
1511330843331117060
1511330843926671362
1511330843834433541
1511330844203433985
1511330844115361793
1511330844534792197
1511330844899782657
1511330845386326021
1511330846531272711
1511330846678126595
1511330847747682309
1511330848041275400
1511330848246747138
1511330850293616648
1511330850323017735
1511330850469814280
1511330850415251456
1511330850981523463
1511330851124097024
1511330851161878542
1511330850943684613
1511330851132432394
1511330851203825669
1511330851262537728
1511330851832877059
1511330851988115458
1511330852625686528
1511330852776644608
1511330853070295050
1511330853149974530
1511330854144028674
1511330854123057154
1511330854081081353
1511330854232076299
1511330854701834252
1511330854550835208
1511330854878027781
1511330854974509066
1511330855716851730
1511330856211824647
1511330856790540295
1511330857331699719
1511330857457434630
1511330857776259076
1511330857780400129
1511331863553576966
1511331863469727754
1511331863826243591
1511331864006598658
1511331863993933839
1511331864224706560
1511331864258256898
1511331864174370824
1511331864807673861
1511331864803520517
1511331865059340296
1511331865671704587
1511331865759653889
1511331866007248902
1511331866569232385
1511331867370438666
1511331867936624646
1511331868213448710
1511331868288892928
1511331868595175427
1511331868704231432
1511331868779634694
1511331869115273222
1511331869274562566
1511331869731790852
1511331868817432576
1511331869958234117
1511331870448963589
1511331870528741380
1511331870939795457
1511331871317188608
1511331871296299019
1511331871505981443
1511331871556358154
1511331871505924102
1511331871677952010
1511331871958913031
1511331872093134848
1511331872114188295
1511331872315514895
1511331872504176642
1511331872634195972
1511331872739106822
1511331873548640257
1511331873733152772
1511331873590497286
1511331873984851976
1511331874517495811
1511331875163365381
1511331876023250954
1511331875985444871
1511331877042327552
1511331877227057158
1511331877520658443
1511331878317572104
1511331878963494920
1511331879185797121
1511331879462608901
1511331879592636424
1511331880678920198
1511331881006125063
1511331881429745670
1511331881677172744
1511331881689792523
1511331882067189761
1511331882809634832
1511331883065528331
1511331883166089221
1511331883602386955
1511331883757576195
1511331883757490189
1511331884151848966
1511331884411899904
1511331884323815435
1511331884646768644
1511331884592205824
1511331884868976647
1511331885246558210
1511331885875613701
1511331886236381184
1511331886420930561
1511331886341275648
1511331887029047297
1511331887742083077
1511331887997980685
1511331888794943497
1511331888803323904
1511331888773963777
1511331889025634310
1511331889117909009
1511331889444962315
1511331889507971078
1511331890061770758
1511331890380292098
1511331890661404672
1511331890963361801
1511331891030466582
1511331891458318346
1511331891487834115
1511331892003368963
1511331892301291525
1511331892775329794
1511331893123366915
1511331893140148236
1511331893450575880
1511331894805282820
1511331894998224901
1511331895237398532
1511331895199551495
1511331895161851906
1511331895744868353
1511331896013303814
1511331896432766989
1511331896441065477
1511331896403369986
1511331896675946501
1511331896713695235
1511331896944386049
1511331897263198215
1511331897586159621
1511331897712209928
1511331897963601924
1511331897695166469
1511331898165010437
1511331898223693834
1511331898794123265
1511331898009792513
1511331898576015373
1511331899444191237
1511331900241158146
1511331900220223490
1511331900400578563
1511331900174049285
1511331900945743876
1511331901327425538
1511331901411311622
1511331901587525640
1511331902854152193
1511331903135047688
1511331904368295941
1511331904569720837
1511331904565432328
1511331904762621958
1511331905056223236
1511331904938725394
1511331905362346000
1511331905677017094
1511331906180333572
1511331906386034695
1511331906826162179
1511331907019370498
1511331907132436487
1511331907258273798
1511331907732127747
1511331908050898947
1511331908197752838
1511331908264804352
1511331908298366977
1511331909950976002
1511331910181523461
1511331910869565442
1511331910877949962
1511331911305682949
1511331911788113923
1511331912165507082
1511331912098275329
1511331912639524865
1511331912903708673
1511331913071529993
1511331913604210695
1511331913973305355
1511331914162278405
1511331914384302087
1511331914631856130
1511331915617476622
1511331915525144579
1511331915785449476
1511331916020072457
1511331916900974592
1511331916833775616
1511331917374836741
1511331917316210693
1511331917710467079
1511331917936869376
1511331918343716871
1511331918972952582
1511331919014805506
1511331919060996097
1511331919404879877
1511331920461938690
1511331921032318979
1511331921019691013
1511331921393065987
1511331921573208064
1511331921506279429
1511331921837633545
1511331922034802695
1511331922093486086
1511331922743631876
1511331923079139331
1511331923263643649
1511331923246915588
1511331923435876353
1511331923569881088
1511331923519590402
1511331924027052039
1511331923980963843
1511331924354211842
1511331925029437440
1511331925616644097
1511331925868298244
1511331926061326343
1511331926132596750
1511331926996574216
1511331927298613248
1511331927571243019
1511331927755837444
1511331927768326146
1511331928170975233
1511331928309440519
1511331928523350023
1511331928728907790
1511331929198583814
1511331929563480075
1511331929718759431
1511331930196873218
1511331930389848067
1511331930553430026
1511331931316793349
1511331931421609994
1511331932151365643
1511331932369473538
1511331932893757440
1511331933036417033
1511331933401276423
1511331933434884098
1511331933627850758
1511331934173020164
1511331934173073413
1511331934395371520
1511331934831628295
1511331935221649409
1511331934961553411
1511331935624339459
1511331936240906242
1511331936773550085
1511331936916185094
1511331937113284616
1511331937113325570
1511331937281052681
1511331938208034818
1511331938472284160
1511331938359029760
1511331938757398528
1511331938598100994
1511331939923419138
1511331940842057728
1511331941471383553
1511331941953462274
1511331942251302915
1511331942662352901
1511331942549135364
1511331942247153668
1511331942947598340
1511331942876254211
1511331943773876231
1511331944382017542
1511331944281296903
1511331945044713478
1511331945107574804
1511331945212686336
1511331945237696521
1511331946198089737
1511331946361757697
1511331946969894928
1511331947057926153
1511331948215652357
1511331948119142402
1511331948236623872
1511331948517543939
1511331948609822723
1511331948806950912
1511331949050269699
1511331949213794314
1511331949922693126
1511331950350540805
1511331950325284867
1511331950874832899
1511331951352942596
1511331951692718082
1511331951906545676
1511331951965257736
1511331952007200772
1511331952829292550
1511331952971993095
1511331952921657345
1511331953219448836
1511331953370411010
1511331953521352711
1511331954909716488
1511331954897178630
1511331955173990400
1511331955442343937
1511331955517714432
1511331955673083906
1511331955413078016
1511331955685666827
1511331956113477634
1511331956050563084
1511331956642004993
1511331956646354947
1511331956943994888
1511331956939792396
1511331957136834571
1511331957162258443
1511331957736681481
1511331958114168834
1511331958399594497
1511331958298750976
1511331958881759232
1511331959372644355
1511331959598899208
1511331960001646604
1511331960001646599
1511331960744030223
1511331960773353483
1511331960844656655
1511331961406640128
1511331961612103681
1511331961654153220
1511331961834516490
1511331962031685637
1511331962358747137
1511331962639855619
1511331962761400330
1511331963113725961
1511331963151470593
1511331964984475655
1511331965164830729
1511331965064130564
1511331965290569730
1511331965517062151
1511331965571678222
1511331965940736002
1511331965806559235
1511331966204919817
1511331966167171072
1511331964544249858
1511331966276313089
1511331966687363074
1511331966917959691
1511331966947373068
1511331967744327681
1511331967941464074
1511331968327331856
1511331968260182023
1511331968453169152
1511331968570568704
1511331968952188928
1511331968839036933
1511331969182969862
1511331969438736389
1511331969493254145
1511331969833046025
1511331969946292229
1511331970000822279
1511331970726379521
1511331970634158083
1511331970667663364
1511331971279908870
1511331971393327106
1511331972295151628
1511331972357971970
1511331972446142471
1511331972819337222
1511331973377269767
1511331973431758856
1511331973452771333
1511331973758959622
1511331974052462592
1511331974237106179
1511331974421618691
1511331974648107010
1511331974492917765
1511331974694191104
1511331975000477709
1511331975025643523
1511331974857768961
1511331975805685760
1511332366802903046
1511332367276855299
1511332367226581000
1511332367759290369
1511332367822163971
1511332368119914505
1511332368530952194
1511332369487175680
1511332369671852037
1511332370900832265
1511332372154880007
1511332373325135877
1511332373266591748
1511332373933273090
1511332374075920389
1511332374109429761
1511332374172348420
1511332374956711939
1511332375145459722
1511332375577473032
1511332375610994696
1511332375715852294
1511332375602642945
1511332375711653892
1511332376282025997
1511332376600842241
1511332376890294274
1511332377078943749
1511332377234223112
1511332377414574095
1511332377527832579
1511332377678651392
1511332377926197249
1511332378123579395
1511332378198876161
1511332378672865283
1511332378739978242
1511332379117428752
1511332379113279489
1511332379461398533
1511332379784323080
1511332380040220676
1511332380979642371
1511332381399175185
1511332381797535749
1511332382783254537
1511332382800068618
1511332383072694275
1511332382925799426
1511332383034941449
1511332383211110406
1511332383248764929
1511332383202500609
1511332383559200773
1511332383538434063
1511332383404195841
1511332383777247233
1511332383349428229
1511332385266311177
1511332385140482056
1511332385618595840
1511332385610153988
1511332386063192075
1511332385920622596
1511332386528768003
1511332386910482439
1511332387514458113
1511332387535343623
1511332387543736323
1511332388428820483
1511332388487499782
1511332388730720267
1511332388986568714
1511332389729054727
1511332391251587073
1511332391138336774
1511332391125762050
1511332391956144137
1511332392027500552
1511332392988028939
1511332393247981569
1511332393558450180
1511332393927458819
1511332394325925891
1511332394258898951
1511332394770575362
1511332394921570308
1511332395525550084
1511332396272168962
1511332396662239244
1511332396486246400
1511332395986956294
1511332396800614404
1511332396918050826
1511332396968386570
1511332397224243209
1511332397152940038
1511332397266186242
1511332397677268993
1511332398755155970
1511332398948143104
1511332399367532552
1511332399988322307
1511332400147714053
1511332400474824707
1511332400726519813
1511332401120690177
1511332401032671233
1511332401007505411
1511332401313681416
1511332401611522056
1511332401783451654
1511332401934311428
1511332401838006276
1511332402290958342
1511332402458673154
1511332402643324939
1511332403620589580
1511332403821920263
1511332404065193996
1511332403884826624
1511332404199403531
1511332404329394178
1511332404438388743
1511332404123811845
1511332404593668098
1511332404891377674
1511332404803387398
1511332404975316995
1511332405617074187
1511332405734486031
1511332407164772355
1511332407374401538
1511332407219265542
1511332407588405252
1511332409844842508
1511332409895419907
1511332410193063944
1511332410310336513
1511332411325534208
1511332411359076356
1511332411472326661
1511332411514179603
1511332412156006410
1511332412248236032
1511332411833004038
1511332412671811586
1511332412596310020
1511332413061971973
1511332413091287048
1511332413225508873
1511332413330370568
1511332413502283776
1511332414030761989
1511332414236278795
1511332414349524994
1511332414261547015
1511332414311714816
1511332414383140870
1511332414739656704
1511332415532417035
1511332415519739916
1511332415771402256
1511332415830208513
1511332415666630658
1511332415331053569
1511332417210101761
1511332417021394945
1511332417491058689
1511332417398841344
1511332417528901639
1511332418988478467
1511332419315683328
1511332419311394819
1511332419470868486
1511332419802124293
1511332419978375173
1511332420037103623
1511332420779491328
1511332421324754947
1511332421618253827
1511332422021009415
1511332421983219712
1511332422587142151
1511332422989852681
1511332423132274697
1511332423866494989
1511332423983943689
1511332424663318528
1511332424977895425
1511332425292558337
1511332425154142209
1511332425753845768
1511332425812566023
1511332425279881222
1511332426592800773
1511332427679121416
1511332427972681730
1511332427809140737
1511332428064960521
1511332428094349317
1511332428547342337
1511332428803096580
1511332429029588998
1511332429541351434
1511332430153719811
1511332430677950469
1511332430686339081
1511332431449800710
1511332431546224655
1511332431768477708
1511332432032718850
1511332433077190658
1511332433555247106
1511332433697947650
1511332433895043078
1511332433983164429
1511332431600758785
1511332434884894720
1511332435111591938
1511332435455352837
1511332436877225989
1511332437053386754
1511332436969340930
1511332438152204289
1511332438261346313
1511332438307397639
1511332439364407299
1511332439192485894
1511332439209431043
1511332439691571203
1511332440111030273
1511332440236777483
1511332439939067909
1511332440530460672
1511332440622735361
1511332441310511107
1511332441528713222
1511332441830612996
1511332442040373259
1511332442866696198
1511332443869097984
1511332444053639182
1511332444150059014
1511332444103970834
1511332444775100433
1511332444917616647
1511332444871565320
1511332446050131975
1511332446289158146
1511332446188548096
1511332446444437505
1511332446670925836
1511332446977294342
1511332447488782337
1511332448486965259
1511332448755462149
1511332448734437386
1511332449501986818
1511332449900449796
1511332450013790215
1511332449913122816
1511332450168979461
1511332450823294987
1511332450546421770
1511332451280465921
1511332451980914690
1511332452001792003
1511332452513599491
1511332452828074001
1511332453335588878
1511332453406973952
