1511267589498015744
1511267589787430916
1511267589799956481
1511267590206808068
1511267591012114433
1511267591301611528
1511267591746113539
1511267593142874115
1511267593411350529
1511267593713328128
1511267594124382210
1511267594564689921
1511267594669641728
1511267594971619331
1511267595412029440
1511267595118428161
1511267595785322502
1511267596011778049
1511267596242501634
1511267596208910342
1511267596531810304
1511267596582236168
1511267597030936580
1511267597198798850
1511267597781766145
1511267597970518016
1511267598402560000
1511267598406717443
1511267598717136898
1511267598717140996
1511267598725435397
1511267599010643973
1511267599425970178
1511267599438557185
1511267600004751365
1511267600038350860
1511267600260648962
1511267600772349957
1511267601321766913
1511267601405644805
1511267601426571268
1511267602621947907
1511267602961780738
1511267603213426693
1511267603393695746
1511267603901448196
1511267604513570819
1511267604635209729
1511267604912029696
1511267605067317259
1511267605071376388
1511267605113413632
1511267605314682886
1511267605620867077
1511267605864226818
1511267605956415488
1511267606132527106
1511267607084683273
1511267607424417796
1511267607885889540
1511267607940370432
1511267608196259840
1511267608020017159
1511267608410140680
1511267608712024069
1511267609001529350
1511267609983004672
1511267610234699777
1511267611656527875
1511267612159848453
1511267611299958787
1511267612315033600
1511267612763860992
1511267612902268928
1511267613342642177
1511267614038925312
1511267614059896833
1511267614600876034
1511267614500265986
1511267614869409793
1511267614999384070
1511267615683010562
1511267616148623365
1511267616601657346
1511267616815558659
1511267616739975168
1511267617763479554
1511267617570443264
1511267617960566788
1511267618161844224
1511267618740658178
1511267618858151940
1511267619420188673
1511267619424374785
1511267619449491461
1511267619717984259
1511267619952807940
1511267619801812997
1511267620045135874
1511267619910955010
1511267620024160256
1511267620363853827
1511267620934365187
1511267620888141832
1511267621378924544
1511267621676716033
1511267621596971013
1511267622326874114
1511267622700077062
1511267622997929987
1511267623203393541
1511267623178313730
1511267623069274114
1511267623568347139
1511267624017088512
1511267624264548355
1511267624801480704
1511267624680038409
1511267625619406851
1511267625845899267
1511267625946472448
1511267626445643780
1511267626697244676
1511267627175399425
1511267629343903746
1511267629687877638
1511267629780058115
1511267630199578626
1511267630602141696
1511267630820298753
1511267631273238531
1511267631348785158
1511267631810199553
1511267631944372228
1511267631944318977
1511267633651462145
1511267633689206786
1511267633852780545
1511267634439933956
1511267634720948226
1511267634679107588
1511267634855268352
1511267635039715331
1511267636080181251
1511267636151209989
1511267636725825538
1511267636818100228
1511267637057277955
1511267637451493378
1511267637568888835
1511267638105751553
1511267638688768003
1511267638881787910
1511267639397691392
1511267639619989506
1511267639695392771
1511267640488218629
1511267640630816774
1511267640693731332
1511267640832143365
1511267641046056961
1511267641113124865
1511267641196953600
1511267641872293890
1511267642245529604
1511267642971078658
1511267643218612224
1511267643545763841
1511267643700953088
1511267643784896517
1511267644128866306
1511267644422430722
1511267644665737216
1511267645357801473
1511267645299085312
1511267645542342659
1511267645424914441
1511267645861027844
1511267646423109633
1511267646620286977
1511267646871851008
1511267647232565250
1511267647584940037
1511267647823962112
1511267647891152901
1511267647886966785
1511267648067227650
1511267648318980097
1511267648465743873
1511267648851660803
1511267648985833478
1511267649271042054
1511267649409409024
1511267648780500994
1511267649841504267
1511267650248318980
1511267650697060355
1511267650701254657
1511267650936127488
1511267651171069952
1511267651447889927
1511267651838001153
1511267651988955145
1511267652005732353
1511267652223787011
1511267652437696513
1511267652412620800
1511267652643262465
1511267653008175105
1511267654186717189
1511267654220267521
1511267654773915649
1511267655277293576
1511267655470178307
1511267656963395594
1511267656975933443
1511267657290592259
1511267657370247173
1511267657508605956
1511267657764552704
1511267657923899393
1511267657777098757
1511267658813083650
1511267659312152576
1511267659702231040
1511267659542937600
1511267659219972097
1511267659857473536
1511267660201447428
1511267659651899393
1511267659882639363
1511267660524363781
1511267660927062017
1511267661501579264
1511267661807853573
1511267661988220931
1511267661971435520
1511267662382444547
1511267662885707777
1511267663330177024
1511267663569379334
1511267663963639808
1511267664211161094
1511267664450277385
1511267664693497860
1511267664936714246
1511267665020657667
1511267665347850240
1511267665574305796
1511267665674915844
1511267665989492741
1511267666090250247
1511267666895548423
1511267666681634816
1511267667264557056
1511267667449106436
1511267667788935169
1511267667889606659
1511267669273726979
1511267669370183680
1511267669496016896
1511267670179688450
1511267670380982281
1511267670531923969
1511267670603272196
1511267671211487236
1511267671207198725
1511267672117420036
1511267672390049801
1511267672801095689
1511267673069522951
1511267673027629058
1511267673262460928
1511267673358934022
1511267673950367744
1511267674067816450
1511267674281725953
1511267674436915200
1511267674566926338
1511267674373955586
1511267674596257796
1511267675024109573
1511267675791663107
1511267675921657857
1511267675925843971
1511267675942576129
1511267676173307906
1511267676122923009
1511267676471054340
1511267676794073089
1511267677268021248
1511267677368721409
1511267677402288135
1511267677431635981
1511267677616197641
1511267678257823752
1511267679193153537
1511267679537037312
1511267680078241792
1511267680061476868
1511267680623501319
1511267680526995458
1511267680849965059
1511267680912818176
1511267680908718083
1511267681038741506
1511267681437159430
1511267681479110660
1511267681416134661
1511267681361612801
1511267681504317441
1511267681919459335
1511267682125033474
1511267682464772101
1511267682519240704
1511267682838106115
1511267682796163074
1511267682783567877
1511267682317963265
1511267683114827777
1511267683265822726
1511267683710517249
1511267683941113859
1511267683995684870
1511267685778309120
1511267685975404544
1511267686076010498
1511267686260559873
1511267686768168960
1511267686814294020
1511267687175008256
1511267687149801475
1511267687300841474
1511267687430868992
1511267687594352644
1511267687560794117
1511267687586009089
1511267687762178048
1511267688122880002
1511267687690903553
1511267688827527168
1511267689624481795
1511267689842495488
1511267689951641602
1511267690039685127
1511267690324938754
1511267690433896455
1511267690740072448
1511267690886975490
1511267690991738889
1511267691125952516
1511267691218231301
1511267692715687941
1511267692862480386
1511267693067915264
1511267693428719624
1511267693781032964
1511267694162632708
1511267694259154944
1511267694783315976
1511267694892535808
1511267694951247875
1511267695039328258
1511267695081435140
1511267695601369092
1511267695513292801
1511267695802605573
1511267695983005702
1511267696004018176
1511267696347865090
1511267697199403008
1511267697266462724
1511267697283280902
1511267697266470918
1511267697526546434
1511267698352787456
1511267699078402048
1511267698956808195
1511267698969300993
1511267699426533377
1511267699481001986
1511267699665653763
1511267700642914308
1511267700789633028
1511267701196533762
1511267701972475904
1511267701938917377
1511267702341607424
1511267703260127233
1511267703595614211
1511267703645949952
1511267703654428673
1511267703767670784
1511267704774221827
1511267705336250370
1511267705726423044
1511267705915068422
1511267705898340354
1511267706389114882
1511267706573623297
1511267706959536130
1511267706976317443
1511267707336810497
1511267707618004995
1511267707630542848
1511267707706032133
1511267707114696706
1511267707999686659
1511267707513102339
1511267708066795523
1511267708142338052
1511267708377128964
1511267708624642048
1511267708540760068
1511267709136384003
1511267709790695425
1511267710084304900
1511267710256271360
1511267711623614464
1511267711506132993
1511267711594156032
1511267713229934594
1511267713200623621
1511267713460719617
1511267713959792651
1511267713712279552
1511267714609917959
1511267714718863362
1511267715473891330
1511267716279250946
1511267716245696524
1511267716098895877
1511267716346306562
1511267716493197315
1511267716556021764
1511267840954937348
1511267841177268226
1511267841667997700
1511267841827291138
1511267841789550592
1511267842137767944
1511267842452246530
1511267842410389505
1511267842829783044
1511267843186335750
1511267843677081609
1511267843588907011
1511267844000206849
1511267844184580097
1511267844251701251
1511267844171964418
1511267844218105861
1511267844432056320
1511267844612403202
1511267845161865216
1511267845686108161
1511267845887434757
1511267846269116416
1511267846512431104
1511267846520807425
1511267847133175808
1511267847162507264
1511267847556763648
1511267848026472449
1511267848085200898
1511267847535738892
1511267847925817345
1511267848517267456
1511267848726982659
1511267848852758528
1511267849129848832
1511267849310031878
1511267849742036995
1511267850266320899
1511267850400538625
1511267850266320896
1511267850450841601
1511267850912243718
1511267851092512769
1511267851130265604
1511267851587526661
1511267851579047940
1511267851855872009
1511267852271165441
1511267852610850818
1511267852401188868
1511267852753506311
1511267853760094208
1511267853982474244
1511267853982384133
1511267854162739203
1511267855391760392
1511267855500783619
1511267855727276033
1511267855559503873
1511267855735607298
1511267855949574145
1511267855878307844
1511267856188682241
1511267856880705537
1511267856792567810
1511267858466197506
1511267858445123584
1511267858705260544
1511267859317596163
1511267860492038148
1511267860848549891
1511267861137969152
1511267861335060481
1511267861188292609
1511267861452537856
1511267861683228672
1511267861616078848
1511267861867728898
1511267862677266434
1511267862803107840
1511267863612604420
1511267863734239236
1511267863969030145
1511267864409481217
1511267864371613697
1511267865151819778
1511267865416159241
1511267865583837186
1511267865571340291
1511267865986482176
1511267866401771520
1511267866598948868
1511267867098030083
1511267867962003456
1511267868071104515
1511267868171804680
1511267868570267651
1511267868993802242
1511267869270724610
1511267869128105986
1511267869492973572
1511267869358804993
1511267869455269890
1511267870071836674
1511267870122156037
1511267870994534400
1511267871447470082
1511267871791497216
1511267872206725125
1511267872336658432
1511267872626118658
1511267872684875777
1511267873041391619
1511267873326616580
1511267873867681792
1511267874022862852
1511267874161233922
1511267874345828355
1511267874471612417
1511267874651975683
1511267874735890434
1511267874861633540
1511267875419574272
1511267875503411203
1511267875591499777
1511267875897679872
1511267875914399751
1511267876388417542
1511267876983951366
1511267877223124996
1511267877382459393
1511267878208741376
1511267878233939971
1511267878099685379
1511267878103924736
1511267878783356936
1511267879651618820
1511267880259796994
1511267880712691713
1511267880817602563
1511267880670748672
1511267880943468548
1511267880754720772
1511267881085984768
1511267881144705025
1511267881471950850
1511267881639727109
1511267881597734914
1511267882109390855
1511267882348560385
1511267883204104192
1511267883288047622
1511267883413823491
1511267884269555717
1511267884726640642
1511267884806324224
1511267884911181824
1511267885422981127
1511267885498478594
1511267885737512960
1511267885951467523
1511267886639333379
1511267886760878086
1511267887188688898
1511267887260045319
1511267887360708614
1511267887478157317
1511267887754981376
1511267888019255300
1511267888971272194
1511267889197813768
1511267888723898372
1511267889583689731
1511267889831194626
1511267890250633216
1511267891106258945
1511267890732875780
1511267891127230469
1511267891420794885
1511267891706007554
1511267891890565125
1511267892154798080
1511267892230303750
1511267892469407745
1511267892708397057
1511267892863582212
1511267893220106243
1511267893194936321
1511267893362802693
1511267893715034114
1511267893555740674
1511267893832560647
1511267894600081414
1511267894918844419
1511267895342505987
1511267895803793411
1511267896017698821
1511267896021946369
1511267896143622147
1511267896189673473
1511267896571355139
1511267896785309696
1511267896885972995
1511267897037012992
1511267896936255488
1511267896990834690
1511267897448009731
1511267898051997700
1511267898249121792
1511267898433712128
1511267899205472262
1511267899335483396
1511267899570331648
1511267899142545409
1511267900027551744
1511267899893334018
1511267900266618880
1511267900279119876
1511267900405043202
1511267901579350019
1511267901700984832
1511267901784969217
1511267902313406471
1511267902447624192
1511267902632124422
1511267903227809797
1511267903974395904
1511267904402165762
1511267904439742471
1511267904653828098
1511267904699965443
1511267904947474434
1511267905048039429
1511267905652113416
1511267905773703169
1511267905849204738
1511267905895374851
1511267906088316928
1511267906235080707
1511267906600022016
1511267907745034241
1511267908030124033
1511267909061992453
1511267909397528577
1511267910089687047
1511267910521483264
1511267910471278596
1511267910517497860
1511267910693568512
1511267910697852939
1511267910815297542
1511267911779991553
1511267911876370436
1511267911964446721
1511267912832720897
1511267913499557902
1511267913583505412
1511267913440935939
1511267913625489408
1511267913528922115
1511267913688305666
1511267915110178819
1511267915139629063
1511267915127042050
1511267915466686467
1511267915361918976
1511267915424833540
1511267915621875714
1511267915676463105
1511267915810713606
1511267915722637313
1511267915806486528
1511267916615979012
1511267916670550018
1511267917375098887
1511267917626761224
1511267917731618823
1511267918155333633
1511267918360813569
1511267918390120450
1511267918549499907
1511267919526825986
1511267919476441091
1511267919841443841
1511267920130846722
1511267920281841665
1511267920286044160
1511267920755757059
1511267920906801152
1511267920726396928
1511267921741365252
1511267922030772234
1511267922248876032
1511267922290876416
1511267923209306113
1511267923268345859
1511267923171885063
1511267923545006084
1511267924090236935
1511267924614557699
1511267924710989825
1511267924773949441
1511267924962693123
1511267925201756162
1511267925436604419
1511267926145384451
1511267926241787908
1511267926220881924
1511267926573256712
1511267926732869632
1511267927164698628
1511267927416315905
1511267927403778048
1511267928037076992
1511267928335077376
1511267928804634626
1511267929664405506
1511267929433780226
1511267929739993088
1511267930029412353
1511267930432053253
1511267930465525762
1511267930587156482
1511267930788569090
1511267931065405440
1511267931610619908
1511267932361617413
1511267932298485761
1511267932499759107
1511267932277465089
1511267932441313283
1511267932625592324
1511267932483072005
1511267932940251137
1511267932839550982
1511267933053501444
1511267933711917056
1511267933615718401
1511267933854789637
1511267934039166976
1511267934588526594
1511267934878015491
1511267935226114048
1511267935297359872
1511267935536521219
1511267936325017608
1511267936773750787
1511267936916447233
1511267937411387393
1511267937495171079
1511267938312986625
1511267938438942722
1511267939093200902
1511267939559014402
1511267939730833420
1511267939709865985
1511267939890176002
1511267939890118656
1511267940083159043
1511267940452159491
1511267940502548482
1511267940552740867
1511267941349826561
1511267941358219264
1511267941479821313
1511267941903486977
1511267942335488004
1511267942347988993
1511267942578946050
1511267942851350531
1511267943048486917
1511267943031709699
1511267943203622921
1511267943518195718
1511267943832858624
1511267944164175874
1511267944294227972
1511267944797544448
1511267945229475841
1511267945602768896
1511267945669959681
1511267946211033091
1511267946399682561
1511267946609451010
1511267946777219083
1511267947142078466
1511267947678949377
1511267947666419714
1511267948064821248
1511267948354322435
1511267948568236035
1511267948232646660
1511267948652023808
1511267949289615368
1511267949423779842
1511267949549654025
1511267949704880128
1511267949570633735
1511267949889400832
1511267950413721606
1511267950514388994
1511267951286050821
1511267951663620099
1511267951680364545
1511267952758341638
1511267953668468742
1511267953848766464
1511267954033401859
1511267954171727874
1511267954352140297
1511267954528301057
1511267954834423810
1511267955006398464
1511267954951925766
1511267955065114631
1511267955107151874
1511267955576823811
1511267955513909248
1511267955937615879
1511267956315017218
1511267956461903878
1511267956768051206
1511267956927389703
1511267957023903745
1511267957170704386
1511267957221085190
1511267957380374528
1511267957674065920
1511267957300736002
1511267957783117826
1511267958013800455
1511267958047358976
1511267958215127040
1511267958697431040
1511267958936543234
1511267959657926656
1511267960052060160
1511267960282882050
1511267960698122241
1511267960878518272
1511267960870088712
1511267961948061696
1511267961834811392
1511267962275127304
1511267963474751488
1511267963621548036
1511267964103843840
1511267964351307789
1511267965043421186
1511267965215420418
1511267965152514049
1511267966066831361
1511267966142324736
1511267966435819523
1511267966532431877
1511267967090270210
1511267967144804352
1511267967824236550
1511267967891390467
1511267968340180993
1511267969078378501
1511267969237762048
1511267969283801088
1511267969522937863
1511267969640415241
1511267969858424835
1511267970336571394
1511267970030477317
1511267970680557570
1511267972081459202
1511267972765130753
1511267972991655937
1511267973532733443
1511267973838819329
1511267974048530435
1511267974199627781
1511267974056927233
1511267974589693952
1511267974925193218
1511267974992257029
1511267975172694016
1511267976372277249
1511267977378869251
1511267977295020037
1511267977705971718
1511267978049994755
1511267978112872452
1511267978482012165
1511267978628763651
1511267979031425025
1511267979035652100
1511267979081699330
1511267978993541123
1511267979509604354
1511267980226830338
1511267980470108163
1511267981208215553
1511267981229277186
1511267981514485760
1511267981690560513
1511267981795409924
1511267981921243140
1511267982223228928
1511267982273560579
1511267983624126465
1511267984689582083
1511267984697966593
1511267984823754753
1511267985184415750
1511267985784246272
1511267985868136449
1511267986136514568
1511267986723774469
1511267986837057537
1511267986899886081
1511267987117985794
1511267987411677189
1511267987969519619
1511267988045025282
1511267988107898888
1511267988196020224
1511267988279906308
1511267989575905285
1511267989718728706
1511267989798199298
1511267989651349509
1511267990079217667
1511267990335070209
1511267990729330694
1511267990754504708
1511267991379394564
1511267991467532299
1511267992251871232
1511267992289656840
1511267993157877760
1511267993464020996
1511267993862422535
1511267994172903425
1511267994525126657
1511267994957234177
1511267995078770696
1511267995267522560
1511267995305263104
1511267995435388930
1511267995686944775
1511267995997417473
1511267996077072390
1511267995926118401
1511267996303597576
1511267996282544129
1511267996760690693
1511267996970409992
1511267996916121602
1511267997012406276
1511267997184315396
1511267997209530368
1511267997817651203
1511267998119702531
1511267998027374595
1511267996991373319
1511267998178414593
1511267998455283713
1511267998727913474
1511267999017222147
1511267999759667201
1511268000376238081
1511268001110278152
1511268001332486144
1511268001613557767
1511268001806524416
1511268002116820995
1511268002595053569
1511268003299700736
1511268003337449472
1511268004180463616
1511268004289515523
1511268004335656963
1511268004373356546
1511268004352380930
1511268004461527041
1511268004595650561
1511268004553756675
1511268004981620738
1511268005250015234
1511268005283606529
1511268005593985028
1511268006227324928
1511268006730547200
1511268006835499012
1511268006940319746
1511268007967969281
1511268007909236739
1511268008223600645
1511268008315994114
1511268008756457474
1511268009138331648
1511268009456943105
1511268009414991873
1511268009364570113
1511268009528246277
1511268009154854915
1511268009696022533
1511268009951776771
1511268010551803904
1511268010748788739
1511268010916470785
1511268011151441920
1511268011205931008
1511268011273076741
1511268011797368837
1511268011688271872
1511268011965095936
1511268012363599876
1511268012292157441
1511268012472610817
1511268012560637952
1511268012736851969
1511268012933976068
1511268013588324355
1511268013856763906
1511268013844144135
1511268014368428036
1511268014884335619
1511268015421235200
1511268015735721990
1511268016071262214
1511268016532738048
1511268016549412868
1511268016754937857
1511268016805367808
1511268017015083013
1511268017275125760
1511268017157677062
1511268017472258052
1511268017698754561
1511268017803509760
1511268017988161542
1511268019015671808
1511268019355402247
1511268019774836739
1511268019800100864
1511268020043362305
1511268020076826628
1511268020378865664
1511268019833651201
1511268020672471042
1511268020882132998
1511268021112918018
1511268021171630085
1511268021091938304
1511268021305815041
1511268021658132480
1511268021838483457
1511268021981097985
1511268022220206084
1511268022383792131
1511268022819995649
1511268023197437958
1511268023390420996
1511268024380182528
1511268024753471498
1511268024728395779
1511268024833224706
1511268024837455878
1511268025445584896
1511268025642725378
1511268026112528384
1511268026720600065
1511268027958009859
1511268028234752001
1511268028574576643
1511268028624814082
1511268028801036291
1511268029425930241
1511268029631504385
1511268030008942592
1511268030046744577
1511268030042587138
1511268030176804868
1511268030327762944
1511268030654861317
1511268030524923914
1511268031372083203
1511268031682461696
1511268031619555331
1511268031703531522
1511268031795761154
1511268031430803459
1511268031858716675
1511268032013869060
1511268031955091456
1511268032794054656
1511268032945004550
1511268033431576579
1511268033477726209
1511268033993613316
1511268034408767489
1511268034987450368
1511268035113459714
1511268035541315588
1511268035457396741
1511268035583168512
1511268035650367490
1511268036518584320
1511268036615016463
1511268036682125314
1511268037072142337
1511268037164478468
1511268037332279298
1511268039718748169
1511268039962017792
1511268040284979200
1511268040230457349
1511268040490561538
1511268040624816129
1511268040742166529
1511268041014845441
1511268041329369089
1511268041564250114
1511268041664958464
1511268042239533058
1511268042621206536
1511268042797301766
1511268043120328705
1511268043225239555
1511268043153936386
1511268043619512331
1511268043741138947
1511268043997036548
1511268044299018241
1511268044450025472
1511268045058158597
1511268045230166016
1511268045678911495
1511268045691494400
1511268046031265794
1511268046228398081
1511268046794539017
1511268047436365824
1511268048233246729
1511268048195526656
1511268048610766852
1511268048732360706
1511268048698855434
1511268048635895810
1511268049697005574
1511268050024427525
1511268050724696069
1511268050963681286
1511268050959572998
1511268050909155329
1511268051869650949
1511268051978706947
1511268052024889346
1511268052440125449
1511268052893118472
1511268054138863625
1511268054830825472
1511268055002791939
1511268055359406083
1511268055007076357
1511268055795453952
1511268055984263170
1511268056407937026
1511268056382775299
1511268056802205699
1511268057045475328
1511268058077274119
1511268058295410691
1511268057913638918
1511268058345746440
1511268059151020033
1511268059666960385
1511268059650138117
1511268059780198404
1511268059809398790
1511268060136628229
1511268060858097668
1511268061193687042
1511268062024114177
1511268062573604867
1511268062531657729
1511268062774837249
1511268063064334337
1511268063290740738
1511268063538200578
1511268063454322689
1511268063521476609
1511268064586838020
1511268064926519303
1511268065736024066
1511268065920573443
1511268065912229899
1511268066323316737
1511268066595901444
1511268066696564739
1511268067011092484
1511268067220897792
1511268067619315714
1511268067598385154
1511268067661299713
1511268067757727746
1511268067724173317
1511268068038696962
1511268068361650177
1511268068642729985
1511268068730757126
1511268069209001984
1511268069599023104
1511268070144286722
1511268070177787911
1511268072040144897
1511268072195305475
1511268072484745223
1511268072501530627
1511268072597905415
1511268072946032641
1511268073080299522
1511268073298345984
1511268073491288068
1511268073864458240
1511268074040791041
1511268074372141057
1511268075068436480
1511268075261382658
1511268075651444737
1511268075693346820
1511268076083458048
1511268077090054146
1511268077350047749
1511268078537035777
1511268078897745925
1511268079094927361
1511268079459782665
1511268079883464706
1511268080365838339
1511268080462274563
1511268081011761154
1511268081426997248
1511268081452134401
1511268080944562179
1511268081649451010
1511268081905057792
1511268082672713735
1511268083276603393
1511268083578593284
1511268083419201536
1511268083654172675
1511268083910029322
1511268084350398470
1511268084505534469
1511268084643942402
1511268084841164801
1511268084866334727
1511268085268889603
1511268085403164681
1511268085864542209
1511268086233587715
1511268086548250624
1511268086808293379
1511268086837559298
1511268087043141635
1511268087202467841
1511268087269572610
1511268087756173316
1511268089379405833
1511268090109173762
1511268090151067648
1511268090490798081
1511268090578980866
1511268090750898176
1511268091153502208
1511268091417739264
1511268091551834117
1511268091891793925
1511268092269277186
1511268092713840640
1511268092856389634
1511268092961247235
1511268093259100160
1511268093829566467
1511268094219591680
1511268095725289474
1511268096027381761
1511268096673259520
1511268096845168645
1511268096887111681
1511268097004609537
1511268097159741448
1511268097675735044
1511268098401345541
1511268099026309122
1511268099038842884
1511268099672219648
1511268099718266882
1511268100070682627
1511268100095815682
1511268100380966917
1511268101429547008
1511268101375021059
1511268101916090371
1511268102046208007
1511268102532599811
1511268102624976898
1511268103291822083
1511268103740698632
1511268104386621440
1511268104319422465
1511268104705388550
1511268105539960838
1511268105460363268
1511268105946902534
1511268105959395329
1511268106693402631
1511268106534072321
1511268106924138498
1511268107142189060
1511268107301621760
1511268107276406793
1511268107394088965
1511268107943387146
1511268108757000193
1511268109998505988
1511268109973401604
1511268110061481988
1511268110162092032
1511268110816403456
1511268110967488517
1511268111084892163
1511268111193985030
1511268111655256064
1511268111625949187
1511268111848296452
1511268111961534467
1511268112020254722
1511268111948861444
1511268112389357570
1511268113043660801
1511268113333071877
1511268113496821760
1511268113861521409
1511268113995685891
1511268113903411202
1511268114301919235
1511268114557714432
1511268114675208195
1511268114985590788
1511268115866390530
1511268115858042880
1511268116029968388
1511268116453593094
1511268116713467905
1511268116759781376
1511268116948529154
1511268117573472256
1511268117800009732
1511268118282309634
1511268118743592968
1511268119054106626
1511268119217688577
1511268119242846210
1511268120224276482
1511268120098394113
1511268120450719751
1511268120383692802
1511268120400384001
1511268120488550402
1511268120744407041
1511268121184817155
1511268121566449668
1511268121763586055
1511268122493390853
1511268123034685448
1511268122975735812
1511268123093221381
1511268123185451008
1511268124011778058
1511268124389224452
1511268126079475715
1511268126167650307
1511268126280847360
1511268127035871233
1511268127220420612
1511268127316889604
1511268127224606732
1511268127463596032
1511268127304265731
1511268128029872131
1511268128138932227
1511268128327716866
1511268128487059458
1511268128906432517
1511268128965238789
1511268129422336001
1511268129653014532
1511268129699151877
1511268129997041664
1511268129829273601
1511268130441551879
1511268129837654018
1511268130487771139
1511268130701647874
1511268131200802823
1511268132031188993
1511268132073226242
1511268132232605702
1511268132840685577
1511268133172088834
1511268133268566021
1511268133822251010
1511268133914431495
1511268134229000194
1511268135382437895
1511268135789289475
1511268135923453956
1511268136271564803
1511268136330444808
1511268136183648261
1511268136556933124
1511268136695353345
1511268136829566978
1511268136934428673
1511268136879800320
1511268136984760321
1511268137169268738
1511268137144143872
1511268137148325893
1511268137404088320
1511268137295036418
1511268137781637131
1511268137836204032
1511268138222034946
1511268138528219142
1511268138666631171
1511268138897260546
1511268139224510467
1511268140470218754
1511268140457639944
1511268140914728974
1511268141669695491
1511268141862641669
1511268141992718339
1511268142030499841
1511268142462521346
1511268142441508868
1511268142911311873
1511268146530955266
1511268146711302147
1511268148057628676
1511268148670042114
1511268148925849602
1511268148674236427
1511268148959485957
1511268148980420612
1511268149324398593
1511268149311815687
1511268150306013186
1511268150951694337
1511268150976958473
1511268151408869377
1511268151434092553
1511268151786418177
1511268151912288258
1511268152264515590
1511268152902049792
1511268152772075526
1511268152868585473
1511268153132822529
1511268153602543620
1511268154420387842
1511268154420379652
1511268154521133058
1511268154831515648
1511268155200524290
1511268155490017282
1511268155703889924
1511268155687149571
1511268155762651138
1511268156223938560
1511268157062881285
1511268157192916994
1511268157243146240
1511268157612343298
1511268157813669888
1511268157700329473
1511268157998211077
1511268158312693762
1511268158446915584
1511268159759790084
1511268160099561473
1511268160447692809
1511268159654871040
1511268160435073027
1511268160426627078
1511268160737099780
1511268161181696003
1511268161382981636
1511268161613619203
1511268161731108868
1511268161831772163
1511268161328455680
1511268162129510404
1511268161940869120
1511268162309959682
1511268162381168644
1511268162943262724
1511268163828256770
1511268164075667461
1511268164230918144
1511268164444770304
1511268164516073474
1511268164679651330
1511268164725837832
1511268164906147840
1511268165027872769
1511268165271142401
1511268165669593088
1511268165644341248
1511268166168682499
1511268166076358663
1511268166336405510
1511268166219051009
1511268166370004993
1511268166462328832
1511268166718140419
1511268166487445507
1511268166906916869
1511268167200522240
1511268166990761991
1511268167544365056
1511268167766749186
1511268168387416065
1511268168458772484
1511268168857174021
1511268168991481860
1511268169029197825
1511268169196912640
1511268169486319621
1511268169805090819
1511268169826156544
1511268169834541061
1511268170950131712
1511268171638087685
1511268172149805057
1511268171868684290
1511268172770516995
1511268172992757761
1511268173089230849
1511268173521330177
1511268173730955266
1511268174087479299
1511268175362596869
1511268175370989568
1511268175517790213
1511268175584890880
1511268175706529794
1511268176172130304
1511268176063041542
1511268176427954177
1511268176704716808
1511268176734171136
1511268176939655169
1511268177044549636
1511268176901947395
1511268177233203201
1511268177531092992
1511268177803714567
1511268178181120000
1511268178395021313
1511268178525102088
1511268178814550021
1511268179171057664
1511268179393269763
1511268179758268425
1511268179833724932
1511268179951169544
1511268179791818754
1511268180035047431
1511268181071081480
1511268181343711235
1511268181515591686
1511268181679259649
1511268181851189252
1511268181792407558
1511268182547484672
1511268182832594947
1511268182631329795
1511268182740324353
1511268183189114887
1511268183407271936
1511268183470133249
1511268183637909506
1511268184380301312
1511268184904581124
1511268184841723904
1511268185496039432
1511268186058117120
1511268187085680645
1511268187077324802
1511268187278651393
1511268187249254403
1511268187999854597
1511268187928776707
1511268188310413320
1511268188734033920
1511268188771782656
1511268188981444613
1511268188981444612
1511268189182861314
1511268189417742344
1511268189497405440
1511268189484818434
1511268189665210369
1511268189816164353
1511268190084636675
1511268190273392646
1511268190629908480
1511268190680240130
1511268191040950274
1511268191170928641
1511268192399863808
1511268192613715968
1511268193058361344
1511268193255501828
1511268193490374663
1511268193691746308
1511268193599434753
1511268194094391297
1511268194471882754
1511268194413129728
1511268194563985412
1511268194954133504
1511268195298119684
1511268195373617153
1511268195428089856
1511268195675557890
1511268195864305667
1511268196350836738
1511268196527087616
1511268196883521538
1511268197533732866
1511268197625905157
1511268198234177538
1511268198968086533
1511268199005925377
1511268199031005184
1511268199484043264
1511268200226373632
1511268200855617538
1511268201065324551
1511268201639862278
1511268201677701125
1511268201799294978
1511268202000666624
1511268201170100224
1511268202084458500
1511268202352979971
1511268202302554112
1511268202810122241
1511268202994708487
1511268203292463111
1511268203607080961
1511268204160688128
1511268204668194817
1511268205012176896
1511268205695754241
1511268206647914500
1511268206882795520
1511268207230865415
1511268207700627460
1511268208225001472
1511268208287830019
1511268208510124043
1511268208585621510
1511268208581435399
1511268209013444618
1511268209466425344
1511268209533628417
1511268209747447809
1511268210028552195
1511268210250858499
1511268210812854275
1511268211043573760
1511268211584610308
1511268211840499714
1511268212687917061
1511268213241307139
1511268213480374272
1511268213945995264
1511268215049142272
1511268215325962240
1511268215703453701
1511268215996960775
1511268216655523841
1511268216479391744
1511268217423073280
1511268217347526659
1511268217452380163
1511268217850847235
1511268217959899139
1511268218861760516
1511268218920439808
1511268219109183488
1511268219264421891
1511268219314659329
1511268219943804933
1511268219901915138
1511268221185363968
1511268221458038784
1511268222313582592
1511268223358205952
1511268223391576065
1511268223420973057
1511268223643172864
1511268223760617478
1511268223983001602
1511268224234573825
1511268224540844033
1511268224679219204
1511268224985444355
1511268225165766657
1511268226126303235
1511268226226917376
1511268226415710212
1511268226583482368
1511268227124502533
1511268227703320579
1511268228022034432
1511268228416352259
1511268226772226048
1511268228420546562
1511268228852592643
1511268229213298693
1511268229435596807
1511268229653667846
1511268230005989376
1511268231218049025
1511268231360749574
1511268231436193793
1511268231562076166
1511268230849241090
1511268231603961858
1511268231872454658
1511268232249892864
1511268232354803712
1511268233222967299
1511268232765788162
1511268234774859781
1511268234913370115
1511268235701858307
1511268235777388544
1511268235911516160
1511268236263895040
1511268236180045824
1511268236507193347
1511268236494524421
1511268237111140353
1511268237530615810
1511268238084161537
1511268238348410885
1511268238507888644
1511268238751154179
1511268239283732483
1511268239355035649
1511268239942332425
1511268240042901515
1511268240093286404
1511268240227459082
1511268240818900992
1511268240873377792
1511268241229983746
1511268241523580931
1511268241284423684
1511268242278518785
1511268242312077314
1511268242337185793
1511268242697957378
1511268242786074628
1511268242962235403
1511268243390009345
1511268243515883527
1511268243570311170
1511268243620737027
1511268243817869314
1511268243964575750
1511268244761501699
1511268244811878401
1511268245000667137
1511268245155848193
1511268245302558721
1511268245785006082
1511268245818519554
1511268245944389635
1511268246237892612
1511268246275739653
1511268246888058881
1511268247450050562
1511268247580065793
1511268247752040453
1511268248070860801
1511268248293191683
1511268248364494852
1511268248138006535
1511268248473550857
1511268248473542659
1511268248817385475
1511268249945710594
1511268251182977024
1511268251455602691
1511268251791249409
1511268251774459907
1511268252436996099
1511268252894343171
1511268252864946178
1511268253099872256
1511268253057888256
1511268253313773573
1511268253200527364
1511268253804474371
1511268254119047170
1511268255083778053
1511268255238926338
1511268255423467521
1511268255771545601
1511268255855484931
1511268255343775746
1511268256652439552
1511268256761450502
1511268256996376577
1511268257218580480
1511268257323524098
1511268257478631425
1511268258145607683
1511268258070081537
1511268258653085699
1511268258879582208
1511268259059978242
1511268259383103495
1511268259680641029
1511268260129517571
1511268260397858817
1511268261098364928
1511268260704104452
1511268261249359873
1511268261232615424
1511268261446533122
1511268261442240513
1511268261522030592
1511268261672980483
1511268261786173443
1511268261979213832
1511268261987557376
1511268262889283589
1511268263556169731
1511268263677898752
1511268264084709378
1511268264223072267
1511268264852307968
1511268265099771909
1511268265917624325
1511268266303442947
1511268266307641344
1511268266538381320
1511268267142356993
1511268267024920576
1511268267154939905
1511268267532423173
1511268268610363393
1511268268891422721
1511268270338367499
1511268270506184708
1511268270644645891
1511268270288027648
1511268270623453188
1511268271248580608
1511268271315689478
1511268271525449730
1511268272553050115
1511268272586596352
1511268273580613632
1511268273714827266
1511268274130010112
1511268274604056583
1511268274637611010
1511268276319535105
1511268276973838336
1511268277426737160
1511268277749792771
1511268278500528128
1511268279024857092
1511268279070957570
1511268279158943749
1511268279217700865
1511268279813345281
1511268279976931330
1511268280069144578
1511268280199262210
1511268280341827584
1511268280387858432
1511268280740294662
1511268281243602947
1511268281377824769
1511268281415618562
1511268281650454529
1511268281931505666
1511268282271207430
1511268282233466886
1511268282862555137
1511268283516915716
1511268283575635970
1511268284150206466
1511268284255113216
1511268284590706694
1511268284767031298
1511268284926103554
1511268284968099841
1511268285140115456
1511268285463121920
1511268285756682246
1511268286192926729
1511268286272528384
1511268286545244162
1511268286616506370
1511268286897565698
1511268287656730624
1511268287723806720
1511268287983796225
1511268288810131458
1511268288508174336
1511268288894017540
1511268288998817794
1511268289313394688
1511268289498034177
1511268289552527364
1511268289632251904
1511268289615478784
1511268289674194944
1511268290793988096
1511268291595100161
1511268291947511812
1511268291901284361
1511268292081631237
1511268292375236619
1511268292354351110
1511268292450828290
1511268292685619200
1511268293167964162
1511268293373571074
1511268293855911938
1511268294225014785
1511268294619238400
1511268294623383563
1511268294598266881
1511268294912847872
1511268295357485058
1511268295583928323
1511268295957176321
1511268296263405570
1511268296708038656
1511268297018429443
1511268296959610882
1511268298012434432
1511268298054373380
1511268298415120385
1511268298507362310
1511268298796716035
1511268298847043585
1511268299073597440
1511268299220430849
1511268299774087173
1511268300264812550
1511268301044920324
1511268301548183553
1511268302399623169
1511268302504574977
1511268302588420099
1511268303217508355
1511268303959961601
1511268304303890436
1511268304475856900
1511268304542965764
1511268304689762305
1511268306367524865
1511268306707173378
1511268306996666369
1511268306979860483
1511268307084750849
1511268307365732357
1511268307357339650
1511268307281887237
1511268308095488002
1511268308141625353
1511268308259069954
1511268308968001540
1511268309324513283
1511268309408395285
1511268310083674112
1511268310226288642
1511268310444347394
1511268310574419971
1511268311182553090
1511268311614607362
1511268311572566016
1511268312017256450
1511268312520474624
1511268312948355072
1511268313195847686
1511268313539788801
1511268313606799365
1511268314055651328
1511268314521219074
1511268314689028097
1511268314890313732
1511268315011895296
1511268314978340866
1511268314982539268
1511268315397861380
1511268315477557251
1511268315603345409
1511268315943124995
1511268316047974400
1511268316194742273
1511268316559593474
1511268316425428992
1511268316689666049
1511268316953948162
1511268316534480899
1511268316739948546
1511268317532667904
1511268318736441349
1511268319315337217
1511268319629873153
1511268319789203459
1511268320015757314
1511268320162496516
1511268320456196102
1511268320628162564
1511268321072664578
1511268321269886977
1511268321664110599
1511268322263945222
1511268323002142722
1511268323195035650
1511268323572568066
1511268324084269060
1511268324444975106
1511268324834955265
1511268324952399875
1511268325208346626
1511268325334167554
1511268325371822081
1511268325170589698
1511268325963321349
1511268325992640517
1511268326374318090
1511268326395334659
1511268326525263874
1511268326969950210
1511268327619973123
1511268328509038599
1511268329046093824
1511268329130008578
1511268329545248777
1511268329994039307
1511268329998229505
1511268330358947851
1511268330476343303
1511268330413465606
1511268330967027719
1511268331600420871
1511268331600453636
1511268331906547713
1511268331873091585
1511268332422500360
1511268332728631299
1511268333009657856
1511268333173317632
1511268333328519169
1511268333655674881
1511268334003752963
1511268334184116228
1511268334091878406
1511268334309937156
1511268334301552646
1511268334741905408
1511268334603579395
1511268335387824128
1511268335685709824
1511268335777988609
1511268335555649539
1511268336113434626
1511268336579002372
1511268336776224768
1511268337195655169
1511268337321398274
1511268337564762114
1511268337673723904
1511268337933709313
1511268338193899520
1511268338441371648
1511268338751651845
1511268339791896579
1511268340169424897
1511268341750673416
1511268341612224512
1511268342010716162
1511268342006521858
1511268341989756930
1511268342425952259
1511268342660747266
1511268342803451904
1511268343109591047
1511268344174944262
1511268344942448644
1511268344904753155
1511268345571598338
1511268345663922180
1511268345840087047
1511268346028773379
1511268346087591941
1511268346418847750
1511268346527981572
1511268346557251590
1511268346548924419
1511268346699915268
1511268347526144005
1511268347845001224
1511268348063014916
1511268348625051649
1511268349711368193
1511268350235660291
1511268350005022724
1511268350600654853
1511268350793498628
1511268350877392896
1511268350772580355
1511268350864801795
1511268351032631298
1511268351590506497
1511268351842177026
1511268352169234440
1511268352181817345
1511268352571944962
1511268352827838464
1511268352412499968
1511268352857194501
1511268352915873792
1511268352810967042
1511268352664166402
1511268352722882561
1511268352848707585
1511268354249703424
1511268354283253766
1511268355071750144
1511268355122020359
1511268355285606403
1511268355327541251
1511268355516289028
1511268356095197188
1511268355956776964
1511268356355235840
1511268357160452100
1511269867311271937
1511269867692990470
1511269867999186950
1511269868506656771
1511269868443783169
1511269868674465792
1511269868598874112
1511269868871507975
1511269869081309189
1511269869194559489
1511269869819473920
1511269870062743554
1511269870205386756
1511269870347948037
1511269870301757441
1511269871065214976
1511269871144914950
1511269871379697666
1511269871513915392
1511269872034058250
1511269872092725253
1511269872570880003
1511269872776450054
1511269873162227715
1511269873405636608
1511269873875587076
1511269874001231874
1511269874483576839
1511269874806530052
1511269874718453760
1511269875527917577
1511269875867693065
1511269875947380737
1511269876182265859
1511269876463247364
1511269876572332033
1511269876589080579
1511269876790448132
1511269876933005313
1511269876857516035
1511269877234896899
1511269877188898817
1511269878182862848
1511269878522695686
1511269879193780229
1511269879277670401
1511269879525089282
1511269879768395782
1511269880041025540
1511269880758214658
1511269880732999684
1511269880766636049
1511269881102147587
1511269881362141185
1511269881664126976
1511269881785851908
1511269882314334212
1511269882180026368
1511269882507284480
1511269882947637249
1511269883140583424
1511269883358715904
1511269883442794498
1511269883450961927
1511269883992064001
1511269884017233921
1511269883979440130
1511269884038160386
1511269884289818625
1511269884793171971
1511269885652914177
1511269885816586247
1511269885824884736
1511269885954994180
1511269886063955970
1511269886198231041
1511269886437335043
1511269886886092800
1511269887150276609
1511269887079034882
1511269887548833798
1511269887674572802
1511269887800401921
1511269888148574215
1511269887573901313
1511269888467345414
1511269889000022016
1511269890367307779
1511269891105558536
1511269891243970563
1511269891554304001
1511269891730518020
1511269892217098240
1511269892451971072
1511269892519038977
1511269892678463495
1511269892984610818
1511269893563371527
1511269893789859845
1511269894138044418
1511269894502895627
1511269894687502338
1511269895664766982
1511269895530496002
1511269895518003200
1511269896205877249
1511269896390205440
1511269896642080769
1511269896713289729
1511269896549711875
1511269896898101252
1511269897380184064
1511269897543864323
1511269895530590209
1511269898625953797
1511269898290409473
1511269898877612034
1511269899095920649
1511269899150241792
1511269899276066822
1511269899850883074
1511269900349845504
1511269900999970816
1511269901801033728
1511269902262415361
1511269902665097216
1511269902975479810
1511269903562645507
1511269903558488066
1511269903923400707
1511269904187641864
1511269905793957889
1511269905966014466
1511269906121076742
1511269906255421444
1511269906569957378
1511269906842537993
1511269907031371776
1511269907111026688
1511269907199148034
1511269907551424512
1511269908444762115
1511269909279424512
1511269909304598529
1511269909317230595
1511269909753434113
1511269910114185217
1511269910516846593
1511269910718169092
1511269912173498370
1511269912362299399
1511269912563572737
1511269912970469377
1511269913276686336
1511269913532547073
1511269913872187398
1511269913918332932
1511269914040053762
1511269914153259013
1511269914056830987
1511269914115547138
1511269914153127942
1511269914178461700
1511269914425888772
1511269915625459713
1511269915847806979
1511269916074205189
1511269916841816067
1511269916950806528
1511269917231915014
1511269916955090945
1511269917634478083
1511269917814886402
1511269917831671811
1511269917911306244
1511269918683156483
1511269919509434374
1511269919496847363
1511269920113311750
1511269918515290113
1511269920541229059
1511269920675352578
1511269920767713290
1511269921476521986
1511269921552232448
1511269921749188612
1511269922051170305
1511269922197934084
1511269923078787074
1511269923699535873
1511269924152483844
1511269924869746691
1511269924966211589
1511269925641457665
1511269926228664322
1511269926367080452
1511269926413254656
1511269927159844867
1511269927235334151
1511269927256215558
1511269927466020868
1511269927512154120
1511269928246169602
1511269928258654208
1511269928443203585
1511269928506216454
1511269929097515014
1511269929349271555
1511269929823129601
1511269930032898048
1511269930167160833
1511269930154536963
1511269930259333122
1511269931383410691
1511269931702235141
1511269932851474432
1511269933174472712
1511269933216370689
1511269932906029056
1511269933417652224
1511269933631643656
1511269934466273283
1511269935259037697
1511269935565135878
1511269935913316353
1511269936139841540
1511269936353746945
1511269936370532355
1511269936647319558
1511269937066790912
1511269937070972934
1511269937138049026
1511269937649799173
1511269938044018693
1511269938195230725
1511269938639654913
1511269938807328772
1511269939142963203
1511269939201593344
1511269939289673733
1511269939759493122
1511269940539670528
1511269940648632321
1511269940736765952
1511269941454032897
1511269941793730561
1511269942087360515
1511269942137610240
1511269942347321345
1511269942292881416
1511269943114883077
1511269943228174337
1511269943110770688
1511269943349760000
1511269943576248320
1511269943299481604
1511269943765094407
1511271377482960899
1511271377638199299
1511271377705349121
1511271377780842496
1511271377789198337
1511271377826988032
1511271378078494724
1511271378166890496
1511271378242224128
1511271378988720131
1511271379122937859
1511271379336937474
1511271379676680193
1511271379844411394
1511271379999547393
1511271380226277381
1511271380326748163
1511271380221890562
1511271380700045318
1511271380884594688
1511271381475942403
1511271381794754562
1511271382033784835
1511271382134439939
1511271383254372353
1511271383237541890
1511271383636058116
1511271383770275843
1511271384365871105
1511271384395169795
1511271384487538691
1511271384693022727
1511271384722419716
1511271384990863361
1511271385410285568
1511271386009980935
1511271386198773761
1511271386228133888
1511271387339665412
1511271387817730048
1511271388144934915
1511271388430184448
1511271388488818690
1511271389046710277
1511271389445365765
1511271389868789763
1511271390023933952
1511271390107910148
1511271390560800772
1511271390648975369
1511271390774808577
1511271390820851714
1511271391009644544
1511271391047344132
1511271391563296771
1511271391919841281
1511271391773052930
1511271392423161858
1511271392985206789
1511271393207402496
1511271393496903682
1511271393635278850
1511271394209845251
1511271394956488705
1511271395279388676
1511271395468226570
1511271395887566855
1511271395904442371
1511271395954679810
1511271396684427268
1511271396852252675
1511271397007536129
1511271397259157506
1511271397347278852
1511271397502464008
1511271397963833347
1511271398186045441
1511271398211297280
1511271398441984002
1511271398542561282
1511271399977099265
1511271400102928388
1511271400329388037
1511271400358690819
1511271400581050369
1511271400962670594
1511271401478578178
1511271401952628740
1511271402082553857
1511271402028118021
1511271402430681093
1511271402472710146
1511271402699116551
1511271403353481219
1511271403621957639
1511271404112683009
1511271405844938752
1511271406591377411
1511271406729715715
1511271407799447553
1511271407841337351
1511271407614926850
1511271407698821125
1511271408726331394
1511271408768372737
1511271408877375490
1511271409162543107
1511271409380691972
1511271410576015360
1511271410798411778
1511271411171708934
1511271411175804928
1511271411645657094
1511271411737890818
1511271411993567233
1511271412073480202
1511271412098646016
1511271412123811844
1511271412408987649
1511271412543242244
1511271413264830466
1511271413528813569
1511271413491060741
1511271413902192642
1511271413755301891
1511271414032224263
1511271414296420355
1511271414820749314
1511271415210725382
1511271415680585730
1511271415638544386
1511271415923814406
1511271416099975172
1511271416393515008
1511271416913707013
1511271417110798346
1511271417320546306
1511271417316352003
1511271418427756547
1511271418410983425
1511271418583003141
1511271418897608709
1511271419170201605
1511271419585388545
1511271419866406920
1511271420365524992
1511271420390780928
1511271420365619205
1511271420675997697
1511271420868935681
1511271421112107012
1511271421355470848
1511271422202679299
1511271422638891008
1511271422693416961
1511271422680879110
1511271422890500096
1511271422865416193
1511271423234482177
1511271423347679236
1511271423259693059
1511271423561633795
1511271424119422978
1511271424467816451
1511271424614449153
1511271424803192834
1511271424836739072
1511271424757055496
1511271425499348992
1511271425553932289
1511271425801400323
1511271426220867586
1511271426677956609
1511271427013496832
1511271427420442625
1511271427688828930
1511271427558813701
1511271427953016835
1511271427994959873
1511271428057927683
1511271428422868995
1511271428578066434
1511271428779294722
1511271429525889025
1511271429777629188
1511271429379026948
1511271430012522496
1511271428712185857
1511271430343827457
1511271430805147653
1511271431111335939
1511271431707009024
1511271432310906885
1511271432386396161
1511271432524816385
1511271432843673610
1511271433116258307
1511271433720287233
1511271433753739269
1511271434122899462
1511271434806603776
1511271435087589384
1511271435737698306
1511271436417179650
1511271436622745603
1511271436672974858
1511271436949889024
1511271437184679939
1511271437893517315
1511271437708976130
1511271438258479104
1511271438522765313
1511271438518525953
1511271439072219136
1511271439583825920
1511271439919468548
1511271440045252611
1511271441118994433
1511271441400049665
1511271441412628481
1511271441597186050
1511271441601339395
1511271441874001922
1511271442180157443
1511271442192773120
1511271442809249797
1511271442918387713
1511271442905985024
1511271443404836870
1511271443685949442
1511271443904016385
1511271444604502021
1511271444612890630
1511271444713545728
1511271445443358722
1511271445711699974
1511271446202433543
1511271446617669634
1511271447037194243
1511271446898778117
1511271447217545219
1511271446466613248
1511271447142051840
1511271446076485639
1511271447498473478
1511271448341532673
1511271448580657155
1511271448937218049
1511271449050365955
1511271449130119168
1511271449767649280
1511271449922785282
1511271449868259331
1511281695328292865
1511281695236018183
1511281695416369162
1511281695613460484
1511281695735042049
1511281695865122817
1511281696251039748
1511281696519434241
1511281696720801793
1511281696850821124
1511281696963969026
1511281697601556490
1511281697450565632
1511281698209738753
1511281699086290945
1511281699388375042
1511281699887460361
1511281699811954690
1511281700084588545
1511281700256497667
1511281700340486145
1511281700806012929
1511281700915007489
1511281701460357120
1511281701544251394
1511281701892374530
1511281702081073153
1511281701993041920
1511281702609457156
1511281702768988166
1511281702882226179
1511281701980303360
1511281702986989575
1511281703465201667
1511281703775571972
1511281704039821315
1511281704014688258
1511281705583321088
1511281705185079307
1511281706308935680
1511281706799714305
1511281707118440451
1511281706996846594
1511281707571425282
1511281707923775489
1511281708750061569
1511281708846534656
1511281708792000519
1511281709333061636
1511281709614047235
1511281709790240775
1511281709861515267
1511281710121562112
1511281710524207110
1511281710490652680
1511281710587166721
1511281710809423875
1511281711123939334
1511281711220408320
1511281711354687488
1511281711400853505
1511281711484751872
1511281712113803271
1511281712269074432
1511281712721977344
1511281713590280194
1511281713879601152
1511281714156515331
1511281713971933185
1511281713787412483
1511281714739519490
1511281714739486729
1511281715117010949
1511281715624484868
1511281715817463808
1511281716517822465
1511281716979286016
1511281716555616260
1511281717465817092
1511281717654573059
1511281717730062337
1511281718279421955
1511281719135113216
1511281719189684230
1511281719219007491
1511281719546159104
1511281719634239491
1511281719986606081
1511281720120774664
1511281720204660737
1511281720334725123
1511281720531853313
1511281721043570693
1511281721026695168
1511281721446223873
1511281721630773253
1511281721890779136
1511281722117308420
1511281722180222978
1511281722176032768
1511281722859696133
1511281722893209604
1511281722624815113
1511281723132293121
1511281723270746115
1511281723451056130
1511281723622928386
1511281723811803138
1511281724835217408
1511281724675682310
1511281724893937667
1511281725363548166
1511281725611122688
1511281726160523269
1511281726231826441
1511281726399594503
1511281726491877378
1511281727741861888
1511281728094146569
1511281728295518209
1511281728547168257
1511281728819716101
1511281729151156224
1511281729453101066
1511281729834663936
1511281730623348736
1511281731235729409
1511281731445444613
1511281731898589184
1511281731810349061
1511281732183642114
1511281733215338499
1511281733165105152
1511281733660037122
1511281734310055939
1511281734977007618
1511281735350120455
1511281736348487685
1511281736482803715
1511281736663060480
1511281737107709956
1511281736994467840
1511281737116139520
1511281737183211522
1511281737552351234
1511281737837461507
1511281737967546373
1511281737963388933
1511281738152034306
1511281738366038023
1511281738445733890
1511281738772881417
1511281739011969025
1511281739964026881
1511281740215721992
1511281740689682434
1511281740916178946
1511281740815511558
1511281741016797184
1511281741100634119
1511281740567953408
1511281741406904320
1511281741482369026
1511281741759193093
1511281741968941056
1511281741817954316
1511281743260786689
1511281743424335878
1511281743285952514
1511281743717937158
1511281743793377280
1511281743831224326
1511281744267329542
1511281744649011201
1511281744770748419
1511281745164963843
1511281745966120967
1511281746326794243
1511281747765477376
1511281748054880256
1511281748440719360
1511281748684025857
1511281749048930306
1511281749237637122
1511281749296398347
1511281749262843907
1511281749329858560
1511281749376053248
1511281748721680387
1511281749824880644
1511281749938118661
1511281750885998593
1511281750961500161
1511281751330484224
1511281751393456129
1511281751443877891
1511281751980711941
1511281752014307332
1511281752014307335
1511281751993241603
1511281752479776773
1511281752458809347
1511281752660185096
1511281752941244421
1511281753356480513
1511281753557766144
1511281753956225025
1511281754606297090
1511281755495571463
1511281755453591555
1511281755533180928
1511281755894038532
1511281755864682496
1511281756313423879
1511281756430864387
1511281756204318722
1511281757093613568
1511281757156425730
1511281758037229574
1511281757965930501
1511281758154768393
1511281758880374792
1511281759115165696
1511281759467487237
1511281759429836801
1511281759400386564
1511281759631163393
1511281759840874504
1511281759995969539
1511281760147054600
1511281760251920387
1511281761111711744
1511281761447251969
1511281761531088898
1511281761510166534
1511281761128529920
1511281762197979137
1511281762030206983
1511281762269290496
1511281762642636800
1511281762655256576
1511281762692964356
1511281763079036931
1511281763812876294
1511281763959644162
1511281763922100224
1511281763930234886
1511281764169363459
1511281764257443840
1511281764295221251
1511281764324499456
1511281764907560960
1511281765268312068
1511281765327032323
1511281765431885829
1511281765536706567
1511281766543339520
1511281766564306950
1511281766631456773
1511281766690168834
1511281767692525570
1511281768028151811
1511281768267239434
1511281768720175112
1511281768867024897
1511281769215152130
1511281769546493957
1511281770792206337
1511281770905358338
1511281771056443393
1511281771811414019
1511281771928817665
1511281772272660481
1511281772549529603
1511281772629217282
1511281772734164995
1511281772918714377
1511281773086486538
1511281773057089537
1511281773384187912
1511281773543665666
1511281773749153793
1511281773765963778
1511281774315376643
1511281775007391744
1511281775091359747
1511281775431098368
1511281775561134088
1511281776215400449
1511281776475394052
1511281776597078019
1511281777146576897
1511281777276559362
1511281778283139073
1511281778476167171
1511281777977049090
1511281778241286147
1511281779445014533
1511281780720115712
1511281781097574408
1511281781370245123
1511281781701582852
1511281781739298816
1511281781978320907
1511281782175510531
1511281782561386501
1511281782641016837
1511281782834012167
1511281782909505543
1511281782834012160
1511281782632685568
1511281783425449984
1511281783995777028
1511281784515923972
1511281784629215240
1511281784704704513
1511281784624926724
1511281784926973954
1511281785082109954
1511281785304453125
1511281785736421383
1511281786319482881
1511281787166769160
1511281787435114498
1511281787636441095
1511281788852883461
1511281789213593604
1511281789955973121
1511281790497001477
1511281790576693253
1511281790706765825
1511281791168094208
1511281791671234568
1511281791788896259
1511281791889547265
1511281792405413896
1511281792715829248
1511281793533722624
1511281793827328000
1511281793919553538
1511281794766802949
1511281794838114307
1511281794863308802
1511281795207204877
1511281795186270212
1511281795379118087
1511281795421069313
1511281795567865856
1511281795689500682
1511281795962130432
1511281796020850695
1511281796327120899
1511281796373266443
1511281796528357381
1511281796566163456
1511281796842991618
1511281797048455172
1511281797220507656
1511281797388279812
1511281797371469825
1511281797614776326
1511281797669310467
1511281797899952128
1511281798105513985
1511281798592053251
1511281798420090886
1511281798986321920
1511281799330205700
1511281799711895553
1511281800651456517
1511281800747827200
1511281801100152837
1511281801288945668
1511281801637117953
1511281803545530371
1511281803939786752
1511281804564738054
1511281805185400833
1511281805281869826
1511281805495881728
1511281805479104517
1511281805755924481
1511281806192128005
1511281806829568002
1511281806921900038
1511281807077122048
1511281807144230913
1511281807618199558
1511281808096305158
1511281808192819201
1511281808473739267
1511281809107177476
1511281809493008394
1511281810122096644
1511281810315096065
1511281810474422276
1511281810524753925
1511281810914922500
1511281811124588547
1511281811166535682
1511281811720130562
1511281811946713099
1511281812143849480
1511281812605214725
1511281813033000963
1511281813200769024
1511281813079142402
1511281813188227074
1511281813297278976
1511281813351714816
1511281813725093892
1511281814438129665
1511281814559772673
1511281815067275264
1511281815243436033
1511281815218176002
1511281815679651845
1511281815939596289
1511281816040263682
1511281816111616004
1511281816132534275
1511281816296165376
1511281816354893824
1511281816782708741
1511281817520943114
1511281817722277891
1511281818158436356
1511281818057723910
1511281818405904387
1511281818670182402
1511281818749779969
1511281819060158467
1511281819286654976
1511281819509002250
1511281819475484673
1511281819966132226
1511281820461060105
1511281821035683841
1511281821077721093
1511281821417365508
1511281821597806597
1511281821924962306
1511281821962625025
1511281822017196033
1511281822185013252
1511281822516367360
1511281822495301634
1511281823472513032
1511281823019581440
1511281823745200135
1511281823749390338
1511281824173023235
1511281824131162128
1511281824281989123
1511281824470863873
1511281824546316292
1511281824965795841
1511281825129320450
1511281825280401409
1511281825351716868
1511281825561337860
1511281825720774658
1511281825586499584
1511281826609909763
1511281826530222088
1511281827046113287
1511281827218178048
1511281827545243648
1511281828249980929
1511281829231407111
1511281829151653891
1511281829558558723
1511281829587963907
1511281830170877953
1511281830259003402
1511281830376484867
1511281831030706179
1511281831622197252
1511281831848693764
1511281832142295040
1511281832075173890
1511281832280612864
1511281832402333699
1511281832695930888
1511281833148915720
1511281833220136964
1511281833383653382
1511281833715159048
1511281834113568769
1511281834109378565
1511281834700775426
1511281834864390144
1511281835103465478
1511281835136978948
1511281835686481924
1511281835749298176
1511281835791339529
1511281835799687170
1511281836135227393
1511281836500082691
1511281836378497028
1511281836567187461
1511281837036945408
1511281837183844361
1511281837678776322
1511281837775147011
1511281838215548929
1511281838127566849
1511281838299484160
1511281838643363841
1511281839117373442
1511281839746568193
1511281840065323011
1511281839981441027
1511281840241401857
1511281840430137346
1511281840593772546
1511281841130639368
1511281841520709636
1511281841696817157
1511281841998815232
1511281842011389952
1511281842573434884
1511281842636398595
1511281842992865284
1511281843223646208
1511281843391410180
1511281843378978816
1511281844028944384
1511281844439994371
1511281844540657664
1511281844850987016
1511281844897132550
1511281845127757826
1511281845425614860
1511281845622738948
1511281845828308992
1511281846168002561
1511281846323187712
1511281846700625920
1511281846830743562
1511281846990082053
1511281847380099073
1511281847292080131
1511281847841570822
1511281847887699973
1511281847799619593
1511281848365764615
1511281848705601537
1511281848755834889
1511281848936284162
1511281848911028225
1511281849108254728
1511281849292795908
1511281849527586821
1511281850228092931
1511281850727211011
1511281851196968960
1511281851796791296
1511281851872301056
1511281852040028162
1511281852094595072
1511281852514017284
1511281853067665417
1511281853482868742
1511281853659074563
1511281853814165509
1511281853298356224
1511281854527295490
1511281854602752005
1511281855177310213
1511281855907127297
1511281855999401985
1511281856452440072
1511281856053977091
1511281856704126979
1511281857723342851
1511281857840701442
1511281857886707716
1511281857761091584
1511281858516074499
1511281858490908679
1511281859187154944
1511281859946237960
1511281860457992200
1511281860189507589
1511281860915216390
1511281860965457924
1511281860822900737
1511281861040947200
1511281861926035467
1511281861900840966
1511281861984763916
1511281862135762945
1511281862269980674
1511281862391615490
1511281862483787778
1511281862550953988
1511281862886539268
1511281862894891013
1511281863406542850
1511281864669122565
1511281864786460676
1511281864891318274
1511281865101041665
1511281865189203968
1511281865252130818
1511281865361178628
1511281865558265857
1511281867059867651
1511281867030470659
1511281867261100038
1511281867487682561
1511281867768705027
1511281868204822535
1511281868641124356
1511281868838158340
1511281869500956673
1511281870201307138
1511281870452965381
1511281870494969857
1511281870520172547
1511281871824560133
1511281871963009025
1511281873607143428
1511281873707798531
1511281873951105024
1511281874190094337
1511281874706042885
1511281875075186688
1511281875112845316
1511281875079335938
1511281875138105344
1511281875310063617
1511281875301683202
1511281875578494979
1511281875838504965
1511281876228612101
1511281876433965060
1511281876425748480
1511281876618694657
1511281876626984966
1511281877172338688
1511281877457453061
1511281877524623364
1511281878174683140
1511281878359322624
1511281878585815043
1511281879630192645
1511281880515100673
1511281881542766600
1511281881773494274
1511281881853087750
1511281881840562177
1511281881513345029
1511281882461315073
1511281882637508614
1511281882822066178
1511281883409174532
1511281883736428547
1511281883807690757
1511281883937755141
1511281884042563589
1511281884076126211
1511281884277489664
1511281884340363266
1511281884822708227
1511281885493796864
1511281885825093634
1511281885737070597
1511281886248714241
1511281886194286604
1511281885737267200
1511281886693314564
1511281886911512576
1511281887007883271
1511281887121227777
1511281887393816578
1511281887473512452
1511281887460925442
1511281887511207941
1511281887616110601
1511281887746134017
1511281888450781184
1511281888455020547
1511281888756916227
1511281889235152900
1511281889600065540
1511281890480771075
1511281890623430656
1511281890543734789
1511281890782851077
1511281890753495046
1511281890979942402
1511281890828984323
1511281891097419779
1511281891785289738
1511281892636729348
1511281893081239555
1511281894058610688
1511281894398341123
1511281894419226625
1511281894524166147
1511281894922539009
1511281895484669953
1511281895459414017
1511281895945998336
1511281896403185664
1511281897200132097
1511281897267240962
1511281897577631745
1511281898022129671
1511281898139570176
1511281899142107138
1511281899204923394
1511281899993505792
1511281900073193478
1511281900136148993
1511281900241010693
1511281900542996480
1511281900803010561
1511281900823977986
1511281901029445641
1511281901151137795
1511281901105029120
1511281901604069378
1511281901633519617
1511281901738373120
1511281902052859906
1511281902598201351
1511281903172833288
1511281903940378630
1511281903919378439
1511281904171065346
1511281904816951300
1511281905714581511
1511281905701990401
1511281905928478726
1511281905622257683
1511281906012332039
1511281906180046849
1511281906238869507
1511281906289160195
1511281906519793667
1511281906880503813
1511281907706773504
1511281908063387655
1511281908344315908
1511281908377952261
1511281909376196617
1511281909443219457
1511281909489446922
1511281909736873985
1511281909736906756
1511281910185615365
1511281910345093121
1511281910533832705
1511281910466629634
1511281911452385280
1511281911548817409
1511281911808892928
1511281911825588226
1511281912454828034
1511281912488288260
1511281912807047173
1511281913729847298
1511281913738280960
1511281914128506883
1511281914149318658
1511281914547683331
1511281914665222147
1511281914656829441
1511281915332112386
1511281915768487937
1511281916070141955
1511281916317687808
1511281916686839814
1511281917076946945
1511281917022412803
1511281917206966278
1511281917282467842
1511281917651472385
1511281916800028677
1511281917722869760
1511281917572030469
1511281918024761347
1511281918347722753
1511281918729461761
1511281918838517766
1511281919606071302
1511281919664795652
1511281919895515138
1511281919878701059
1511281919983509509
1511281920524570626
1511281920587579400
1511281920931475459
1511281920944091138
1511281921975853060
1511281922160402432
1511281923020279813
1511281923200487426
1511281923473219584
1511281923808710659
1511281923871723522
1511281923934629889
1511281924081389571
1511281924131676170
1511281924609818625
1511281924677025794
1511281924865724417
1511281925012570117
1511281925838749696
1511281926015004673
1511281926379876352
1511281926547648516
1511281926887419908
1511281927449423876
1511281927436881920
1511281927218728965
1511281927642357772
1511281927734583299
1511281928279891972
1511281928636358659
1511281928623869952
1511281929240420355
1511281929999499266
1511281929982779395
1511281930360266755
1511281930477748224
1511281930439954432
1511281930796519429
1511281931060756483
1511281930926542849
1511281931928969220
1511281931656302594
1511281931874410498
1511281932126113794
1511281932230868992
1511281932302450690
1511281932180590594
1511281932520284172
1511281932545495042
1511281933019492358
1511281933594079234
1511281933648605185
1511281933543747585
1511281933715742724
1511281934470635525
1511281934927863808
1511281935091445761
1511281935536041988
1511281935594758146
1511281935909330948
1511281936114851841
1511281936525844486
1511281936551002118
1511281936857288705
1511281937876492293
1511281937956057093
1511281938233012228
1511281938153320453
1511281938476240897
1511281938543353860
1511281938660798468
1511281938794958853
1511281939243843586
1511281939289886723
1511281939050901506
1511281939713511425
1511281939793260550
1511281940187525122
1511281940061638661
1511281940560818176
1511281940766285829
1511281940841877504
1511281941009637376
1511281942024568837
1511281941957459970
1511281942532087808
1511281942943219714
1511281943228387328
1511281944176300035
1511281944386023428
1511281944780288001
1511281945325584385
1511281945518481409
1511281945564622851
1511281946172735493
1511281946684448770
1511281946680340486
1511281946923606020
1511281947162591243
1511281947284287489
1511281948152549380
1511281948156743680
1511281948659834883
1511281948794228742
1511281948890697734
1511281949305970694
1511281949276528642
1511281949662457863
1511281949884694529
1511281950241214466
1511281950526517251
1511281950648119297
1511281952447512578
1511281952715939840
1511281952841682954
1511281953458335746
1511281953726775296
1511281953982631943
1511281954007703555
1511281954116845571
1511281954511069184
1511281954569826306
1511281955442237440
1511281955802955779
1511281955836506114
1511281956138405888
1511281956255940609
1511281956352409604
1511281957036036101
1511281957296029699
1511281957354749952
1511281957623279620
1511281957988147202
1511281958126452740
1511281958390800387
1511281958344605699
1511281959061839872
1511281959162597378
1511281959170985986
1511281959087001603
1511281959418347521
1511281959649042435
1511281959875526656
1511281960844505091
1511281961465221122
1511281961733697537
1511281961662390277
1511281961809199114
1511281961968545799
1511281962035695617
1511281962195070982
1511281962673225739
1511281962740338691
1511281962694156289
1511281963876982787
1511281963885338625
1511281964183138307
1511281964493459457
1511281964623482884
1511281964598374405
1511281964619341827
1511281964678057990
1511281965189763076
1511281965059686400
1511281965273604102
1511281965630164992
1511281965831540736
1511281965948940292
1511281966003499010
1511281967425327105
1511281967257563145
1511281967349866496
1511281967345590274
1511281967391776770
1511281967605506048
1511281968561983495
1511281968763260929
1511281969035984902
1511281969056919558
1511281969455415298
1511281969333682177
1511281969484685312
1511281969493069825
1511281969912586243
1511281970348806146
1511281970428485632
1511281970369765376
1511281971326078979
1511281971279900683
1511281971426639880
1511281971439280129
1511281972248662019
1511281972194201600
1511281972836016130
1511281973121241089
1511281973305696258
1511281973343539207
1511281973658107911
1511281974073344005
1511281974291439618
1511281974404657152
1511281974589145089
1511281974656348162
1511281974761115648
1511281975142895623
1511281975604264962
1511281975834853380
1511281976086609936
1511281976187228160
1511281976308871169
1511281976417861638
1511281976430534661
1511281976619069447
1511281977378361349
1511281977445556227
1511281977760043019
1511281977919520773
1511281978116608000
1511281978393481217
1511281978770960393
1511281978741608451
1511281979085701124
1511281979270049792
1511281979219759111
1511281980406747138
1511281979999797249
1511281981136510976
1511281981270724608
1511281981811834884
1511281982407421960
1511281982877143042
1511281982956781570
1511281982977806339
1511281984076763148
1511281984303206403
1511281984487796740
1511281984705806337
1511281984793939973
1511281984638758921
1511281984823345152
1511281985049837568
1511281985175658496
1511281985431474179
1511281985586708480
1511281985657917444
1511281985892847618
1511281985913856000
1511281985943126018
1511281986123534336
1511281985884467203
1511281986492633097
1511281986693959680
1511281986790469637
1511281986756911106
1511281987423719426
1511281987490824192
1511281988547796994
1511281988560461827
1511281988422017030
1511281989067886599
1511281989004967941
1511281989453762563
1511281989407723527
1511281989856419844
1511281989927804934
1511281990976294923
1511281991001550854
1511281991169511430
1511281991441920009
1511281991555194880
1511281991857184770
1511281991907434497
1511281992008151045
1511281992595394565
1511281991815245824
1511281992737996809
1511281992775651330
1511281993430233089
1511281993639772164
1511281993639677956
1511281995057405955
1511281995074134021
1511281995011305475
1511281995342569479
1511281995715862529
1511281995883687940
1511281995896213512
1511281996085055489
1511281996290572288
1511281996584136704
1511281997100077057
1511281997179768835
1511281997901180930
1511281998651928581
1511281998970724354
1511281999075491841
1511281999050420225
1511281999205605380
1511281999184818184
1511281998966530048
1511282000065445891
1511282000287707137
1511282000103194626
1511282001315303426
1511282001587970049
1511282001336315910
1511282001634111488
1511282001743159304
1511282001764044806
1511282002170978305
1511282002187665411
1511282002355490818
1511282002951081991
1511282003362316288
1511282003462742019
1511282003819347974
1511282003844472832
1511282003953524738
1511282003907391496
1511282004033167360
1511282004058333191
1511282004519706629
1511282004683366401
1511282004654010374
1511282004716888066
1511282004976971780
1511282005060771844
1511282005396410377
1511282005446639625
1511282005622804486
1511282005929037833
1511282005769609227
1511282006050627588
1511282006390452224
1511282007585796097
1511282008202301440
1511282008600809472
1511282009158651908
1511282009217323013
1511282009531985924
1511282009414451206
1511282009670406144
1511282010270183431
1511282010710548481
1511282011050229766
1511282011016683521
1511282011352309760
1511282011432001542
1511282011452829700
1511282011926929409
1511282012233121803
1511282012371496961
1511282012681916421
1511282013516480514
1511282013571100672
1511282013457813505
1511282013017415684
1511282013742972930
1511282013889835014
1511282013977956354
1511282014640558080
1511282014573502464
1511282014443515915
1511282015039115272
1511282015181721601
1511282015470948354
1511282015831740421
1511282015961858048
1511282016238637060
1511282016410603526
1511282016666505220
1511282016972640262
1511282017039695876
1511282017295552517
1511282018121887745
1511282018453180422
1511282018381873153
1511282018977468429
1511282019300433921
1511282020084768770
1511282020336472072
1511282020772630534
1511282022127394817
1511282022609833985
1511282022504882179
1511282023670984708
1511282023893250054
1511282023893196801
1511282023897387008
1511282024224546821
1511282024430116869
1511282024513949699
1511282025277407237
1511282025495506951
1511282025432506371
1511282026581692416
1511282027005362179
1511282027223568387
1511282027227717637
1511282027370356737
1511282027441577986
1511282027479375875
1511282027416461312
1511282027554910208
1511282027710005250
1511282027877830656
1511282028976779266
1511282029027110919
1511282029266096132
1511282029752635393
1511282030272782337
1511282030780334083
1511282031237513223
1511282031744987137
1511282031925334017
1511282032013463554
1511282031858225158
1511282031661047811
1511282032630026246
1511282033099780102
1511282032881840130
1511282033301110787
1511282033565257732
1511282033384960002
1511282033653256196
1511282033951186955
1511282034869780480
1511282035087847429
1511282035473661953
1511282035029155849
1511282035503116290
1511282036849401859
1511282037063393293
1511282037231173636
1511282037927391235
1511282038430650371
1511282038632030208
1511282038942404609
1511282039722594308
1511282040037126148
1511282040116809728
1511282040188067844
1511282040112656390
1511282040204926981
1511282040716550146
1511282040766873602
1511282040959868929
1511282040997617664
1511282041110900736
1511282041190600713
1511282041438060545
1511282041870077960
1511282041156943877
1511282042310467586
1511282042620809221
1511282042805399556
1511282042981519360
1511282042931142659
1511282042817888257
1511282043384172544
1511282043430346755
1511282044013318146
1511282044269121537
1511282044747268098
1511282044889878533
1511282044894162948
1511282045258981377
1511282045762383872
1511282045787557890
1511282045946892291
1511282046206885892
1511282046408478728
1511282046278242307
1511282047079362561
1511282047469473794
