1519858988283744258
1519858994755653632
1519858996668215298
1519859001722294274
1519859002217308160
1519859002359922688
1519859003550969857
1519859005039939584
1519859005971181568
1519859007443320833
1519859009402163200
1519859010240921601
1519859011289550848
1519859011583107072
1519859015114801154
1519859014581948416
1519859017190805505
1519859020214898688
1519859023772008448
1519859028481953794
1519859033213132801
1519859034991599616
1519859036153421825
1519859040045649921
1519859041043992577
1519859041131925506
1519859042851692544
1519859044248342529
1519859044122464256
1519859045267562496
1519859048656646147
1519859049990397953
1519859050841841664
1519859052553068546
1519859053698158593
1519859054000197636
1519859054620860416
1519859058882363393
1519859063277948930
1519859073981763584
1519859091883110400
1519859092910755840
1519859094395441152
1519859094462644225
1519859094730989570
1519859095162994691
1519859096463290368
1519859099625791489
1519859103929044992
1519859104294002688
1519859105472593926
1519859111172661248
1519859114381303810
1519859123831164931
1519859123801755649
1519859125479526405
1519859127312396291
1519859131108270081
1519859137508790273
1519859139370962944
1519859139551367171
1519859149265375232
1519859149617700865
1519859151085522945
1519859155850432512
1519859156190117889
1519859158186663942
1519859160741216256
1519859161130954752
1519859161487622146
1519859168655642624
1519859170853466115
1519859175739863043
1519859177950257158
1519859178927501316
1519859180710117378
1519859183469961216
1519859183927005185
1519859189060833282
1519859190394765312
1519859201086038017
1519859201710993408
1519859204680417280
1519859208644091915
1519859212553175040
1519859214595899396
1519859218161016834
1519859221738708992
1519859230001537028
1519859230999785476
1519859233843560448
1519859237215776773
1519859256371015680
1519859265967689731
1519859266190028802
1519859269713022976
1519859274607902720
1519859276575133696
1519859280736034816
1519859282384150535
1519859284623958017
1519859292446380035
1519859292656087043
1519859294874882048
1519859295621427202
1519859296321908737
1519859305570344960
1519859310041640960
1519859312872591360
1519859317725437955
1519859328844537856
1519859329591087105
1519859334758293504
1519859336406716416
1519859339246260224
1519859341314113536
1519859341746229250
1519859347567915009
1519859347001692165
1519859348800950273
1519859352596893698
1519859353368596483
1519859355595726854
1519859361878884353
1519859363019730946
1519859368145178624
1519859372771495939
1519859384100462595
1519859385287204867
1519859385618640902
1519859387917082624
1519859388692975617
1519859389980712960
1519859394741252097
1519859397303975940
1519859407235936258
1519859434373234693
1519859434381524993
1519859438156398593
1519859438441611265
1519859443181277189
1519859444502384653
1519859445236391938
1519859445072809990
1519859449174712320
1519859450282225670
1519859451158749186
1519859454518431745
1519859456372269069
1519859456363974657
1519859464337338375
1519859470242926602
1519859473208205316
1519859476236492800
1519859483962454017
1519859484642152449
1519859489754730496
1519859491742920712
1519859495337398273
1519859501373050880
1519859502660603907
1519859502971232256
1519859504283889664
1519859504732594176
1519859511569399808
1519859517890117632
1519859518242447375
1519859524592709632
1519859525897097222
1519859545086078977
1519859546918895618
1519859552707133441
1519859556108619776
1519859560382611457
1519859562769223684
1519859568146329600
1519859571229179904
1519859572856528896
1519859577227218949
1519859578481037313
1519859590225092609
1519859590321557507
1519859607144960000
1519859608839356416
1519859613843304449
1519859617924370434
1519859620759564288
1519859628967968768
1519859633598382081
1519859636848914432
1519859638212390912
1519859638879014913
1519859640292499457
1519859648991358977
1519859652946628608
1519859657501782025
1519859661272498178
1519859662669197313
1519859665663926273
1519859665550589952
1519859670437011458
1519859673566179328
1519859676124491777
1519859677047185410
1519859679903596545
1519859680876679168
1519859685528158208
1519859687398645760
1519859688011182080
1519859690519285761
1519859693144793089
1519859697465151489
1519859720693108736
1519859723301888002
1519859724165910530
1519859724266655747
1519859724908642304
1519859727794151424
1519859738418331648
1519859741400477696
1519859742780407810
1519859743195508736
1519859743690563588
1519859744340688896
1519859745342906370
1519859750787325953
1519859753421197312
1519859753786163202
1519859754847420416
1519859757355614208
1519859760249532421
1519859761428238337
1519859763416383489
1519859763600842754
1519859765328990213
1519859772459261952
1519859774925721601
1519859779740520448
1519859781430923264
1519859791719723009
1519859791614681089
1519859793275539456
1519859795460644864
1519859803341955072
1519859807175512064
1519859809327230978
1519859810598064128
1519859811491405830
1519859814763016192
1519859818005090305
1519859825240334336
1519859825563389953
1519859829128548352
1519859830109974528
1519859838184038400
1519859838167171073
1519859843968159744
1519859844232192000
1519859856181800960
1519859856571781120
1519859856739602433
1519859863983214599
1519859864847237121
1519859866541694977
1519859866856308741
1519859869880311809
1519859872011067394
1519859872120115206
1519859879359492096
1519859881439813639
1519859883566411776
1519859886569390081
1519859891749466112
1519859895050379273
1519859896250171392
1519859897587933187
1519859899903225857
1519859902323298305
1519859905221603329
1519859905364172806
1519859911328342018
1519859912117035009
1519859912712536064
1519859917217316865
1519859918781788160
1519859919423348736
1519859920371429377
1519859920971210755
1519859921713614848
1519859924674789377
1519859925891137536
1519859929741508611
1519859937438056448
1519859938750779393
1519859940327886848
1519859942248927232
1519859947886071812
1519859950679429120
1519859951211974657
1519859955901382665
1519859958258491393
1519859959554621440
1519859959927914496
1519859959827210240
1519859960674455554
1519859967318188034
1519859969583157248
1519859975258091525
1519859981444648966
1519859986800644098
1519859994782486530
1519859996217032705
1519859996800045056
1519860002629906433
1519860003066294273
1519860003254980612
1519860007319355392
1519860007726379008
1519860009722593284
1519860010402172928
1519860010360217603
1519860013422022657
1519860015514980357
1519860023211532290
1519860024075554819
1519860025916854272
1519860026625691648
1519860029284921349
1519860033886072833
1519860036591362052
1519860037098872834
1519860049794977792
1519860056057352192
1519860057642516480
1519860060544974848
1519860062197456896
1519860063187439616
1519860067436097537
1519860068451192832
1519860074428215296
1519860077137739776
1519860078572183552
1519860078953869315
1519860079100637186
1519860091897499649
1519860104254091264
1519860108238356480
1519860115456860160
1519860134226370561
1519860140643655681
1519860152769392640
1519860163519385600
1519860165809422336
1519860167252262913
1519860167432675328
1519860170641350656
1519860174877569025
1519860176249147392
1519860176865562624
1519860177251536902
1519860181265530884
1519860182062403586
1519860183845023744
1519860184578932737
1519860187343032323
1519860192594522113
1519860200655753219
1519860201381191680
1519860202719354880
1519860207349813251
1519860211942850560
1519860213192478722
1519860218670243841
1519860219815383042
1519860221446873091
1519860222138978308
1519860236164771842
1519860240036265984
1519860241453694977
1519860247472398338
1519860248101945345
1519860248688930816
1519860251360694278
1519860251926966272
1519860254456131584
1519860255403905024
1519860257597452289
1519860258151280642
1519860258532900870
1519860262127472642
1519860266237927426
1519860267412250624
1519860268842762241
1519860274626727938
1519860278338465792
1519860279378653184
1519860279626153986
1519860280037097472
1519860279810568192
1519860283464110080
1519860285279928320
1519860285238087685
1519860290778718210
1519860298420830208
1519860299301597187
1519860299326709760
1519860301310705665
1519860302917029894
1519860307841392646
1519860312723365896
1519860319853629441
1519860324433895429
1519860327080505347
1519860328116682752
1519860328313544704
1519860328850411521
1519860330083635200
1519860334235947015
1519860335573966850
1519860338958630912
1519860342070947841
1519860345828954113
1519860346323935232
1519860352556711937
1519860356436406275
1519860357380165634
1519860358499995648
1519860360542670848
1519860361729609728
1519860361993850882
1519860365772869632
1519860368100585472
1519860378678800384
1519860383904903168
1519860388531253250
1519860390632558595
1519860399679672321
1519860406558339081
1519860409464987652
1519860412745150466
1519860417631293442
1519860420668014592
1519860428725272578
1519860431275233280
1519860433557020673
1519860442520301568
1519860444126760961
1519860449742921728
1519860456629968899
1519860459658174464
1519860461071740930
1519860461625397248
1519860463198121984
1519860463466598401
1519860464481718272
1519860466385891328
1519860470525710336
1519860470651498497
1519860479115640833
1519860483314098176
1519860484324970499
1519860501496225792
1519860505682268162
1519860507540262912
1519860508341506048
1519860512661594114
1519860515207626754
1519860521058463744
1519860522413342720
1519860528595845120
1519860530592161792
1519860531041030144
1519860539589115904
1519860542365650945
1519860544227971073
1519860559495286785
1519860560984223750
1519860568034848769
1519860570907885568
1519860579405418497
1519860587286745088
1519860594429632513
1519860596661002245
1519860599898787841
1519860608950321152
1519860610976346112
1519860612603555842
1519860616831328258
1519860618265780225
1519860618626486273
1519860624238399488
1519860630185992192
1519860636431306755
1519860636435554305
1519860639291826176
1519860639581286404
1519860641225494529
1519860645004333062
1519860647999287302
1519860654726955011
1519860657390292992
1519860659751559169
1519860659856490497
1519860660494123010
1519860664470228992
1519860667603324928
1519860668870328321
1519860677074108417
1519860678806417409
1519860679557234688
1519860679787827200
1519860681033592832
1519860692643454979
1519860694191067137
1519860694589575169
1519860696250568705
1519860698284630016
1519860700952281088
1519860701644439552
1519860703745781761
1519860707658977281
1519860709974290433
1519860711022903296
1519860714705494016
1519860717746274315
1519860722414628864
1519860723094069249
1519860735974780928
1519860738516475910
1519860744061394946
1519860744208195585
1519860748004040709
1519860750826852360
1519860753834123269
1519860754236665856
1519860756942102529
1519860760750481410
1519860763518722050
1519860766111076352
1519860780425953285
1519860782145617922
1519860789770924034
1519860790681124865
1519860790672646144
1519860793709416449
1519860796968288256
1519860799778525186
1519860809954127872
1519860812931809282
1519860814559207429
1519860818199805952
1519860825971998721
1519860835639832577
1519860835732054016
1519860836935909376
1519860839456591873
1519860840446443521
1519860845488099328
1519860849510608896
1519860853306236930
1519860855235567616
1519860864693776387
1519860868552572930
1519860870800715776
1519860876718882816
1519860876773367808
1519860877234774016
1519860881726787585
1519860883668807681
1519860888160903168
1519860894016196609
1519860894955716610
1519860901444308992
1519860905462452226
1519860908545224705
1519860910810140672
1519860912735363073
1519860917198102530
1519860926937194496
1519860929806090243
1519860933325201408
1519860935921442822
1519860940845551616
1519860942707732480
1519860945010532353
1519860946163879936
1519860946294001667
1519860946340298753
1519860950400176128
1519860955076734976
1519860959208255488
1519860959300538368
1519860959413690368
1519860959791267841
1519860960856522752
1519860970046337024
1519860971459780609
1519860980544864256
1519860989088444417
1519860989382045700
1519860990866722817
1519860993500893184
1519860994595766273
1519860997904871425
1519860999708639232
1519861016661798913
1519861016728936448
1519861017186078720
1519861022647013384
1519861023268028416
1519861030515396608
1519861035590688773
1519861038136635393
1519861042834255873
1519861044167933952
1519861044675366912
1519861051516461057
1519861055572357120
1519861067538644993
1519861067735867393
1519861083393167362
1519861089365807104
1519861093308325888
1519861095606931457
1519861098215874561
1519861101558743040
1519861103752323074
1519861106679762946
1519861119132872711
1519861120806359045
1519861128721219584
1519861134286852096
1519861134408310784
1519861136253931522
1519861140792262656
1519861143556210690
1519861143761788928
1519861147402342400
1519861149759594496
1519861152502714369
1519861152754327552
1519861160274796545
1519861164058251265
1519861164527828997
1519861165324652546
1519861170655617027
1519861173814013953
1519861174816419840
1519861185893609472
1519861193195855872
1519861195980914688
1519861203937415169
1519861203572563971
1519861210803486720
1519861213479460865
1519861220811153410
1519861224724471808
1519861225336803328
1519861226662207488
1519861230172721154
1519861255976198144
1519861256475357184
1519861259256176641
1519861271398604800
1519861271931326465
1519861274468831233
1519861283067113472
1519861289882992640
1519861294437916672
1519861295016595456
1519861298036621313
1519861307192840196
1519861309482930176
1519861316676108288
1519861319486296067
1519861321365401601
1519861324225912832
1519861332387979264
1519861335500152834
1519861337366573056
1519861337354080257
1519861344685674500
1519861344950001666
1519861345235222532
1519861352457596929
1519861356165533700
1519861356052332544
1519861356475957248
1519861357805506560
1519861359487377411
1519861365950844933
1519861367859253250
1519861368505176064
1519861369180504065
1519861370375790595
1519861371642515458
1519861377577410560
1519861382811947013
1519861385689239552
1519861394342125569
1519861399274639367
1519861401694711808
1519861403577896960
1519861404202848256
1519861406585462786
1519861408455929857
1519861412222414849
1519861416471244801
1519861417356238848
1519861417855307779
1519861419071651840
1519861421726650370
1519861428148224000
1519861430861848578
1519861433751638017
1519861441364385793
1519861441414799365
1519861441863503873
1519861442329124866
1519861445495820294
1519861446821175298
1519861450096873472
1519861457453789184
1519861459815129088
1519861460675051523
1519861463241969665
1519861463468417024
1519861467088052224
1519861468346335232
1519861470971932672
1519861471232024576
1519861483236114433
1519861488462311427
1519861492442701824
1519861493931679744
1519861501179400192
1519861503091957760
1519861503809175552
1519861504723480576
1519861514789867521
1519861515641315329
1519861516329267201
1519861516538990597
1519861520267632643
1519861527943200768
1519861538718420992
1519861543961309187
1519861550751924229
1519861553864282112
1519861559929024519
1519861562172862464
1519861564374978560
1519861565079621632
1519861567369748480
1519861569118785538
1519861574458134538
1519861578039922688
1519861580468527112
1519861583354150914
1519861586428583937
1519861592388943872
1519861593294745602
1519861599422627842
1519861600303427584
1519861601632866304
1519861607194636288
1519861607542710273
1519861615105130496
1519861615230861317
1519861615935504384
1519861617143562241
1519861620486381568
1519861628551979011
1519861629751595011
1519861632695951364
1519861635191615489
1519861637536169986
1519861639088160769
1519861640442822657
1519861641256779776
1519861653675851776
1519861658386153475
1519861663293263872
1519861664258043904
1519861667424788480
1519861677113712641
1519861682037981185
1519861687326760962
1519861690078470146
1519861693433663491
1519861694348075008
1519861700077359105
1519861700429860864
1519861702476578816
1519861704443670528
1519861706666782720
1519861712832253952
1519861716204539904
1519861725062995970
1519861731035697152
1519861732159590400
1519861732197470208
1519861734835687426
1519861742939131910
1519861745673715713
1519861749033619456
1519861749519994882
1519861754691743744
1519861755505254400
1519861770688634882
1519861772953526272
1519861773716832256
1519861774291505159
1519861777093304328
1519861786941534208
1519861787193192448
1519861790360096768
1519861794638114816
1519861795401441280
1519861800451325953
1519861805274865666
1519861806143057921
1519861811373395970
1519861813663477767
1519861822291320832
1519861825587847169
1519861830637740032
1519861831858376705
1519861833506693120
1519861833645109249
1519861836539215873
1519861846647394311
1519861849109499905
1519861855669583872
1519861857020002304
1519861861960851456
1519861863479185409
1519861868659150848
1519861880864526336
1519861887688658945
1519861889941090305
1519861890079502337
1519861891069321224
1519861891400622081
1519861892059209735
1519861896316342272
1519861899218894848
1519861903224451072
1519861906546245632
1519861913106227202
1519861914859458560
1519861914842673153
1519861917040492546
1519861917455728640
1519861920601411584
1519861926246891523
1519861933477974016
1519861934132236289
1519861940352393216
1519861941145112576
1519861950519328768
1519861954050936834
1519861954524987392
1519861954491428865
1519861958023036928
1519861973361381376
1519861975135789056
1519861977539096580
1519861978927439872
1519861979288154112
1519861987446042626
1519861991023824896
1519861994396041216
1519861997021679621
1519861996958543872
1519861999127207946
1519862002117595136
1519862003044696064
1519862003657224194
1519862005452230656
1519862009327673344
1519862010116067328
1519862013841018880
1519862015237439489
1519862018064494592
1519862020383858688
1519862023240175616
1519862026813640704
1519862027618963456
1519862028906733569
1519862032794734598
1519862032480227329
1519862033625358336
1519862035001053184
1519862061710336002
1519862061769150465
1519862062964379648
1519862066751979520
1519862067167211520
1519862067490336771
1519862070728138752
1519862072808456199
1519862074955943936
1519862077397123072
1519862079641030658
1519862094279098368
1519862094816063488
1519862096527347715
1519862096929775616
1519862099371040768
1519862103808495616
1519862106111238146
1519862112356651010
1519862118497013766
1519862125778419712
1519862130501160960
1519862131562360833
1519862136113147905
1519862136662638593
1519862137090449408
1519862137715318784
1519862139409813505
1519862139451703297
1519862143331409926
1519862147421020160
1519862150575099905
1519862158556897281
1519862160960204803
1519862162033942529
1519862172368748544
1519862177011802113
1519862177926103041
1519862188374061056
1519862194200002562
1519862197362507778
1519862198067433473
1519862198226534402
1519862201259020296
1519862206132854786
1519862216937385986
1519862217700626433
1519862226001268736
1519862226211020802
1519862230182944768
1519862230988337152
1519862236889632768
1519862239947276290
1519862242212294658
1519862242447081472
1519862256581894144
1519862262705573888
1519862262902706176
1519862269412364291
1519862272029609985
1519862274143531011
1519862278560047109
1519862282813120512
1519862289020686349
1519862296536879105
1519862297929396229
1519862301003763712
1519862306204794880
1519862306989039624
1519862307689541639
1519862308100624390
1519862308729765888
1519862317441331200
1519862322625449993
1519862322583699456
1519862323082575872
1519862323338518528
1519862323678269440
1519862331727097856
1519862332695973889
1519862340308586496
1519862343349374977
1519862353747136512
1519862356192673792
1519862358994259970
1519862362836283392
1519862363092131842
1519862365495386113
1519862365776396290
1519862374630674433
1519862376509681665
1519862377801564160
1519862380078981123
1519862381907750912
1519862383728111616
1519862388484460544
1519862390300553221
1519862406012358656
1519862413515968512
1519862413662765059
1519862415252496386
1519862415906811905
1519862421493624832
1519862423225782274
1519862427260653568
1519862427839565824
1519862434013626368
1519862434248413184
1519862440875409409
1519862443895402497
1519862445585711104
1519862451017240576
1519862453684908035
1519862453672230914
1519862462543282177
1519862462849425410
1519862470738956293
1519862471518998528
1519862473884672012
1519862483770834944
1519862483992907776
1519862487843151872
1519862489223114752
1519862499549585410
1519862499608346624
1519862504427450370
1519862504205205505
1519862505547440129
1519862507153801216
1519862507556700160
1519862512065331203
1519862517849280512
1519862519292207104
1519862519501930496
1519862524010807298
1519862525306847233
1519862527517200388
1519862527454232582
1519862527383195649
1519862527970095105
1519862529052319745
1519862533015937024
1519862533678641152
1519862537063485441
1519862538242035716
1519862539730907136
1519862540276322304
1519862545724710912
1519862548861964290
1519862548975304705
1519862550761918465
1519862551311433728
1519862551626063872
1519862557137383429
1519862559263887362
1519862568172597248
1519862569082626048
1519862570055786496
1519862571750277120
1519862576238280704
1519862578201169921
1519862582781349888
1519862583183826944
1519862583301480449
1519862604285739009
1519862605195718657
1519862606290427907
1519862612053352450
1519862615413084162
1519862623721959424
1519862629023596554
1519862631762436097
1519862631716335618
1519862635893776387
1519862636158291968
1519862638779502593
1519862641438896128
1519862643825205250
1519862648829059072
1519862650498396161
1519862653296025601
1519862655841841153
1519862661504245761
1519862663500738561
1519862672799551489
1519862676028985344
1519862676121427969
1519862683067203584
1519862684153356288
1519862685713772545
1519862686078496769
1519862686250590211
1519862696660934657
1519862698992877570
1519862699160649729
1519862699789889536
1519862703191650304
1519862708090376192
1519862713882656768
1519862724683051010
1519862728789315584
1519862738935328770
1519862745398710272
1519862746984157186
1519862749173587968
1519862755494400000
1519862757235040257
1519862759118278657
1519862759856525312
1519862762461147138
1519862764243943424
1519862764835061761
1519862767418855424
1519862768911978496
1519862770237378560
1519862770954653697
1519862772578009089
1519862772955332609
1519862783277518849
1519862783554195456
1519862786439979013
1519862787136229377
1519862788629442560
1519862791091343361
1519862792173625344
1519862796355264514
1519862798834098177
1519862801937879040
1519862811786100736
1519862811970707462
1519862815649058816
1519862817033113600
1519862821760094208
1519862823467331588
1519862824897556481
1519862826071994368
1519862828882145283
1519862835219640320
1519862835869802498
1519862838340243456
1519862840617746432
1519862843889356805
1519862845395161088
1519862852449935360
1519862859521527809
1519862861694132224
1519862864395317248
1519862868069470211
1519862868266692611
1519862875996794881
1519862880685993988
1519862882598596609
1519862888760061953
1519862892769599489
1519862893856137221
1519862894598541312
1519862894732709889
1519862898151067649
1519862898645999617
1519862905734270976
1519862910704623619
1519862913699352577
1519862918199885826
1519862922347827200
1519862922520010753
1519862924747157510
1519862925359742976
1519862934310072320
1519862937804021761
1519862937682386944
1519862938785439748
1519862939666243586
1519862940291194881
1519862951364206594
1519862953830502406
1519862954614829058
1519862977134047233
1519862978509946880
1519862980258717696
1519862986227208193
1519862987674296320
1519862989209415680
1519862993017786369
1519862995488235525
1519862998462083075
1519863006338949125
1519863007794266114
1519863009690230786
1519863014781902848
1519863020247150592
1519863022851960836
1519863023313248257
1519863031450284034
1519863033857810436
1519863035401150464
1519863035807944704
1519863038249029632
1519863044368650243
1519863044742041602
1519863056712572938
1519863059828854790
1519863061737312256
1519863064220348417
1519863068531912706
1519863070310416385
1519863070524420097
1519863073871253505
1519863074118844419
1519863075377233923
1519863083140886529
1519863087171616768
1519863089604091904
1519863089692299266
1519863092699664384
1519863092859002880
1519863095547633664
1519863096034140161
1519863098030673925
1519863112496824323
1519863113335681024
1519863113482395648
1519863118557589513
1519863121950609409
1519863122030333952
1519863124819857408
1519863128254787584
1519863129634746371
1519863130876104704
1519863135125057536
1519863136207126529
1519863137742340096
1519863138744733699
1519863142041411584
1519863148634849280
1519863148890701824
1519863149658263555
1519863150253903872
1519863154465189888
1519863157027713024
1519863157598081024
1519863161402413063
1519863167140073473
1519863192415088642
1519863196353445891
1519863224073601024
1519863228553383936
1519863231191334912
1519863234286833669
1519863234521673733
1519863234894905345
1519863238783086594
1519863240305614849
1519863242830532612
1519863245754011649
1519863247318536194
1519863247989526528
1519863255103070208
1519863255539367936
1519863258974404609
1519863264854921217
1519863265609797633
1519863267442950144
1519863272513671171
1519863272845029376
1519863276355600384
1519863277580337152
1519863277555171329
1519863276510666753
1519863280315084800
1519863283083264001
1519863289055956992
1519863290071027714
1519863294940618753
1519863298166071296
1519863306856583170
1519863319477334016
1519863319745777666
1519863321041776641
1519863322568495109
1519863324862787584
1519863325374713856
1519863326343581696
1519863340029423616
1519863341367406600
1519863343896530944
1519863344123060225
1519863345616203777
1519863347000315906
1519863350104141830
1519863360048832520
1519863365266550785
1519863368538013696
1519863369263730693
1519863372665090048
1519863376616304643
1519863377065091072
1519863377245478913
1519863385701158915
1519863390017105927
1519863390713303040
1519863399794065408
1519863400750358528
1519863401589190659
1519863402956472320
1519863404093227008
1519863405775097858
1519863413165412352
1519863416797773825
1519863418681012225
1519863422371966977
1519863422749331456
1519863430731251712
1519863435776774144
1519863437165166597
1519863440038371328
1519863443129516032
1519863444413067264
1519863446476451840
1519863446560514048
1519863448686968833
1519863448871608323
1519863452335890432
1519863457000079360
1519863460158447616
1519863472946925575
1519863474825871361
1519863476914634752
1519863484296708097
1519863486255411200
1519863487522123784
1519863487782129666
1519863489678000128
1519863492945272833
1519863496464285697
1519863497743609857
1519863502281748481
1519863503535837184
1519863513706946561
1519863515506429956
1519863527330172929
1519863529574125575
1519863532363386880
1519863533479112704
1519863537195175936
1519863540122796033
1519863542429716482
1519863546410147840
1519863548498784256
1519863549228638210
1519863553724932098
1519863557256532132
1519863560452534274
1519863561153314817
1519863564017803267
1519863565095772161
1519863567700398081
1519863569810079744
1519863570653237250
1519863571391422464
1519863571814830080
1519863579041841158
1519863580962734081
1519863586746773504
1519863588189523968
1519863591486304259
1519863603381387266
1519863603515596801
1519863604320915459
1519863620452106243
1519863621232349192
1519863627951616005
1519863637191663618
1519863638793891842
1519863643717836800
1519863655365595137
1519863657622130688
1519863663493935106
1519863667084386304
1519863668720164864
1519863671341686784
1519863676555169792
1519863679059177472
1519863684578877440
1519863686206218246
1519863686768300032
1519863688475381762
1519863689779761154
1519863703272886279
1519863720419237888
1519863720976990209
1519863722730303488
1519863723183255553
1519863724244406275
1519863724370239489
1519863733861949442
1519863736357507072
1519863736818929664
1519863740371460096
1519863748810391552
1519863749217337352
1519863759602429953
1519863763066830849
1519863764883210241
1519863766002765824
1519863769555673088
1519863769912025094
1519863775951822848
1519863781102338049
1519863781643505664
1519863785737146368
1519863790120099840
1519863807056699393
1519863807941750785
1519863809631997958
1519863812916060160
1519863815562792960
1519863819417358336
1519863821560696835
1519863827923279873
1519863837037670401
1519863838165848064
1519863838539239426
1519863840468619264
1519863842351812609
1519863842079182850
1519863842565726208
1519863842473496576
1519863843853373441
1519863850199355393
1519863858109710339
1519863861154922498
1519863864053182464
1519863865420484610
1519863869857959937
1519863873397870592
1519863874056605700
1519863879605665793
1519863886543007744
1519863885490049024
1519863891295100929
1519863892561780736
1519863893086113793
1519863894923264000
1519863895552184320
1519863895883665408
1519863896873525249
1519863899788656641
1519863900849807362
1519863901181157383
1519863901416001536
1519863903559340033
1519863909284564993
1519863915836067848
1519863920114032640
1519863941538762752
1519863941857517568
1519863941987508225
1519863946160791552
1519863946307674114
1519863948186722305
1519863950246133760
1519863950665523200
1519863955430195200
1519863956294160385
1519863960568274944
1519863964838072320
1519863964842221570
1519863964972290052
1519863970483556352
1519863975688622081
1519863976397615104
1519863977563590656
1519863980776464386
1519863981279793152
1519863986514182144
1519863988493955072
1519863988787503105
1519863996341444611
1519863997864062978
1519863999411757056
1519863999906648065
1519864006160392195
1519864011331883013
1519864016239316993
1519864023617093632
1519864024237850624
1519864026402066435
1519864026838097920
1519864037760192512
1519864043309133824
1519864044823400448
1519864046446653443
1519864048774434822
1519864050460540928
1519864053698547713
1519864057808961542
1519864058899488769
1519864064888950785
1519864069183918082
1519864071692111878
1519864073005015040
1519864073160171521
1519864075110469633
1519864083096420352
1519864087018147842
1519864091015364610
1519864091451568128
1519864098917613569
1519864100196548608
1519864101635301376
1519864103636017156
1519864106794328067
1519864113802981376
1519864115883352064
1519864116940259330
1519864120832630785
1519864121319211009
1519864122770403330
1519864123177197568
1519864134887780353
1519864135303016450
1519864136364085248
1519864137010065408
1519864141904818176
1519864145478303744
1519864152008896515
1519864153883639808
1519864156907843584
1519864156857458691
1519864157629263875
1519864159055355910
1519864159407644672
1519864164293902337
1519864169276784642
1519864170795220992
1519864180089651201
1519864180668612609
1519864183856242691
1519864184288288768
1519864186737762304
1519864190403551233
1519864191657680896
1519864193343709184
1519864196510502912
1519864199928815616
1519864203498356737
1519864205213638670
1519864205486301185
1519864212629057539
1519864213916852224
1519864218115362817
1519864218782162944
1519864219465887744
1519864221592395776
1519864222309572608
1519864224490659841
1519864229536350208
1519864245676032000
1519864247676809216
1519864249333559298
1519864258535772163
1519864258737192963
1519864259638870018
1519864263506108418
1519864265859076097
1519864266521731074
1519864268170088449
1519864269793333249
1519864272511250438
1519864274558099456
1519864275925405699
1519864278945259520
1519864278886633472
1519864279389769729
1519864284133613569
1519864287707160579
1519864294678089729
1519864295764414465
1519864299056996352
1519864304476041217
1519864307084939265
1519864316375318529
1519864332443598851
1519864333383376896
1519864333534056453
1519864337229352962
1519864339938918401
1519864340140240897
1519864345408294912
1519864345655664641
1519864355965349888
1519864360969060352
1519864370477645824
1519864378962681858
1519864380019589121
1519864390966726663
1519864393768521729
1519864397207851008
1519864398294179841
1519864402471706624
1519864418418532358
1519864419689410565
1519864432708382721
1519864433153126402
1519864435443224577
1519864438408593408
1519864438777593857
1519864442917470211
1519864447644409857
1519864448441270274
1519864459862458369
1519864460244099074
1519864461699555338
1519864463125590016
1519864463851143169
1519864466250289152
1519864476530528256
1519864477239418882
1519864486433366016
1519864487297355779
1519864488278859776
1519864490937839616
1519864493471375360
1519864494431903745
1519864498210975745
1519864499339247617
1519864500970795009
1519864500916301824
1519864502573051905
1519864502912794631
1519864503856414720
1519864505446064134
1519864505970438144
1519864506847043584
1519864508768006145
1519864511066476544
1519864513029414931
1519864515466346498
1519864524286750720
1519864526115643394
1519864528439238656
1519864529412366337
1519864531803160581
1519864532688162816
1519864540258779136
1519864543861686273
1519864544159584256
1519864546210598912
1519864546575499264
1519864546466230276
1519864556805402631
1519864561029029888
1519864561918226432
1519864573536485377
1519864583548129280
1519864583615352833
1519864583997071362
1519864587683721216
1519864588795363329
1519864590531809282
1519864592431734789
1519864599708897280
1519864599574716422
1519864600241528833
1519864605111164928
1519864609267724288
1519864612593840135
1519864614607106048
1519864615655591937
1519864616687480832
1519864619388575744
1519864625604575233
1519864627164815362
1519864633229778958
1519864638153887744
1519864640301379584
1519864643736399873
1519864651521044481
1519864655388286976
1519864656545947650
1519864661042077696
1519864673683730438
1519864673981452289
1519864682219249664
1519864688955334658
1519864711860285440
1519864714192465922
1519864715706605568
1519864716163756034
1519864717627510784
1519864718390931463
1519864731082932225
1519864735067426816
1519864743107903489
1519864743619661824
1519864743930040320
1519864747197444096
1519864747973296130
1519864754684243968
1519864756072591360
1519864757070798851
1519864762418442246
1519864763043438592
1519864765367169025
1519864766528905219
1519864767585951747
1519864768361762816
1519864773411753996
1519864775139803139
1519864775450181633
1519864780835667975
1519864784623181824
1519864786724524039
1519864790042222592
1519864791036313600
1519864798787289088
1519864802729988096
1519864803476582401
1519864805577965571
1519864807163322377
1519864808291643395
1519864818525560832
1519864827581063168
1519864831075094528
1519864833109368834
1519864833251938304
1519864836653563904
1519864838553546759
1519864838964580352
1519864846170435590
1519864849320353793
1519864852201848832
1519864852763787264
1519864858577190914
1519864863325052928
1519864881721352192
1519864883797504000
1519864884640591874
1519864894551601158
1519864895508037637
1519864902499782659
1519864914940149760
1519864917037264896
1519864919910273024
1519864922116698113
1519864923693670400
1519864926298279936
1519864928332488704
1519864934561198082
1519864940911153152
1519864942161276929
1519864942018678785
1519864942920454144
1519864947043442688
1519864948272283649
1519864956082077698
1519864962071605248
1519864966043602944
1519864978077061120
1519864983521271808
1519864984842510337
1519864987593936896
1519864989284061184
1519864992618905600
1519864997576388610
1519864997651927042
1519865001531555842
1519865003809071104
1519865007936262147
1519865008087355392
1519865016295510016
1519865017402810371
1519865017713053696
1519865031722160130
1519865032787599360
1519865036713304064
1519865037493526534
1519865042006642688
1519865044900757504
1519865045336956928
1519865046007918593
1519865056263090176
1519865065142431745
1519865068388700160
1519865068980211712
1519865072524353538
1519865078174076935
1519865078484451328
1519865081483431937
1519865082104229889
1519865082691391489
1519865086206255105
1519865094645104640
1519865099741241347
1519865100735291392
1519865102022942727
1519865105290346499
1519865105537585152
1519865110428278785
1519865117286014979
1519865119152427009
1519865121199296512
1519865124726747136
1519865124869349376
1519865135250264064
1519865139327082496
1519865151717093376
1519865155944951809
1519865156423016448
1519865157136048131
1519865159161896961
1519865159241519104
1519865164203544576
1519865166476849153
1519865169349853186
1519865169530306561
1519865170117509120
1519865174269726721
1519865176761188353
1519865178149380096
1519865182079569923
1519865181970567169
1519865185300852738
1519865186810834944
1519865188127809536
1519865189885165570
1519865194607960064
1519865194733654017
1519865198760366080
1519865206574358532
1519865207275032576
1519865209015447554
1519865211196522496
1519865212492517376
1519865214887419911
1519865215290019841
1519865224895115264
1519865231564017670
1519865231652143105
1519865234772705286
1519865245208092674
1519865246223159300
1519865252157960192
1519865262157217794
1519865263994322946
1519865264837386241
1519865272869715969
1519865273016328192
1519865286131916800
1519865294616887296
1519865298878357505
1519865299318751234
1519865304431669248
1519865307397074950
1519865307254476801
1519865310869958658
1519865311679422464
1519865318247596032
1519865323444269057
1519865327596748800
1519865328783831042
1519865337369579520
1519865342717313026
1519865345330532352
1519865345665900545
1519865346198495232
1519865348849213447
1519865351348965381
1519865361117687809
1519865365139972104
1519865371154694149
1519865373364867072
1519865377974628352
1519865381774675970
1519865384324763649
1519865389936783362
1519865390104707072
1519865394189713410
1519865394835726336
1519865400779055107
1519865402075062273
1519865412976091136
1519865412992782336
1519865412808228864
1519865414418939907
1519865417770188806
1519865434123780097
1519865436376125442
1519865439119196161
1519865447784529922
1519865452528349184
1519865454226984960
1519865454700937217
1519865455976005638
1519865456466661376
1519865457016197126
1519865458983325698
1519865462884298753
1519865463601127425
1519865464180068352
1519865470861643776
1519865473701134337
1519865474305052677
1519865477996064768
1519865480126910464
1519865494211379202
1519865500687347718
1519865513131659264
1519865513081417728
1519865518555025410
1519865521734397952
1519865522518695937
1519865523282001920
1519865536934727680
1519865538339815424
1519865541153988610
1519865544807432192
1519865547151884289
1519865555888582661
1519865563010539520
1519865568454660102
1519865568844730369
1519865569352335362
1519865581918461952
1519865591124959235
1519865592928518145
1519865596984373253
1519865602051125251
1519865603082756097
1519865605838491649
1519865608174723072
1519865609269489664
1519865611945484290
1519865615934234627
1519865617863659520
1519865623635009536
1519865629813227522
1519865635496505345
1519865636423405571
1519865637086003200
1519865638382190593
1519865639040696322
1519865641343361026
1519865644614922240
1519865646602928134
1519865647647371265
1519865648343654400
1519865650445008896
1519865654454722560
1519865654605668352
1519865657420128262
1519865662277042177
1519865665045164032
1519865665787764737
1519865665871654912
1519865669373755392
1519865672108544000
1519865675430440960
1519865677330407425
1519865679465361408
1519865681726124032
1519865681851953154
1519865681994469381
1519865685844938752
1519865686813773824
1519865689779146754
1519865693394644994
1519865699098894336
1519865705373618176
1519865706816458754
1519865712717844485
1519865713552461831
1519865723279056896
1519865723543339008
1519865724205993984
1519865727901368320
1519865731541831683
1519865732162588674
1519865737392840706
1519865738248568838
1519865739959848963
1519865741973073920
1519865741708869634
1519865750214746113
1519865752714715136
1519865756040986625
1519865761103187968
1519865776399953925
1519865776416698371
1519865780036382721
1519865780741062660
1519865780833189888
1519865783630848001
1519865784507547648
1519865787334414336
1519865791092514818
1519865792694996992
1519865795014279168
1519865796247310341
1519865806246580232
1519865811548065792
1519865812479361026
1519865813259456515
1519865820372869122
1519865820888768513
1519865827515936768
1519865842632380416
1519865844540583936
1519865844787990528
1519865853243711488
1519865853784862721
1519865860093001729
1519865865130418187
1519865869135978496
1519865877335846912
1519865877390319619
1519865887460937731
1519865901499174913
1519865902451544064
1519865910315659264
1519865911410315264
1519865912312086528
1519865911720779782
1519865916812578820
1519865916875440130
1519865921657049091
1519865925100441601
1519865931727392768
1519865934873309184
1519865935766736899
1519865942418890752
1519865943652016133
1519865945417826305
1519865950580916225
1519865955710640129
1519865960215326724
1519865962572488704
1519865971321749505
1519865971665960960
1519865971665735681
1519865972680704002
1519865974828249088
1519865976136912896
1519865976174616581
1519865995283808257
1519865997666275328
1519865998739914753
1519866000715386880
1519866003974463489
1519866008470790145
1519866011029327872
1519866011188572160
1519866014301028352
1519866015416565762
1519866019342217217
1519866020734853120
1519866022286835715
1519866023264018435
1519866023557619712
1519866024769769476
1519866025537413122
1519866026049036289
1519866031530909698
1519866034080993280
1519866034970415105
1519866035305947136
1519866039579860992
1519866046336929793
1519866050048933888
1519866050841649158
1519866051156221952
1519866053450506249
1519866054658437122
1519866056877113346
1519866063835574274
1519866064653459456
1519866068226949123
1519866079023095809
1519866082990907392
1519866084416966658
1519866083943010306
1519866087730470918
1519866090746269696
1519866106894184448
1519866115748503552
1519866118084603907
1519866127282802689
1519866133196640257
1519866137508524037
1519866138770952193
1519866141551771649
1519866143665758208
1519866144156491776
1519866152557686787
1519866152763072513
1519866161114005504
1519866171872403457
1519866175416635392
1519866175538278400
1519866177014669314
1519866179686391809
1519866189291593728
1519866192936194049
1519866194186182656
1519866195641618450
1519866195238739968
1519866197189267456
1519866198502285312
1519866200104263683
1519866201660342274
1519866203161903105
1519866205628252161
1519866211504619522
1519866211516829697
1519866217879773187
1519866221260423171
1519866225286733824
1519866226440343552
1519866227275046912
1519866227950239747
1519866228340371457
1519866231892885505
1519866254999400454
1519866260535668736
1519866260774961152
1519866261718642688
1519866262188351488
1519866269930954752
1519866271680114688
1519866280580456451
1519866288859922433
1519866290147627010
1519866291166797825
1519866294782283777
1519866299182202880
1519866300012630016
1519866300209762304
1519866303447711748
1519866313828671488
1519866316496195584
1519866317184061443
1519866322691239936
1519866323202883585
1519866328290582528
1519866330333298690
1519866331075600386
1519866340261117953
1519866345298530306
1519866349471866880
1519866355104862209
1519866355343790085
1519866360721022977
1519866366874238976
1519866367494832128
1519866368790650880
1519866373492678656
1519866377640845312
1519866389418237952
1519866398486368256
1519866404165595136
1519866405126291462
1519866407953092609
1519866410280828931
1519866410519904256
1519866410620624896
1519866413833404418
1519866415054008320
1519866415515377666
1519866422943313920
1519866425137143808
1519866435266387969
1519866441905938432
1519866442463817735
1519866450084782082
1519866451657646081
1519866452362203136
1519866454916706304
1519866458213392386
1519866460394246144
1519866461220712449
1519866462458064896
1519866462994722821
1519866464211251200
1519866472553668610
1519866472847314944
1519866473614774274
1519866480099475457
1519866489767092225
1519866492677984261
1519866495311876096
1519866496993968129
1519866499443347456
1519866500668182530
1519866505541914630
1519866509908135939
1519866528287571968
1519866529873076225
1519866531324338177
1519866538781777920
1519866541671686144
1519866548474855425
1519866556091617282
1519866556150435840
1519866560579579906
1519866560978067456
1519866561170968577
1519866564199297028
1519866567395266560
1519866569035108354
1519866570935357440
1519866571442819072
1519866574244655107
1519866575599423488
1519866580246667269
1519866585875419137
1519866594482139136
1519866594628931585
1519866596470185984
1519866597099417600
1519866597573373952
1519866603688513536
1519866604317814784
1519866604045185025
1519866604682719240
1519866605035212801
1519866605441716224
1519866605521485831
1519866607924912128
1519866614170193922
1519866614878978051
1519866615147417600
1519866615998951424
1519866629051633664
1519866635540082688
1519866635850555392
1519866640527200257
1519866643131813889
1519866643232419841
1519866645010915329
1519866645686235136
1519866645983989760
1519866649662287872
1519866649691791361
1519866650568314882
1519866651247714304
1519866652862476292
1519866655291187200
1519866655295295497
1519866656532709379
1519866657715494915
1519866657719607298
1519866658109763586
1519866674371080192
1519866674966577153
1519866679811092481
1519866684768722948
1519866688702926848
1519866693870358529
1519866694621048832
1519866696391180288
1519866697833930753
1519866699180392451
1519866701009108997
1519866702187487232
1519866710525812736
1519866712123854848
1519866713227026438
1519866722454491138
1519866724476203013
1519866724853628928
1519866730365034496
1519866735867879424
1519866737310720000
1519866742826168320
1519866745389043714
1519866745472708609
1519866749797216260
1519866750581444609
1519866751336730624
1519866751298723840
1519866753752260608
1519866754301894656
1519866760006098945
1519866760064819203
1519866761960636417
1519866769942360064
1519866777294950400
1519866779106828288
1519866780600406018
1519866781405351936
1519866787411611648
1519866797746438145
1519866806659424259
1519866808962060289
1519866810979561475
1519866811088580608
1519866817845604353
1519866818596327424
1519866821624705026
1519866822043987974
1519866823507955712
1519866826720690177
1519866833855262722
1519866834727669760
1519866838930309120
1519866839068811273
1519866839354200065
1519866847461584896
1519866851966267395
1519866852020604928
1519866856953290759
1519866857653690369
1519866858102345728
1519866861751607302
1519866861755592704
1519866862351364096
1519866863135510530
1519866865580920833
1519866866533023745
1519866867602673665
1519866867845931008
1519866868424749056
1519866869557395456
1519866872254115841
1519866873898278912
1519866878415589382
1519866888871985153
1519866891535216640
1519866891635994624
1519866894077018114
1519866894332874754
1519866894563618816
1519866895574437894
1519866895880572934
1519866897319317504
1519866903883300871
1519866907490459656
1519866908568293377
1519866916222943232
1519866918290743298
1519866925945339907
1519866926188711936
1519866927736188928
1519866933516115968
1519866934870913026
1519866942999441411
1519866943720902658
1519866946967072773
1519866948791586817
1519866950406619136
1519866969633472513
1519866970077904898
1519866970753179648
1519866974326644736
1519866985529626624
1519866987958005760
1519866994434220033
1519866995805720577
1519867001572896770
1519867007864299520
1519867010926227457
1519867016383021060
1519867018253676545
1519867024167608320
1519867027581775872
1519867029276307460
1519867030970810368
1519867036075241474
1519867039204139008
1519867048809091075
1519867055482228742
1519867061341667334
1519867063141081088
1519867067054272512
1519867067628937221
1519867067993833472
1519867070770552833
1519867073266176000
1519867075094798338
1519867075744968704
1519867083378630656
1519867092102746112
1519867096502525952
1519867110960336896
1519867115657850881
1519867117742530560
1519867120011689984
1519867120577916929
1519867124197507075
1519867139129290752
1519867146096021504
1519867146108649472
1519867148599975941
1519867152676831233
1519867153943388160
1519867157890449410
1519867158121095168
1519867160289591296
1519867160721469443
1519867162214739968
1519867162390933506
1519867166627184641
1519867167453462530
1519867171588947970
1519867173446901760
1519867175892398080
1519867178606280705
1519867184574615552
1519867190505353218
1519867207878127618
1519867211799740417
1519867213544669184
1519867224105881600
1519867226026766336
1519867229386461184
1519867230724534274
1519867231626092544
1519867232611803138
1519867237645144064
1519867238068613122
1519867238660067329
1519867245404508164
1519867254376128513
1519867254510346242
1519867255118458880
1519867264283070464
1519867266640187392
1519867270289367043
1519867271333744640
1519867276492779526
1519867277130313728
1519867277956558848
1519867290858237952
1519867300282777605
1519867300723183619
1519867301494984704
1519867301570523137
1519867302099005441
1519867303306960896
1519867304380616706
1519867306830139392
1519867307983519744
1519867310655352833
1519867313062825984
1519867317517053952
1519867324915929088
1519867326904119299
1519867334554497025
1519867335271600128
1519867336882278402
1519867339637878784
1519867340338438145
1519867346046918658
1519867350509568001
1519867353340776449
1519867354414567426
1519867355547201537
1519867366162665472
1519867366926135298
1519867368381599750
1519867368763240448
1519867377114128386
1519867377541861377
1519867380570152960
1519867386891018241
1519867390989062144
1519867391374733320
1519867393983528960
1519867394377883648
1519867396726702080
1519867397414572033
1519867404456796160
1519867406558105600
1519867410215440385
1519867412811816961
1519867413067673600
1519867413461831680
1519867414091026432
1519867416242761728
1519867418616729602
1519867429328879617
1519867429958164481
1519867434311761921
1519867434450448384
1519867437381996545
1519867437667303428
1519867440301150209
1519867442855563264
1519867444013187073
1519867447431634944
1519867450027876352
1519867453471346688
1519867454507274241
1519867456789127176
1519867460459147266
1519867467782311937
1519867468818300929
1519867474568753154
1519867475994755072
1519867478687588353
1519867482827149313
1519867496559427585
1519867496769196036
1519867497247346689
1519867499935895555
1519867500049182720
1519867500556660737
1519867504478371840
1519867505514274818
1519867517484863489
1519867517661061122
1519867520966086659
1519867524548071433
1519867529165950977
1519867533612011521
1519867534308171777
1519867536212480000
1519867548287881216
1519867549726478337
1519867556995158017
1519867557074845696
1519867558358396929
1519867558559690755
1519867559180439555
1519867563022462979
1519867564620361728
1519867566264492032
1519867569892732933
1519867572715413505
1519867576804851713
1519867580399374336
1519867590725799936
1519867594404151297
1519867596644007936
1519867600611602432
1519867601488334850
1519867603736571906
1519867604181082114
1519867610472620032
1519867618311737344
1519867621805633536
1519867627363090433
1519867629934100481
1519867631167324161
1519867632048291840
1519867631888736257
1519867641149771777
1519867643209019393
1519867643565649921
1519867650041651200
1519867656588959745
1519867659881304065
1519867663874510848
1519867666357530625
1519867667242438656
1519867672422404096
1519867674569936896
1519867674460921858
1519867674796470278
1519867677279494144
1519867677468205058
1519867677560524800
1519867678147633152
1519867678952869888
1519867681171820547
1519867685500243968
1519867685856755715
1519867694715219970
1519867698477379584
1519867707365097472
1519867711479758848
1519867711974948864
1519867717620092933
1519867718962274304
1519867722422706176
1519867730505175041
1519867733705478145
1519867735022444545
1519867741586472960
1519867742630944774
1519867743167725570
1519867746758004738
1519867749694164992
1519867751996743682
1519867752349159430
1519867759626276864
1519867770653102080
1519867773144694784
1519867773538783233
1519867776512446470
1519867778492207112
1519867779410808833
1519867782552334336
1519867789279903750
1519867789867106304
1519867791691689984
1519867796515139585
1519867800507928576
1519867800935964673
1519867809085333504
1519867809240657920
1519867809920020480
1519867816622624769
1519867817255968768
1519867820238065667
1519867824977629186
1519867828316348418
1519867830455439361
1519867831562772480
1519867835769667584
1519867843004801024
1519867843126435846
1519867847756951554
1519867848994492417
1519867852500742149
1519867852760756224
1519867853385650177
1519867854442713088
1519867854576701441
1519867856632098817
1519867860511649793
1519867861249892352
1519867862214660097
1519867868195794945
1519867871500906496
1519867872306155520
1519867877393903620
1519867880019566594
1519867886575263744
1519867891046309888
1519867902123548672
1519867907370635266
1519867909224513545
1519867913104146433
1519867936542015495
1519867937745772544
1519867948936093700
1519867955256958976
1519867959057039360
1519867960248131593
1519867978782842880
1519867985648832512
1519867999758561280
1519868000303734784
1519868006335234050
1519868012685373440
1519868013394251778
1519868014589583361
1519868016783155200
1519868022038671360
1519868022734864389
1519868023833866244
1519868033832996866
1519868036383186944
1519868049666543617
1519868051310583808
1519868053407813634
1519868054183718912
1519868062832467968
1519868069920722944
1519868091244679170
1519868093312520194
1519868096084852736
1519868100497264642
1519868116142014465
1519868117106655233
1519868117689806851
1519868121707855873
1519868123310178305
1519868123595354112
1519868126489415685
1519868127655440384
1519868131493175298
1519868131786768384
1519868131875123201
1519868132185505792
1519868135196835840
1519868137231077377
1519868143740407809
1519868153198780419
1519868159871766529
1519868163122417665
1519868173603987456
1519868174199664642
1519868179836772352
1519868183204986880
1519868187675832320
1519868187843702789
1519868188653236224
1519868198774001669
1519868200724348928
1519868201127096321
1519868209083600900
1519868211503808518
1519868212334190592
1519868216239169537
1519868218000633856
1519868218143383553
1519868220122959872
1519868222073454593
1519868223419826176
1519868235478405122
1519868237575565314
1519868238036881409
1519868239223967746
1519868246379405312
1519868246614319104
1519868246694014976
1519868254570704897
1519868255304884227
1519868256265383936
1519868257641054208
1519868258580578304
1519868261634035713
1519868262917492737
1519868266000310278
1519868276771201024
1519868283671003139
1519868286229491718
1519868288892817409
1519868293930049536
1519868301761028096
1519868304571129858
1519868306341122050
1519868310355128321
1519868313257615360
1519868315207938051
1519868315845500928
1519868323013758976
1519868328919150593
1519868332362670080
1519868333314781184
1519868336456224768
1519868337186091011
1519868346933547008
1519868350175887360
1519868351589367815
1519868351736123392
1519868357369077762
1519868358656765955
1519868359793426432
1519868371474563073
1519868375173844996
1519868380249001984
1519868382417502209
1519868383541530624
1519868387496808450
1519868399341518850
1519868400104730624
1519868401384046593
1519868402352857089
1519868406253690880
1519868406752849927
1519868414013095942
1519868414885609473
1519868415325859840
1519868415476965376
1519868424670924800
1519868430270476289
1519868430769348608
1519868433634054145
1519868437081862147
1519868440919519233
1519868444811923457
1519868446330261506
1519868446703505409
1519868454614056961
1519868456404930560
1519868460611911681
1519868469839290368
1519868474079780864
1519868477036711936
1519868488873127937
1519868497899114497
1519868502362013698
1519868503007899649
1519868503926448129
1519868504777838592
1519868512906276864
1519868513627918336
1519868518010916867
1519868522964213761
1519868522817540097
1519868524071632898
1519868530442878977
1519868540702056453
1519868542153285634
1519868548499263490
1519868554018963456
1519868555575050242
1519868558301626368
1519868558720778240
1519868563238006785
1519868564844707842
1519868568413696000
1519868569848356866
1519868570443960320
1519868571647897600
1519868572008427521
1519868574822662144
1519868575422554114
1519868579562336257
1519868580027944960
1519868581277745152
1519868582158815232
1519868595215507456
1519868597094563841
1519868600617680901
1519868606842118144
1519868610159783937
1519868617357406208
1519868622730113030
1519868639209566208
1519868641453527041
1519868642351063040
1519868641923239936
1519868651146723328
1519868654594240517
1519868656653520896
1519868657119203328
1519868661871390720
1519868666283708417
1519868671086284800
1519868672793268227
1519868677386293248
1519868677121658882
1519868681588670464
1519868688106930176
1519868691533414404
1519868694721187843
1519868699439771648
1519868707270717440
1519868710105739265
1519868713327120385
1519868715034193921
1519868717391298562
1519868729412182016
1519868731165483009
1519868735640805379
1519868739096924160
1519868740409516033
1519868745631551488
1519868751063261184
1519868751704850433
1519868752803811335
1519868753634557952
1519868753806307328
1519868754179596288
1519868757866422272
1519868761553047552
1519868764807778305
1519868768234713091
1519868772110192641
1519868778938572802
1519868780146565121
1519868791693488128
1519868795136970752
1519868795476758529
1519868800006381571
1519868801365520391
1519868802904825856
1519868806709010432
1519868812786610176
1519868822655750145
1519868825675743233
1519868825952559104
1519868827231793152
1519868831304355841
1519868839428870144
1519868843224612865
1519868859829960706
1519868860278755330
1519868864980520962
1519868873314603010
1519868875898163201
1519868881082503171
1519868881531244545
1519868888485294081
1519868892235153409
1519868894151913477
1519868895406002181
1519868898576769027
1519868901793755137
1519868904444772353
1519868905459798016
1519868908643262464
1519868913089138690
1519868914141999104
1519868914779541505
1519868917312901121
1519868918315184128
1519868921653903360
1519868921754656769
1519868922295685121
1519868926548656134
1519868931908976640
1519868934605922304
1519868938556952576
1519868946534608896
1519868946714968066
1519868948006817793
1519868954071678976
1519868954038181888
1519868955363807232
1519868959310315521
1519868960828796933
1519868960874893313
1519868960946196482
1519868963550904320
1519868968026222593
1519868971197022208
1519868971960393729
1519868977203322881
1519868977857576965
1519868978495172608
1519868985319247872
1519868990197280768
1519868990578782208
1519868995012161537
1519868994848755715
1519868995742040064
1519868997176541184
1519868999261208577
1519869003820326913
1519869007867920384
1519869009553883136
1519869012456448004
1519869014113144833
1519869014541017088
1519869029325881345
1519869030206783488
1519869031565647872
1519869032681414657
1519869038280810496
1519869039379689472
1519869044496732161
1519869049072721921
1519869055066324992
1519869056119197698
1519869057322921986
1519869058358910977
1519869060779069440
1519869061055889408
1519869068391723008
1519869069314654208
1519869070232985600
1519869076499173376
1519869077069590528
1519869077795348480
1519869082484494338
1519869083445047299
1519869088775884805
1519869100054491138
1519869100373204992
1519869101249863681
1519869109412012032
1519869112691961863
1519869113023279104
1519869116080926721
1519869123467132928
1519869123982872576
1519869126252150784
1519869129938948098
1519869131704705027
1519869135118811139
1519869136507228164
1519869137924890625
1519869139577360385
1519869158757859329
1519869159219372036
1519869162537066496
1519869165506547715
1519869169105182720
1519869173765222402
1519869178391539714
1519869179796594688
1519869179926568962
1519869186520096771
1519869187354599424
1519869189858762757
1519869191284740099
1519869202030596106
1519869204857602048
1519869212998746114
1519869218354876416
1519869219059421184
1519869222037377026
1519869225212518400
1519869226130968576
1519869229616435202
1519869230321221632
1519869236096557057
1519869237497524224
1519869245202571270
1519869246783860736
1519869247933095936
1519869256028065792
1519869263967887360
1519869266836832256
1519869275091124224
1519869275183501315
1519869275313430532
1519869275355467782
1519869277356138496
1519869279151312896
1519869278580875270
1519869283408523264
1519869284431896576
1519869295609749504
1519869296393998338
1519869299330097152
1519869299443310597
1519869301888589827
1519869309224472577
1519869309304123395
1519869313355812867
1519869319718572032
1519869321970958338
1519869325766762496
1519869328077774849
1519869340035784704
1519869348160151564
1519869352023142407
1519869354589970433
1519869355605078016
1519869358138441729
1519869360839565318
1519869361393225733
1519869363951706113
1519869365553930243
1519869371476283394
1519869374022266883
1519869374223503361
1519869379743203329
1519869381932691456
1519869382314369026
1519869382813523969
1519869385065783297
1519869397615132672
1519869401796952065
1519869408826470400
1519869409963257856
1519869412656152577
1519869415151570944
1519869416124698625
1519869425742237696
1519869426501365761
1519869428145410048
1519869433224863744
1519869439952535552
1519869439654588416
1519869442099920896
1519869444130066434
1519869444427759616
1519869452074029056
1519869454531899393
1519869455966543872
1519869458768183302
1519869461758685184
1519869461980983296
1519869464057102336
1519869465588117504
1519869465990676485
1519869467093872647
1519869469954293760
1519869483938160642
1519869484886118401
1519869485389434881
1519869501977808897
1519869505820049408
1519869506247606275
1519869506927144961
1519869506969030656
1519869510630662144
1519869511855394819
1519869519006679041
1519869520592130050
1519869522848751616
1519869524014780418
1519869524815798272
1519869526585880576
1519869530243227648
1519869532550144000
1519869536304091137
1519869538501902337
1519869540489785344
1519869543941771265
1519869544403279872
1519869546798194690
1519869547427373057
1519869548559835138
1519869553995489281
1519869555048394753
1519869562111549441
1519869563617296395
1519869564095545349
1519869565580333058
1519869566196797443
1519869574581301248
1519869585826136064
1519869589408174087
1519869599948365824
1519869603140284416
1519869605585559552
1519869606344679425
1519869607317848065
1519869607816925184
1519869607703719936
1519869624308969475
1519869626058002432
1519869630596235266
1519869631044931584
1519869635977486339
1519869640620486657
1519869641040011266
1519869641383976962
1519869652536643589
1519869655506198528
1519869659117412353
1519869660845518849
1519869660891688966
1519869661533380609
1519869662082785280
1519869667376046086
1519869668596625408
1519869669594873862
1519869673545900032
1519869675974406144
1519869677522014215
1519869680726720513
1519869681515085824
1519869683855507456
1519869684836884480
1519869693322014720
1519869694672392192
1519869697998557184
1519869698506063872
1519869698481008643
1519869702104834051
1519869702062809088
1519869705489727488
1519869707209170949
1519869709793075201
1519869711605022727
1519869712586272768
1519869717367996417
1519869721557946368
1519869724028452869
1519869724464758785
1519869724930326529
1519869726649987072
1519869727803334657
1519869728319225856
1519869730063994880
1519869730949144576
1519869732610060291
1519869736686960642
1519869737110577153
1519869743582396416
1519869745675345922
1519869748435165184
1519869756865658884
1519869757922725890
1519869761999491074
1519869762909577226
1519869763719254019
1519869766621667328
1519869767376539653
1519869768580411392
1519869777476431872
1519869778927800320
1519869785089187841
1519869788872450048
1519869790063677442
1519869790927609856
1519869791355514885
1519869796216680458
1519869797571477505
1519869799240716288
1519869808883372032
1519869809223258114
1519869813685899265
1519869815011356675
1519869821940346880
1519869823290851329
1519869832929366018
1519869835039096832
1519869840726528000
1519869844908388353
1519869845017407488
1519869847689207808
1519869847672393728
1519869852671959041
1519869855914205184
1519869861408784384
1519869867700146179
1519869869939863552
1519869871080755207
1519869872511107072
1519869872570007553
1519869877904891905
1519869878706003968
1519869881436581888
1519869897148411904
1519869903376846849
1519869904320704512
1519869906178785280
1519869917885046784
1519869921362071552
1519869921882214400
1519869923002040321
1519869923585048576
1519869925904551939
1519869932841881606
1519869933152317440
1519869937954680833
1519869937963220993
1519869938642599938
1519869944690790400
1519869948029513728
1519869950915186689
1519869951489761286
1519869963284140033
1519869965037228032
1519869980057219072
1519869981768306689
1519869985753030656
1519869987128811524
1519869990395998210
1519869992010981377
1519869997018804225
1519869997228646401
1519869998654758913
1519870003142705154
1519870008083550210
1519870017118130185
1519870021387829251
1519870022201528323
1519870030913187843
1519870031865208832
1519870032108523520
1519870033383636995
1519870037137440769
1519870040501370880
1519870040941936640
1519870045899440128
1519870049422647297
1519870052023083009
1519870052912275461
1519870053902036992
1519870057655848960
1519870059367350272
1519870064421351424
1519870065780396033
1519870066304724993
1519870067361648646
1519870068213133321
1519870068569432066
1519870070893162497
1519870076354183172
1519870076538826765
1519870078778585088
1519870082796511232
1519870085854384128
1519870094746210305
1519870095547420672
1519870096205926400
1519870098911240200
1519870109820407813
1519870113939263489
1519870116741238785
1519870117550645248
1519870125461094400
1519870125540794368
1519870129051422721
1519870134785089540
1519870145308545025
1519870146038444033
1519870149464973312
1519870154863263745
1519870153965637638
1519870161720946688
1519870168528470016
1519870171149701121
1519870172068204545
1519870174115123200
1519870175830491136
1519870175725723650
1519870177659211777
1519870178305224704
1519870188732170241
1519870203424755714
1519870217605763072
1519870220525096967
1519870225239273472
1519870227013591041
1519870229475741697
1519870231816060929
1519870240804552705
1519870246735204355
1519870247011950592
1519870247524007936
1519870250673713152
1519870270508613635
1519870273008578561
1519870274027593736
1519870281816367105
1519870284534276096
1519870287956824065
1519870292985753600
1519870293816356865
1519870294625853441
1519870295804424198
1519870296416821248
1519870298228764672
1519870298551640064
1519870299143032832
1519870299302469632
1519870301559037953
1519870303895232512
1519870304373604353
1519870311902027776
1519870312141238272
1519870315270410245
1519870317556117504
1519870327140106244
1519870327593050112
1519870328435920896
1519870332538175494
1519870333217607680
1519870340087885826
1519870341451075584
1519870345183907843
1519870347817881601
1519870349499944961
1519870350158438400
1519870352427556864
1519870356005298176
1519870356831363072
1519870359968833539
1519870364163080192
1519870368680398850
1519870374128803840
1519870376377040896
1519870377228484613
1519870388553060352
1519870392428425216
1519870397587542016
1519870397801545731
1519870408366907394
1519870409000120321
1519870410489217024
1519870412330573824
1519870412523511815
1519870417497956358
1519870435940134912
1519870436489760768
1519870437240745985
1519870440243884032
1519870449521512449
1519870458635726848
1519870461697564674
1519870464784756736
1519870465233276928
1519870468420947968
1519870472384614401
1519870474100121600
1519870474406313984
1519870477262589954
1519870478193729538
1519870479565303809
1519870484569104384
1519870484908761093
1519870485076627463
1519870486292934656
1519870497806327808
1519870499706257408
1519870506404618240
1519870510703644673
1519870511039270914
1519870512595456001
1519870514247913474
1519870520644222976
1519870521088917509
1519870521869213696
1519870524892930048
1519870526545616896
1519870527673933824
1519870539350880258
1519870549601792000
1519870551556251648
1519870552491630592
1519870555444453376
1519870560024604672
1519870560733437952
1519870575019233280
1519870583386910722
1519870583693103104
1519870584116629504
1519870585181982727
1519870585555329027
1519870589116239872
1519870591368531969
1519870591628713984
1519870600830808064
1519870605558161409
1519870607290155013
1519870611409235968
1519870614638678017
1519870615242612738
1519870620678463488
1519870621894729728
1519870621995388928
1519870625459888131
1519870629297725442
1519870630044254208
1519870635320696833
1519870636805394432
1519870653607944192
1519870666052456453
1519870669382721536
1519870677163163648
1519870678257778690
1519870681294712837
1519870681969614848
1519870683529981952
1519870688265445377
1519870688680718336
1519870692828884992
1519870696360402945
1519870701070606337
1519870704317050883
1519870710411374592
1519870720393637888
1519870726123274240
1519870741461839872
1519870748177104897
1519870750714482688
1519870751700299776
1519870751993643008
1519870756892680194
1519870757542797313
1519870758960390144
1519870760193507328
1519870760663322626
1519870760717852674
1519870768737394689
1519870772453519360
1519870773489549312
1519870774328369152
1519870774814801920
1519870778451374080
1519870789604061191
1519870790270865410
1519870790539554817
1519870792066031616
1519870793869672448
1519870796163911680
1519870798214967299
1519870799322222595
1519870806842609669
1519870807400398849
1519870809556369408
1519870811229749248
1519870822600613890
1519870826350264320
1519870832629227520
1519870837662175235
1519870839113531395
1519870842657771521
1519870844805296128
1519870844939481088
1519870845497266177
1519870845879033858
1519870848521363456
1519870857195184128
1519870861397929985
1519870866661777409
1519870867521609728
1519870870092660736
1519870873712443392
1519870882340081664
1519870883283709957
1519870885951385601
1519870887817842688
1519870887905820673
1519870892779704320
1519870895552090113
1519870896315502592
1519870898504826880
1519870905366851585
1519870908562870272
1519870912870428672
1519870915856809984
1519870920759726080
1519870922085257216
1519870924727619584
1519870925080047618
1519870925935722496
1519870928045281280
1519870928699727873
1519870928854913024
1519870930092187649
1519870932210405376
1519870937398747136
1519870939558817797
1519870942847156224
1519870948987523074
1519870952347254786
1519870952749912069
1519870954834481152
1519870961000067072
1519870962245804033
1519870962912612354
1519870965097848833
1519870966058434560
1519870969820725248
1519870975164121088
1519870975042592768
1519870981849952256
1519870992180514816
1519870999700938752
1519871002615898114
1519871003307954182
1519871005476462598
1519871006533423106
1519871008785764353
1519871015433777152
1519871015941296129
1519871017572741121
1519871020806684674
1519871020806684673
1519871022035607554
1519871022383706112
1519871025697153025
1519871031489478659
1519871031715979264
1519871032831758337
1519871035188858880
1519871037508395010
1519871040117125120
1519871041861931008
1519871042805813251
1519871043946561537
1519871047192952834
1519871047952084992
1519871048392617984
1519871051257323520
1519871054692331520
1519871058265862144
1519871063336828932
1519871068953010176
1519871071511588864
1519871071595515907
1519871091426140161
1519871094831861761
1519871096480100352
1519871098317262848
1519871101551054848
1519871114704572416
1519871117141368833
1519871127669166084
1519871129619423233
1519871131376922635
1519871132408717317
1519871133184667651
1519871137081135106
1519871140986040322
1519871153682235393
1519871154680471552
1519871165174530049
1519871165455638528
1519871168538316800
1519871170694115328
1519871178063716352
1519871179447746564
1519871180337029120
1519871182144606209
1519871183277150208
1519871184816513024
1519871185143672832
1519871186720759813
1519871187639320578
1519871192538177539
1519871192953507840
1519871194433994753
1519871195008667648
1519871196279582722
1519871201438404609
1519871206677176325
1519871210049449984
1519871213073485829
1519871223018180608
1519871228395331586
1519871230333325313
1519871237920546817
1519871239090749440
1519871240449765378
1519871241829584896
1519871245008969729
1519871246653087744
1519871250918789121
1519871258942345217
1519871265607229440
1519871266957799424
1519871270355095553
1519871277049253888
1519871279532482560
1519871288168361984
1519871301070077954
1519871302076612608
1519871305037799424
1519871308309450752
1519871309051797504
1519871310502969344
1519871311002038272
1519871314399539201
1519871318124019712
1519871318610657280
1519871321257037825
1519871327976538115
1519871334922305536
1519871334926491651
1519871335308185601
1519871335241072641
1519871335446552577
1519871347488436226
1519871351980531716
1519871355386224640
1519871356619444224
1519871357756092416
1519871359563833344
1519871361342083072
1519871362684407814
1519871363242151938
1519871369122570241
1519871370842288133
1519871373707030528
1519871378471669760
1519871378958266368
1519871388374474752
1519871397367103489
1519871399913005056
1519871402307989510
1519871405592129537
1519871405973819393
1519871406162554881
1519871406137294849
1519871409320861696
1519871411141107712
1519871412391006209
1519871414312046594
1519871416321318912
1519871421580820484
1519871423803711488
1519871428409053187
1519871428958601217
1519871439364673537
1519871441579220993
1519871445815365633
1519871447560249344
1519871448961146881
1519871450253078534
1519871451217776644
1519871453830815744
1519871457047756800
1519871460117995521
1519871460692709376
1519871465872629763
1519871466317225985
1519871469437829120
1519871469337006080
1519871470612144132
1519871474521227264
1519871482498715649
1519871486646968320
1519871491877351425
1519871493139619841
1519871496381992963
1519871498764304384
1519871502291718144
1519871508943884288
1519871509417889792
1519871515386339328
1519871521271001088
1519871521950519296
1519871522210557952
1519871526589321216
1519871526736211968
1519871530641014784
1519871530913742849
1519871531731623936
1519871533249929223
1519871534319509504
1519871540795518977
1519871540824879104
1519871541135171584
1519871545258217473
1519871550765383680
1519871558734467072
1519871575197114368
1519871576082157568
1519871577403367425
1519871579953451008
1519871581379612672
1519871592985202689
1519871597603168256
1519871599154921473
1519871599868063747
1519871600044253186
1519871606444548096
1519871605907808256
1519871607031881728
1519871617907765248
1519871620587966472
1519871624434040832
1519871633300893697
1519871639239933952
1519871641970425858
1519871644147363840
1519871645531451393
1519871649532809216
1519871653131558913
1519871655685799947
1519871658823139328
1519871659703947264
1519871660249260032
1519871661230723072
1519871668503654400
1519871668247797761
1519871671846551552
1519871673658347520
1519871676137230339
1519871677395607552
1519871677890383872
1519871678523879424
1519871686220337156
1519871686388056064
1519871692130201600
1519871697117188097
1519871704453033984
1519871705522610176
1519871707137388544
1519871711189024772
1519871712044720128
1519871717606371328
1519871718025801733
1519871719711789057
1519871723662893056
1519871724136935425
1519871724044529664
1519871729144897536
1519871730029846529
1519871731447513090
1519871737013444613
1519871738380800001
1519871740310085632
1519871740859531264
1519871750867193861
1519871752658206721
1519871753031462912
1519871754251890688
1519871756365930500
1519871758957953025
1519871772744630273
1519871774741123078
1519871778402701312
1519871785034035200
1519871786653003777
1519871786837585920
1519871790167826437
1519871791547793408
1519871792306958338
1519871797079863296
1519871799311314945
1519871799814672387
1519871803015012352
1519871807179927553
1519871808052375552
1519871809990053890
1519871818915627008
1519871821507571713
1519871824317796354
1519871827643977728
1519871828034007041
1519871831838056448
1519871839421534213
1519871841694846976
1519871844387639300
1519871844534300672
1519871844790198274
1519871845003976704
1519871847403294720
1519871847730487297
1519871853325606912
1519871860216942592
1519871868383240197
1519871870690107393
1519871883902136322
1519871889040195584
1519871892697530370
1519871893892784128
1519871896220798981
1519871899723091968
1519871903166566403
1519871903649140736
1519871905246978054
1519871905934852096
1519871911395831814
1519871912272293888
1519871915866968064
1519871916240211969
1519871925425778689
1519871933629624320
1519871933789184002
1519871936049856514
1519871938449100800
1519871939371835392
1519871940500021249
1519871941435400192
1519871947600896000
1519871950654521344
1519871963010723840
1519871970002841601
1519871975140864002
1519871977179205633
1519871978622132224
1519871978873798657
1519871985379119106
1519871985957883904
1519871990823370756
1519871993134395392
1519872007940321280
1519872014785429504
1519872015037091842
1519872015250989060
1519872031730323458
1519872045143703553
1519872052454473728
1519872054748667905
1519872054912499712
1519872060624879618
1519872061019197440
1519872071265837057
1519872071806832641
1519872071739842560
1519872072398295041
1519872076038823936
1519872076114497538
1519872079331475456
1519872081680388097
1519872083207110656
1519872085501353985
1519872088596619266
1519872092069584896
1519872098868416512
1519872105868840960
1519872110671372288
1519872111413800962
1519872112546230272
1519872122587435009
1519872127196934145
1519872130845843457
1519872132288847872
1519872146478014467
1519872146432008193
1519872149539934208
1519872151700271104
1519872153117671425
1519872162928025605
1519872165541253121
1519872170536673280
1519872170817888257
1519872174219272192
1519872175829925888
1519872186588274689
1519872187519410177
1519872188240834560
1519872189062909952
1519872195027259393
1519872197199859712
1519872201650053120
1519872205664010240
1519872211456253952
1519872214962737152
1519872217613537287
1519872217479548928
1519872219215802369
1519872219207323654
1519872219714920448
1519872222504144897
1519872225511448578
1519872226824228866
1519872230750101504
1519872234482982912
1519872234801750019
1519872236571836417
1519872237989412864
1519872244335452162
1519872245505699841
1519872247741050880
1519872248605298693
1519872251012825088
1519872255853051904
1519872259288186884
1519872267395731456
1519872269144805376
1519872272084967425
1519872280955789312
1519872282021224451
1519872284596613120
1519872286089793536
1519872287452893185
1519872295451381760
1519872303911297030
1519872313893834765
1519872317064634370
1519872321724502018
1519872324362719238
1519872325117788161
1519872329416904705
1519872333061763073
1519872334777225218
1519872344449335298
1519872350229254145
1519872356109459456
1519872368826593280
1519872369564737537
1519872374191136770
1519872393765953536
1519872395938570240
1519872399365312512
1519872401978404864
1519872405757435904
1519872414816997377
1519872424174657536
1519872425273483266
1519872426968035330
1519872430373851136
1519872435407003649
1519872436778512384
1519872442004516865
1519872446811230208
1519872454377811973
1519872455187353603
1519872461722034178
1519872462451658752
1519872463273959425
1519872465039765509
1519872471603851264
1519872471985438722
1519872472891510787
1519872476141998080
1519872479455592448
1519872489790353409
1519872490062987265
1519872491728031746
1519872501479882753
1519872503237124097
1519872509201592320
1519872512070463491
1519872514343776256
1519872514373173248
1519872524078784516
1519872525290721282
1519872528516370432
1519872530160435202
1519872534019256320
1519872535046799365
1519872537651564544
1519872550314156032
1519872555531718661
1519872559013056512
1519872561072553984
1519872564096425985
1519872568500621314
1519872573081030656
1519872573395419139
1519872575832305666
1519872577317089280
1519872578436927489
1519872584950681601
1519872592093536257
1519872597743136769
1519872599010037761
1519872602306613248
1519872602843631616
1519872610716295170
1519872612117225474
1519872612222091265
1519872612477853697
1519872614600445952
1519872618391695360
1519872623731216384
1519872624574320643
1519872625052459008
1519872626067341313
1519872627002728448
1519872627741020165
1519872627610955776
1519872628281909248
1519872643515793408
1519872651124264964
1519872651308584960
1519872656513847296
1519872660808908801
1519872660926341122
1519872661513453573
1519872662620749827
1519872671265218563
1519872674805477377
1519872677875494920
1519872682971607040
1519872683101638657
1519872692132126721
1519872696112365569
1519872697257312258
1519872698414940165
1519872699199332353
1519872699757174784
1519872700906409985
1519872708082905089
1519872712381980672
1519872716739809281
1519872719583600641
1519872723064803328
1519872729771618306
1519872731067478016
1519872731604406273
1519872734020390920
1519872740085403650
1519872742425776130
1519872745063989248
1519872748549455872
1519872752391495681
1519872758217428992
1519872766228328449
1519872767298097153
1519872783223771137
1519872784486350853
1519872788810641409
1519872795752161281
1519872796628852737
1519872797312528384
1519872800403636229
1519872804203765765
1519872805868875776
1519872807051608064
1519872807072677888
1519872810323226626
1519872815926857729
1519872822675492864
1519872825020059648
1519872836864987136
1519872837175189507
1519872838546731013
1519872839452659712
1519872840497086464
1519872848147402754
1519872851020500994
1519872854703095810
1519872855151984640
1519872865776152577
1519872868263280641
1519872868691107842
1519872873879457792
1519872882205024257
1519872882926514177
1519872883727687681
1519872891004735489
1519872891118141441
1519872892107997184
1519872893173514247
1519872896570728451
1519872901092102145
1519872908847370240
1519872914266406913
1519872917479198720
1519872919337414656
1519872919446429697
1519872924022460417
1519872930662195211
1519872937028894721
1519872938568294401
1519872945593663490
1519872947447644160
1519872948017971201
1519872949624442881
1519872957048360960
1519872960240230400
1519872963088105472
1519872966691065858
1519872979404042240
1519872982923067396
1519872983459893249
1519872985783545856
1519872985959702528
1519872986966380545
1519872987507265536
1519872988761722880
1519872990325968896
1519872992695701505
1519872994901909506
1519872996801925121
1519873010945171461
1519873013021294593
1519873023834091522
1519873027735015425
1519873028682919937
1519873032533196803
1519873033531535361
1519873034307440640
1519873037079912448
1519873043450970112
1519873045422350336
1519873063789072385
1519873081665376257
1519873082449707009
1519873084932640769
1519873085826113537
1519873089852653570
1519873092193034242
1519873093459709953
1519873095414255616
1519873097440108547
1519873097406496768
1519873105283407873
1519873107972001794
1519873107917484034
1519873112384458752
1519873114242527237
1519873123843203073
1519873124195610631
1519873124434694145
1519873124782596096
1519873125273505792
1519873125512626178
1519873125873340416
1519873126087249921
1519873126875623425
1519873127760777216
1519873130348658688
1519873133586657280
1519873135113392131
1519873137827094528
1519873139525754880
1519873142944063488
1519873143254437889
1519873143506337792
1519873150095351808
1519873152440053761
1519873162518929408
1519873165413040129
1519873168575537154
1519873176045600770
1519873173927301120
1519873178708938753
1519873181305212931
1519873182223720448
1519873183926697985
1519873184597782528
1519873187160289281
1519873189010096129
1519873197898088449
1519873202951966721
1519873206332579842
1519873207527870464
1519873210296291329
1519873210552135683
1519873213546868744
1519873213911781377
1519873215358803969
1519873216415559681
1519873217183117312
1519873217413931009
1519873224343003139
1519873227992018951
1519873229451677696
1519873229342789632
1519873232597360640
1519873241271226370
1519873241736790017
1519873244551172097
1519873250083450881
1519873257016479746
1519873265665298432
1519873270748614657
1519873271868522496
1519873273483382784
1519873280114671616
1519873282220122114
1519873282236944385
1519873283335671808
1519873285462405120
1519873289048539136
1519873297030123523
1519873301337845760
1519873304827502598
1519873305565712384
1519873307105017857
1519873309172813824
1519873312058396674
1519873315543867392
1519873322770702337
1519873325211824130
1519873329729093633
1519873330240794624
1519873331532419072
1519873332807671808
1519873336137990146
1519873337673011204
1519873339044601856
1519873340055425024
1519873344153268227
1519873352986513411
1519873354701819904
1519873361437941762
1519873364378091520
1519873365414133762
1519873366399803392
1519873368161501184
1519873375405019136
1519873375786647552
1519873380496855042
1519873383676194816
1519873384515002370
1519873386373132292
1519873387396538369
1519873388474470401
1519873394744852480
1519873395030212609
1519873395596349448
1519873395881562113
1519873397777383425
1519873399895760898
1519873401195741185
1519873407470518278
1519873409160724480
1519873415318016000
1519873419403223040
1519873420065972224
1519873426286157824
1519873426940432386
1519873427187847168
1519873427603136512
1519873428811096065
1519873429763248128
1519873433630298114
1519873435274518528
1519873435660390401
1519873443084316673
1519873444116058112
1519873449027682304
1519873451003109376
1519873453779787776
1519873454090166274
1519873459563737089
1519873462286041088
1519873462093103104
1519873463334453251
1519873470460428288
1519873470867386369
1519873474356989952
1519873476575772673
1519873477754462211
1519873478811439106
1519873482250756097
1519873486528946177
1519873490358345731
1519873492111568897
1519873492103139328
1519873495089483776
1519873496767025153
1519873499007193088
1519873502723166209
1519873505239654400
1519873506078568449
1519873512525246465
1519873516023263232
1519873519311544322
1519873520532172801
1519873532469121024
1519873532536233984
1519873536294330369
1519873544246730752
1519873550391382017
1519873558691946497
1519873562227658752
1519873574873583616
1519873576077344769
1519873577851490305
1519873578870603777
1519873579818565633
1519873584482512896
1519873587334811656
1519873596084023301
1519873596797210624
1519873597661237252
1519873599708016640
1519873600609677313
1519873603583586305
1519873604770574337
1519873605005418497
1519873610546098176
1519873614618800130
1519873617747709958
1519873620373381123
1519873620855635968
1519873621048582148
1519873623191801856
1519873631656030208
1519873633224912897
1519873634793312257
1519873635195908097
1519873637737713665
1519873640124329984
1519873648471027712
1519873648965738496
1519873650278686722
1519873651763462144
1519873652702994439
1519873656167444481
1519873657773998080
1519873660315742208
1519873662500974593
1519873667097845760
1519873668301656065
1519873675704430594
1519873676031807489
1519873676463812608
1519873678082981891
1519873678221225987
1519873678875369473
1519873684864962560
1519873684869165056
1519873686920212482
1519873689235472384
1519873690997084161
1519873699670863872
1519873704045514759
1519873705454755840
1519873708608954369
1519873710634803200
1519873716590624768
1519873714170392576
1519873719702892546
1519873723221917697
1519873723913981952
1519873724245323778
1519873726103408640
1519873726308708352
1519873728326344704
1519873730767380480
1519873731656622085
1519873732185141248
1519873735565656064
1519873737956499457
1519873739994779648
1519873745342681089
1519873745581580288
1519873748538728448
1519873748773613568
1519873751298437120
1519873753986961408
1519873754498838529
1519873755081760776
1519873755333472256
1519873755673239553
1519873757132767233
1519873764158283777
1519873770118430720
1519873770722402306
1519873772458856448
1519873773129842688
1519873773163487232
1519873773129945091
1519873778012073984
1519873778469113856
1519873788070006786
1519873788736909315
1519873789324013569
1519873791849029632
1519873795183493126
1519873805832921088
1519873806000697346
1519873812816408576
1519873819665653761
1519873820747866112
1519873822631120899
1519873824577277953
1519873827110539267
1519873827592937473
1519873835578834945
1519873835901853701
1519873840503046144
1519873841631268864
1519873845276160000
1519873845456371712
1519873855141130240
1519873856374255616
1519873858819563520
1519873864091766785
1519873864712572940
1519873866113470466
1519873868617461761
1519873873025585152
1519873881783566339
1519873886174822400
1519873886787096577
1519873888561291267
1519873888943022080
1519873894085242883
1519873896111091712
1519873897092591620
1519873900699693059
1519873906835963906
1519873907880345603
1519873909276913664
1519873911055335424
1519873914566021121
1519873919318208513
1519873919536279553
1519873920236670979
1519873924087140352
1519873927874584578
1519873936435163136
1519873939622617088
1519873943078903809
1519873946979647493
1519873950762905601
1519873951471575041
1519873953489170433
1519873954177073155
1519873954458083328
1519873955108163584
1519873955045249029
1519873962410455043
1519873966688686080
1519873968626352128
1519873968953565185
1519873976792670210
1519873985416249346
1519873991036608512
1519873991317626882
1519873994782130176
1519873997613187073
1519873997831294976
1519873998384939008
1519873999303548930
1519874002436640770
1519874005318176770
1519874005263687685
1519874005787889664
1519874012679135233
1519874016265310214
1519874016550350848
1519874026214236164
1519874028764286981
1519874032354709511
1519874033898205184
1519874034409910273
1519874037501071360
1519874041145966592
1519874045231173635
1519874052382470145
1519874056002093062
1519874060666159107
1519874060636856320
1519874063333789698
1519874067611926531
1519874070493360128
1519874076403191810
1519874078533951489
1519874079330689026
1519874081721667594
1519874081650364422
1519874083839787010
