1520236475404591105
1520236480639430657
1520236481159172096
1520236481943539713
1520236499274375168
1520236500340068352
1520236502310998016
1520236503506509826
1520236504651804672
1520236507130318848
1520236507386159105
1520236507822366722
1520236511068794880
1520236512884887554
1520236513342423041
1520236518681366529
1520236521428635649
1520236522456240129
1520236521915240448
1520236523366805506
1520236527162331138
1520236537400934401
1520236541104521216
1520236546443857922
1520236546636775424
1520236551065661440
1520236553670250496
1520236554421096448
1520236556921217026
1520236558397640705
1520236559034843136
1520236559886589953
1520236564089303042
1520236564198346753
1520236569575460864
1520236569633779712
1520236574377656320
1520236576655446021
1520236577544634368
1520236578588659718
1520236581566939136
1520236593998532609
1520236599467921408
1520236599992528897
1520236604199411713
1520236606631952385
1520236610767712257
1520236614407966721
1520236618841575426
1520236620515246080
1520236625485172736
1520236625951100928
1520236631860514819
1520236633001390080
1520236634528092161
1520236639989399553
1520236646754447361
1520236647991836672
1520236659509702656
1520236660247580672
1520236664647720960
1520236667374010368
1520236681211056128
1520236690845368321
1520236692661186561
1520236692703424512
1520236692585652224
1520236694062403584
1520236705311125505
1520236707009892353
1520236709580972032
1520236713737867265
1520236720922382336
1520236725628403712
1520236726446587904
1520236732876476417
1520236736009601024
1520236738437812225
1520236742057803777
1520236747963400192
1520236749817008130
1520236751327232000
1520236751566295040
1520236752409038848
1520236753088839685
1520236760265015296
1520236767135342592
1520236768192495616
1520236770415513600
1520236778443067395
1520236782885179392
1520236791399284736
1520236798839992321
1520236802501918720
1520236806465536001
1520236813264179201
1520236815705587712
1520236818221780992
1520236818389925888
1520236821271425024
1520236827239669760
1520236837079756800
1520236837784403968
1520236839151751168
1520236839566974979
1520236843463507968
1520236844876967936
1520236847338729472
1520236849150578688
1520236850840956928
1520236853223649281
1520236853903130625
1520236855710543874
1520236857761869824
1520236864837283840
1520236866423115779
1520236874056736773
1520236874719449088
1520236875461537792
1520236881484533760
1520236881770074112
1520236884051775489
1520236892364865536
1520236893606195201
1520236895803899906
1520236902976159744
1520236904251539456
1520236906185113601
1520236907007193088
1520236909087592448
1520236912220332033
1520236914703360003
1520236916855083009
1520236919657009152
1520236919833038848
1520236921846329345
1520236926967910400
1520236931132817409
1520236951361662976
1520236952296980482
1520236953773690882
1520236953932763137
1520236960375541761
1520236961776037888
1520236964670480385
1520236979623198720
1520236990985170945
1520236997016653824
1520236997935198208
1520236998220722176
1520236998979555328
1520237000573423616
1520237004264329216
1520237005984395264
1520237011449573377
1520237013198200832
1520237020744138753
1520237025407864832
1520237029178585088
1520237029476356096
1520237031883898881
1520237034161377280
1520237035268751363
1520237038586691584
1520237042973954048
1520237045985443840
1520237045892861952
1520237045376974848
1520237059914420225
1520237060615184384
1520237065023246336
1520237065547309056
1520237066264608769
1520237073977864192
1520237076314173440
1520237076993642496
1520237079828918273
1520237081083060224
1520237085466185729
1520237087223861250
1520237091061661696
1520237091426238464
1520237094303502338
1520237095968985089
1520237101178318848
1520237101182189568
1520237101681242112
1520237102708912128
1520237111324344320
1520237111332720640
1520237113840521216
1520237122698944517
1520237123210604544
1520237123286278144
1520237124204695552
1520237129301114881
1520237132542976001
1520237133562540032
1520237136737304576
1520237137454501889
1520237144849420288
1520237145512103936
1520237146728460288
1520237152223002624
1520237154630131712
1520237158543785984
1520237161475321856
1520237162729701377
1520237163119792129
1520237170774384642
1520237175618797568
1520237175857553408
1520237184531394560
1520237188448808960
1520237188629221376
1520237189958828032
1520237192983252992
1520237201644482561
1520237205264175105
1520237209705623553
1520237211286867968
1520237210897096704
1520237211819651072
1520237218421374976
1520237223207215107
1520237225249673216
1520237229011968000
1520237238071996416
1520237242312425472
1520237244879040514
1520237246179282944
1520237255276773376
1520237257013473280
1520237261928812544
1520237270841786368
1520237272372703232
1520237272511131650
1520237274415656960
1520237274427920385
1520237284989095937
1520237293037969408
1520237296250851329
1520237300881686529
1520237301007220738
1520237302525710336
1520237312428634115
1520237313673994241
1520237316047970305
1520237319714131968
1520237321970679808
1520237324931452929
1520237325288017920
1520237328865718272
1520237331021647872
1520237336709443584
1520237339637055488
1520237345081274368
1520237345190326272
1520237354866573314
1520237356376559622
1520237357206675457
1520237359337406464
1520237362403418112
1520237362445316097
1520237367533379584
1520237368955252736
1520237376542441472
1520237377779757056
1520237381814992896
1520237385787015169
1520237385992204289
1520237390316462080
1520237394418868224
1520237397422010368
1520237398931632129
1520237399661441024
1520237403994091523
1520237403914481665
1520237408444620800
1520237408515633153
1520237413070962688
1520237414391812097
1520237415180673026
1520237416505696256
1520237425981005824
1520237428799205376
1520237429264838657
1520237431215251456
1520237437951574016
1520237442942779392
1520237443412217858
1520237446226915330
1520237452786470912
1520237457492484096
1520237459228872704
1520237459808079872
1520237460676313089
1520237460772761601
1520237473376325632
1520237476534579201
1520237477499334657
1520237482868195328
1520237485233565696
1520237485619822593
1520237485623631874
1520237497912938496
1520237499703971840
1520237500601892870
1520237504154062848
1520237504313839618
1520237505395642368
1520237507686072320
1520237509724180481
1520237511426994177
1520237511867772929
1520237522470998016
1520237523389550593
1520237523808952320
1520237529386995712
1520237529613709312
1520237535657484288
1520237535745626114
1520237537755017219
1520237538711322625
1520237542901125126
1520237546436894720
1520237549318393857
1520237554385129472
1520237555253317641
1520237555916349440
1520237559259234304
1520237560844324864
1520237563348275200
1520237564447567872
1520237567618142208
1520237581669367808
1520237583116038147
1520237585762820096
1520237588040151040
1520237589168488449
1520237590901030912
1520237592180314113
1520237595346673667
1520237598949920770
1520237600371486721
1520237606033772544
1520237613172813826
1520237616020725761
1520237617400274944
1520237618096906242
1520237618386022405
1520237619531059202
1520237622802927616
1520237627781566464
1520237628616249344
1520237635083862016
1520237635960119298
1520237644143202305
1520237646299029505
1520237649474166792
1520237650657312768
1520237650753765376
1520237653509419008
1520237658064420864
1520237660161609729
1520237665916014592
1520237670009425920
1520237670261092352
1520237671679152129
1520237674094751744
1520237676846542849
1520237680415584256
1520237686631530496
1520237689689509890
1520237691488858114
1520237697096646661
1520237697335726080
1520237701211242496
1520237702670864384
1520237703530676224
1520237711021715456
1520237713437384705
1520237715949727744
1520237718273282048
1520237720387264515
1520237723398799362
1520237736455979013
1520237740209676295
1520237741333614593
1520237741736402945
1520237750548856832
1520237752574693377
1520237753258151936
1520237756244365313
1520237756294832129
1520237757880184832
1520237761449455617
1520237767871320064
1520237772107567104
1520237774955507713
1520237776603848706
1520237776792264705
1520237777090011137
1520237780655538177
1520237781590880256
1520237787244826626
1520237791963058177
1520237793297186816
1520237797030113281
1520237804974149632
1520237813416939521
1520237816072273920
1520237820740530178
1520237830148141057
1520237830810730502
1520237831905366016
1520237831985463297
1520237837903286272
1520237839199268864
1520237845801467905
1520237849328721925
1520237852181020672
1520237853145399296
1520237855926525953
1520237855934537729
1520237862167662592
1520237862943625216
1520237863207522304
1520237867556954112
1520237871294140416
1520237872263331840
1520237874620563456
1520237874964475907
1520237875333570562
1520237875832389632
1520237880559370240
1520237881221996545
1520237883130806272
1520237883277381635
1520237883533447168
1520237887803236352
1520237892853198848
1520237896506408960
1520237896569335809
1520237898498379776
1520237901975490560
1520237903162445825
1520237903229911040
1520237905293512704
1520237911425175552
1520237911895343105
1520237912256057345
1520237921730961408
1520237925094821890
1520237929024528389
1520237930031501313
1520237931671482368
1520237932275453953
1520237935991595008
1520237936713007104
1520237940177530881
1520237948226392064
1520237950189326337
1520237951762178050
1520237954756919296
1520237955562209281
1520237956409311232
1520237957277712384
1520237957881688064
1520237962176380928
1520237962495148032
1520237968241602561
1520237970036772865
1520237971307261952
1520237977040875520
1520237976944787456
1520237977493856257
1520237977997570048
1520237979121291264
1520237981226831872
1520237983193960448
1520237987115634689
1520237991557746690
1520238009509384192
1520238010947686400
1520238013951152129
1520238020246781952
1520238025329979393
1520238028870262785
1520238029860130816
1520238031818567681
1520238034439921664
1520238034268332033
1520238035455344640
1520238037682114561
1520238037539901440
1520238038550388736
1520238038734893056
1520238041838751745
1520238042681790470
1520238044430970885
1520238050759954434
1520238053003960321
1520238053474041856
1520238053637648384
1520238053977038848
1520238055151480832
1520238056371937280
1520238057437339648
1520238062269509633
1520238062416334850
1520238065746604033
1520238067746951169
1520238068975894528
1520238075896827904
1520238076106199041
1520238076185915393
1520238076265897986
1520238077033467904
1520238077591302144
1520238079927222272
1520238080351154176
1520238080799649792
1520238082536079360
1520238083257831424
1520238087531790336
1520238094426943488
1520238094439821314
1520238098478616576
1520238098948694016
1520238099313590272
1520238099757895681
1520238101599117315
1520238102471901184
1520238107685265408
1520238109413490689
1520238111829393408
1520238112437243904
1520238112776933376
1520238117042589696
1520238118506758144
1520238121949941762
1520238129038438400
1520238131064098817
1520238134176350208
1520238136605179905
1520238137942806528
1520238141034041345
1520238144356257793
1520238149120655361
1520238154606792706
1520238161355362310
1520238172621651970
1520238173267238913
1520238173690859520
1520238178325909504
1520238181043507200
1520238186576097280
1520238204309610496
1520238207379533826
1520238209715695616
1520238212404637696
1520238219153264641
1520238220113432576
1520238220335730688
1520238223133638659
1520238224270295040
1520238226081939457
1520238228154228736
1520238229399941120
1520238231807086594
1520238240779096064
1520238241768960001
1520238241810874368
1520238257199484930
1520238257627230208
1520238263105372161
1520238264044597248
1520238263985795072
1520238264372072449
1520238268075421697
1520238276694917120
1520238280528130048
1520238282445303808
1520238286710525958
1520238295569281026
1520238295581487104
1520238300564705281
1520238302573768704
1520238305262342145
1520238305551339520
1520238305694339072
1520238307954753537
1520238308907175936
1520238309301055489
1520238312652701696
1520238316410470403
1520238319916883969
1520238320751570944
1520238321343275008
1520238323154882560
1520238325747314689
1520238329740279808
1520238331837427713
1520238333539938304
1520238337545863168
1520238346403913734
1520238358668013569
1520238359305912323
1520238365039243264
1520238365945532416
1520238369435004929
1520238372291239940
1520238375974113280
1520238378926546949
1520238379216310272
1520238379404693504
1520238381468463104
1520238381955153920
1520238383217344512
1520238392520638465
1520238392721969152
1520238394957533184
1520238401366069249
1520238401966206976
1520238403195109378
1520238406990589957
1520238407150338048
1520238407435231232
1520238415593488385
1520238417983860736
1520238419171241984
1520238420039151616
1520238421414846464
1520238421783982080
1520238423671738369
1520238429019287554
1520238429589880832
1520238435529027585
1520238435692208128
1520238436686307330
1520238444131532800
1520238445439770624
1520238447578939392
1520238447708934144
1520238449105641472
1520238452956184578
1520238455757819905
1520238458354077696
1520238459406876672
1520238461193961473
1520238464490369025
1520238471105114112
1520238473575247873
1520238476217577473
1520238476855177216
1520238477245177856
1520238481225572353
1520238484132270080
1520238491229388801
1520238492236017664
1520238498812657664
1520238500477423616
1520238503581589504
1520238507591356417
1520238509357154305
1520238510090997765
1520238510347030528
1520238512062496768
1520238512851025920
1520238515027513344
1520238520438521856
1520238526712885248
1520238532153188353
1520238534342635521
1520238535697399809
1520238536548511744
1520238537672577025
1520238538633396224
1520238546510303232
1520238546677907457
1520238563178446848
1520238565937999872
1520238566239924226
1520238566760415232
1520238568236814337
1520238571935830016
1520238578390896640
1520238580358328321
1520238581775667200
1520238584292573185
1520238584673947648
1520238585429250048
1520238590458220544
1520238591451951105
1520238591640621057
1520238591854915584
1520238592442118146
1520238594513719296
1520238595352989697
1520238598477729793
1520238602713763841
1520238603598663681
1520238604257316865
1520238604186169344
1520238606811799552
1520238607428366336
1520238611018706944
1520238614453493760
1520238619797049344
1520238626797281280
1520238626608943105
1520238630736121857
1520238630966489088
1520238631826620416
1520238632153628672
1520238639480918017
1520238640948858880
1520238642983170048
1520238643171905536
1520238644291768320
1520238646427000832
1520238649123962880
1520238649463668736
1520238653435301888
1520238653842157569
1520238660058488832
1520238663157780485
1520238664638353409
1520238672360009729
1520238676227530752
1520238680933236736
1520238700298641408
1520238704530391040
1520238705721896960
1520238709437730816
1520238709421256704
1520238712747347968
1520238713095262210
1520238713489420288
1520238717847638016
1520238718267031552
1520238721647345664
1520238722867863553
1520238725099565056
1520238727942922240
1520238737669894144
1520238739188228096
1520238741301850116
1520238742887288832
1520238752890703872
1520238753117310979
1520238755013341184
1520238759358337024
1520238764664102913
1520238769546629123
1520238770003779584
1520238774613004289
1520238780073922565
1520238781324197889
1520238783240630272
1520238783559761921
1520238787124932608
1520238797136359424
1520238806808424448
1520238810696617984
1520238812848222214
1520238813351915520
1520238814194995200
1520238822033874944
1520238823401132032
1520238823443210240
1520238826962124800
1520238829998788608
1520238834235043840
1520238839113035776
1520238849959809024
1520238857995923456
1520238865159626753
1520238878804017152
1520238884361506818
1520238884759941120
1520238890816356352
1520238892309532672
1520238895631572992
1520238897493512193
1520238907195273216
1520238911586717697
1520238915168489473
1520238921086513152
1520238926123831296
1520238929416695808
1520238933438836737
1520238938581094401
1520238941408219142
1520238941877993472
1520238943702335488
1520238944218382337
1520238945719955458
1520238954993565697
1520238957555978240
1520238963562221569
1520238968499224576
1520238969614569472
1520238969874616320
1520238973271953409
1520238973352030208
1520238974559977477
1520238979202699264
1520238982772051968
1520238983195680768
1520238983909097473
1520238990187585536
1520238994105249795
1520238998849036290
1520239000224780288
1520239000615026694
1520239001323675648
1520239003139723264
1520239005882896384
1520239007384408064
1520239009372381184
1520239016087539712
1520239020306944001
1520239020785119233
1520239027383054336
1520239027945091072
1520239031270854656
1520239032592400385
1520239034563321857
1520239035197030400
1520239036605997061
1520239038032388097
1520239044185239552
1520239045573373952
1520239048782090240
1520239049646440448
1520239051562913792
1520239064166715392
1520239064502259712
1520239069925883906
1520239072018534401
1520239074959044608
1520239075483037696
1520239077559308288
1520239077727285248
1520239079488573440
1520239080872701953
1520239081871253505
1520239085784289281
1520239092180520961
1520239092331696128
1520239095565676544
1520239096169304065
1520239096932626438
1520239103832322049
1520239106126938113
1520239106768269312
1520239115664773120
1520239116469751809
1520239116763504640
1520239118659330050
1520239119611219969
1520239119590428672
1520239121599455232
1520239120861212672
1520239123272937472
1520239123960934400
1520239126020198400
1520239125827305474
1520239127727386624
1520239128004431873
1520239129308504064
1520239131716374529
1520239135973584897
1520239136103616513
1520239148481015808
1520239155439030275
1520239156727017479
1520239163307868160
1520239163349815297
1520239173600301056
1520239175005802496
1520239180231868417
1520239190612463616
1520239193661706242
1520239194907373568
1520239199215321088
1520239208212090881
1520239218483548160
1520239219410554880
1520239220006158337
1520239220199108608
1520239222287966213
1520239223386689536
1520239225463099393
1520239227497328643
1520239228369649667
1520239229246185472
1520239230341062656
1520239231125590021
1520239231750533120
1520239232194949120
1520239235210563584
1520239235638300672
1520239236477296645
1520239236712001536
1520239238071021570
1520239242210807809
1520239243481681920
1520239244148568065
1520239245176152065
1520239249312088064
1520239251413082112
1520239259676196867
1520239263564333056
1520239282820050946
1520239293037391873
1520239296346988545
1520239298540281856
1520239303770615808
1520239310628265987
1520239323492536321
1520239333579526144
1520239335400165377
1520239335525666816
1520239336536801280
1520239344518569984
1520239346443423744
1520239349912457216
1520239352198008832
1520239356786913280
1520239372674953217
1520239373161140224
1520239383458508800
1520239386335399937
1520239401304961024
1520239408653344768
1520239409953927168
1520239414063992832
1520239417008726019
1520239418426093568
1520239420649050112
1520239424172605440
1520239425002737665
1520239424285470720
1520239426038681600
1520239428488540160
1520239432082681856
1520239432942632960
1520239440307757056
1520239444044906496
1520239446213677058
1520239446977040384
1520239448797024256
1520239462500147200
1520239465456828416
1520239470150303745
1520239486336086016
1520239491545731073
1520239493118234625
1520239494796316672
1520239495513141248
1520239495886479361
1520239497078018048
1520239498080432128
1520239501708197889
1520239503843401728
1520239508150943744
1520239508176117760
1520239510772383744
1520239512248795136
1520239514018402305
1520239520469622784
1520239525980782592
1520239529176621056
1520239530288185350
1520239533471965184
1520239533891416065
1520239533358718976
1520239540975603712
1520239540791050241
1520239545400320000
1520239551562018816
1520239561791926273
1520239564987957249
1520239565805862912
1520239568376659968
1520239578707218433
1520239581236539392
1520239581958139905
1520239598500478976
1520239600924753920
1520239602468294656
1520239603017412608
1520239605911408640
1520239610583945217
1520239611825381377
1520239615663546368
1520239617869754368
1520239620331810817
1520239622713843712
1520239623100047360
1520239624278646784
1520239625993961472
1520239631677403136
1520239632461434880
1520239636144001024
1520239637142568960
1520239637922390016
1520239639067471873
1520239640200237057
1520239641286557697
1520239650765705216
1520239651570675712
1520239652308848642
1520239660966068224
1520239662136061952
1520239663566393345
1520239668268498945
1520239670265004032
1520239672592535553
1520239680624955392
1520239687729778688
1520239693446533125
1520239698316173312
1520239704213364736
1520239705509744640
1520239708806463488
1520239711360794624
1520239712757514240
1520239718914719744
1520239719313199105
1520239722614124544
1520239724044386306
1520239724887420928
1520239732516474880
1520239736417181696
1520239746571980800
1520239746936893440
1520239747049918465
1520239753303576578
1520239754981572608
1520239765207281667
1520239767132454912
1520239768046829568
1520239768097136641
1520239772077154304
1520239772177891329
1520239773444501505
1520239774178500609
1520239776011796480
1520239779186884608
1520239780704886785
1520239781703262208
1520239796018311168
1520239796509360128
1520239799356952576
1520239804901838848
1520239810509967360
1520239812254478337
1520239817979998208
1520239822929264642
1520239824065953794
1520239830105530370
1520239836728557571
1520239837835522048
1520239845896949760
1520239847398465539
1520239849839681536
1520239851714453504
1520239854830845953
1520239857817497600
1520239858236915712
1520239859960786946
1520239861059391490
1520239864536461312
1520239873348685824
1520239878390181888
1520239880756142080
1520239882098319360
1520239884094504962
1520239887106326528
1520239889400606724
1520239890998480896
1520239891048988672
1520239891103510529
1520239892626026496
1520239896035700737
1520239897155883008
1520239900851064832
1520239920102936576
1520239920451026944
1520239924783423490
1520239932219875330
1520239933579210752
1520239936217108481
1520239937362137088
1520239939686113280
1520239941476749312
1520239942949285890
1520239945562345472
1520239945692049408
1520239951342088192
1520239951824130050
1520239952495546368
1520239954244161536
1520239954399354880
1520239964096655360
1520239965875367937
1520239966319611907
1520239969465368578
1520239971378302976
1520239971772235776
1520239975304151040
1520239980148563968
1520239981872431104
1520239982186614784
1520239982744522754
1520239986150297600
1520239996732854272
1520239999836250116
1520240004303187968
1520240008128794625
1520240008778903553
1520240013677514752
1520240014890004480
1520240022296817666
1520240035743735808
1520240035848613888
1520240043952017409
1520240051099410433
1520240061018640386
1520240061115412480
1520240061488730112
1520240062860263425
1520240063946592257
1520240064260829184
1520240065276178432
1520240065921921026
1520240066529927168
1520240067142316034
1520240069369790464
1520240070602608640
1520240072079011843
1520240071844147200
1520240076638154752
1520240082426339328
1520240089745436672
1520240090022252544
1520240092409110528
1520240094824833024
1520240102126936064
1520240108234059782
1520240116890955778
1520240122364497920
1520240124214509568
1520240124474572800
1520240131831398400
1520240135526563841
1520240135790825472
1520240140253229056
1520240150663495680
1520240153326854145
1520240160667242497
1520240163544498176
1520240169290330113
1520240170356064257
1520240170536423425
1520240170586435584
1520240179004735488
1520240182737661952
1520240183983362049
1520240184549593088
1520240189498884097
1520240190203170817
1520240191243317248
1520240192417722368
1520240194615918592
1520240196071342081
1520240196994093057
1520240206200201216
1520240207081410561
1520240209551855616
1520240211199934467
1520240219643322368
1520240219731103744
1520240223845683201
1520240233438408704
1520240236571234304
1520240236907069441
1520240237250846720
1520240237691404288
1520240240169918464
1520240240770052097
1520240244385230848
1520240244821741569
1520240250370412544
1520240253335867392
1520240263167623169
1520240265830670336
1520240268834148352
1520240269140312064
1520240270557687808
1520240271509704704
1520240272717746176
1520240276165767173
1520240276895264769
1520240277361131520
1520240278074163201
1520240279642591232
1520240285787119616
1520240286810935297
1520240288786108416
1520240296524587009
1520240297758048256
1520240312257773570
1520240312945635328
1520240313201471488
1520240314040320001
1520240316418523136
1520240321048719360
1520240323288465409
1520240323758149632
1520240325012254722
1520240325834420224
1520240328120627200
1520240328107732992
1520240328917217280
1520240331668680704
1520240340594466817
1520240342724882433
1520240350652092416
1520240353877512192
1520240355211628544
1520240359439499265
1520240360596729857
1520240365118562304
1520240372039008262
1520240375562051584
1520240377105502213
1520240380226252800
1520240380129644546
1520240391563268096
1520240392184418304
1520240394167939074
1520240394360922114
1520240395199778816
1520240408365654018
1520240411264299010
1520240414946906113
1520240417903550465
1520240418524639232
1520240420680536064
1520240424413462529
1520240424572489733
1520240425675943936
1520240429270134784
1520240431103356928
1520240432026099713
1520240436363034624
1520240443287818240
1520240447335333888
1520240454348189696
1520240455296098304
1520240458655764481
1520240458634465280
1520240459909861376
1520240464531980289
1520240468424269825
1520240471590969346
1520240476065918976
1520240480142856195
1520240483645067266
1520240484274552832
1520240485155352576
1520240486857854976
1520240491958177792
1520240494009143297
1520240496387686401
1520240496827768833
1520240496664510464
1520240496840306689
1520240501370540034
1520240506407583744
1520240508530008064
1520240511524962306
1520240517346258945
1520240521062776833
1520240523285467136
1520240525047382021
1520240527098085376
1520240528767430656
1520240531896700928
1520240535289556992
1520240539550904320
1520240539420938241
1520240540759080961
1520240544949370880
1520240548983975937
1520240551760920577
1520240555644514304
1520240558236905472
1520240561634308097
1520240569431183360
1520240577186775045
1520240581758361600
1520240583570518016
1520240583679176704
1520240585558298625
1520240587793858561
1520240592411774977
1520240594538594305
1520240596245377024
1520240597360992257
1520240598631870464
1520240601119162369
1520240603946127360
1520240604604633088
1520240607926849542
1520240616168652800
1520240616809979904
1520240622061625344
1520240626444685312
1520240629657513985
1520240632433766401
1520240634166190082
1520240637487898625
1520240642383048704
1520240643833929733
1520240644261777408
1520240650125406208
1520240653535703041
1520240659357401094
1520240666340896769
1520240667855036416
1520240668047597568
1520240669797007360
1520240669859934208
1520240670107049986
1520240672657223680
1520240674469072897
1520240675140378624
1520240684690681857
1520240685173014529
1520240685148180480
1520240686603268097
1520240687530541056
1520240713963044864
1520240714881413121
1520240721726296064
1520240723400224768
1520240726805602304
1520240734561087489
1520240735253307392
1520240738004455425
1520240740261326852
1520240744065236992
1520240744862470144
1520240746065850368
1520240748519911425
1520240749627199488
1520240751204270080
1520240755906052097
1520240759961571328
1520240761857785856
1520240762746970113
1520240764848345088
1520240787774001152
1520240789002997760
1520240788785217542
1520240790131572737
1520240792396517378
1520240798402748416
1520240801363935232
1520240806040576000
1520240816572497920
1520240822309965824
1520240824025743360
1520240830262693888
1520240842597838849
1520240848549531648
1520240852274081793
1520240853343633408
1520240855633649665
1520240859576664064
1520240861354680320
1520240862843707393
1520240866710855680
1520240871140360192
1520240871785975809
1520240873249787904
1520240873644371968
1520240876319956992
1520240876454572032
1520240886869037058
1520240889628884992
1520240907966042112
1520240909224640512
1520240909572485121
1520240912084791296
1520240921463619584
1520240921434279936
1520240921534951424
1520240923925704704
1520240926752313346
1520240928321343493
1520240931156357121
1520240945044013056
1520240948143587328
1520240948508246018
1520240948684369922
1520240957353955328
1520240960579330049
1520240960919470081
1520240962001203201
1520240964622856193
1520240968896638976
1520240971216158721
1520240971115823104
1520240975213637635
1520240983576768513
1520240984679878656
1520240986232082432
1520240987091927041
1520240989704945664
1520240993739866112
1520240994692005888
1520241002384363520
1520241003474608136
1520241004858658816
1520241005244878848
1520241006972903424
1520241008360902656
1520241009946284034
1520241012152537088
1520241012429721600
1520241012492611585
1520241014036123648
1520241014346158080
1520241015005020160
1520241015776759809
1520241016200065024
1520241026979352577
1520241030448414720
1520241030670422016
1520241030712692736
1520241030959751168
1520241031286910976
1520241038949978112
1520241039009001472
1520241040132780033
1520241042905341952
1520241048953700353
1520241050090356736
1520241050174242818
1520241060886183937
1520241064128708609
1520241066422595584
1520241069354479621
1520241069820051456
1520241072982863872
1520241073280348160
1520241074349826049
1520241077944721408
1520241082554273793
1520241095996715009
1520241099193094145
1520241101109874690
1520241105937526784
1520241110458990592
1520241114472542208
1520241115353341953
1520241117693841408
1520241127948922880
1520241132172546048
1520241134944985088
1520241141769465856
1520241144005033985
1520241146936520705
1520241150493224961
1520241154502979584
1520241157665525760
1520241160354156544
1520241165383368704
1520241166045777922
1520241168797569024
1520241169849937920
1520241170131329024
1520241170919886848
1520241171624202241
1520241177202933760
1520241179052621824
1520241186543263744
1520241191492947969
1520241193560395776
1520241197012631552
1520241206181064704
1520241207179636737
1520241207330603008
1520241207531958273
1520241221066964993
1520241224069771264
1520241228499292160
1520241230931652611
1520241231946608641
1520241237151735808
1520241240222363648
1520241241937567750
1520241242818641921
1520241244102103041
1520241247213944832
1520241247872761861
1520241248942305281
1520241254789173248
1520241258798616576
1520241263148093441
1520241267082514434
1520241268026388480
1520241273441255425
1520241274997002241
1520241275974619138
1520241276503093248
1520241278050398208
1520241278533124096
1520241279086465024
1520241280797663233
1520241281859227648
1520241284522426371
1520241287181774848
1520241287546368000
1520241289446694913
1520241295423205377
1520241296367296512
1520241305854521344
1520241306119073794
1520241310115934211
1520241312313749505
1520241314021113856
1520241316524793856
1520241317044899842
1520241317938626563
1520241321210183686
1520241325559676930
1520241325748408320
1520241332161495040
1520241337559564288
1520241338532659201
1520241340189003778
1520241342328492032
1520241342927937538
1520241343624527878
1520241344673095680
1520241346316963840
1520241346627641344
1520241347139039232
1520241353610842112
1520241359755821056
1520241363186753537
1520241363404701697
1520241366634479617
1520241366978105352
1520241368861274112
1520241370614575104
1520241370643845120
1520241373693104133
1520241374095806464
1520241375698374656
1520241376075476993
1520241380333092864
1520241382463795200
1520241385114599424
1520241389094993920
1520241398754480128
1520241405394034689
1520241407859982336
1520241408804028418
1520241409718382592
1520241411844886529
1520241415238066176
1520241416295059456
1520241425283121153
1520241434661892097
1520241434896760832
1520241435777597440
1520241437354467329
1520241439116267520
1520241445021818881
1520241446825066497
1520241450100789248
1520241451426144256
1520241451803635712
1520241451782656000
1520241454995881984
1520241457306603520
1520241459907031041
1520241461299941376
1520241465284173824
1520241467926937600
1520241470372196354
1520241471806644224
1520241472896847872
1520241476881776640
1520241485165211648
1520241484846428160
1520241490261204992
1520241495768326144
1520241499451310080
1520241498931236864
1520241501158133760
1520241504303783937
1520241519592341504
1520241526445834240
1520241527087591424
1520241530446954496
1520241531302858753
1520241531789004800
1520241533018337280
1520241540404510720
1520241543265030145
1520241543415697409
1520241547178086400
1520241547853238273
1520241550403706880
1520241550873497600
1520241553478123521
1520241556757696512
1520241559882457088
1520241561287938048
1520241563175383040
1520241569244528640
1520241574994579459
1520241579432181761
1520241588504391680
1520241592640356352
1520241596192944129
1520241597983895553
1520241601070891010
1520241603503620097
1520241605885652992
1520241606422859776
1520241609266278402
1520241611497635841
1520241617164435457
1520241619714326529
1520241622377660417
1520241622839033857
1520241625011990528
1520241625032986625
1520241630917312519
1520241633022808064
1520241633555783680
1520241634612768768
1520241636340826112
1520241636647010304
1520241642862964736
1520241646826258433
1520241647820304384
1520241648642715648
1520241653923332096
1520241662324224000
1520241666887544833
1520241674361790467
1520241683417366528
1520241686500155392
1520241687104081920
1520241689759129600
1520241691621756928
1520241692825243650
1520241692028583937
1520241695455322112
1520241700844675073
1520241703482916864
1520241708960690176
1520241710886002688
1520241712265715712
1520241728195760128
1520241729143980033
1520241735980314624
1520241740518592512
1520241742645436416
1520241744843280384
1520241747150118912
1520241750287478784
1520241752468168705
1520241760147890178
1520241762102484994
1520241763469864960
1520241763612385280
1520241765206597633
1520241771653251073
1520241774534750209
1520241781933154304
1520241780825894912
1520241789630050304
1520241790921867264
1520241793375563776
1520241798693933056
1520241799104589825
1520241801528889344
1520241803097784321
1520241806595997696
1520241807266770945
1520241807057035264
1520241813818204160
1520241814912995328
1520241819883544576
1520241829198843904
1520241829509173248
1520241830050549760
1520241834278395905
1520241835683516416
1520241841257746432
1520241844629966849
1520241844894183424
1520241848601935872
1520241853622525952
1520241853895159808
1520241854708858880
1520241861033533440
1520241867459244033
1520241873021173760
1520241875734568960
1520241876351295489
1520241880994582528
1520241888791785473
1520241889966190593
1520241891643510784
1520241891807092736
1520241893875253248
1520241898899705856
1520241899663097862
1520241901546262534
1520241902771007488
1520241904205824000
1520241904407162880
1520241904511713282
1520241905363488772
1520241913026478081
1520241917560197120
1520241920982720516
1520241920840462337
1520241921326649344
1520241921540509696
1520241922786623488
1520241929220288512
1520241930558648320
1520241935666933761
1520241936065785857
1520241942688583681
1520241947075825666
1520241947348242435
1520241947562381318
1520241947696582656
1520241950867456000
1520241951756324864
1520241964712529921
1520241964637032448
1520241965425913856
1520241970597462016
1520241971646050305
1520241974460133377
1520241974632415232
1520241980155908096
1520241986799738880
1520241987693154305
1520241989765148673
1520241991501881344
1520241995096391681
1520241995813326848
1520241998107713536
1520242000921956352
1520242004914892800
1520242005091418123
1520242006643015686
1520242012649570306
1520242013555539969
1520242018722607111
1520242019863773184
1520242021675327488
1520242022526849025
1520242023529283584
1520242027278979073
1520242031020642304
1520242035814711297
1520242039019171840
1520242042923732992
1520242043540611072
1520242044052344833
1520242046098833408
1520242048422400005
1520242051555930112
1520242051819868160
1520242057990017024
1520242061521592321
1520242062939013120
1520242062486286337
1520242062985396224
1520242064683769857
1520242067288428544
1520242069394313216
1520242071130415104
1520242072732639232
1520242078286249986
1520242086519316480
1520242086355750912
1520242095218655233
1520242098070757376
1520242099223818240
1520242104902897665
1520242109378625536
1520242110452342784
1520242112050044981
1520242112515624961
1520242127418056706
1520242130207526912
1520242131600044034
1520242134401437697
1520242135563264000
1520242135995658241
1520242136196599808
1520242140227698689
1520242140970119168
1520242141728964611
1520242143100477441
1520242146653003776
1520242147529699329
1520242150709293056
1520242151174537216
1520242159928344577
1520242164143296512
1520242164823097345
1520242170816774144
1520242173434040320
1520242173953728512
1520242176189337600
1520242176726532097
1520242178487775235
1520242181562576896
1520242183734890497
1520242186272804864
1520242194589790208
1520242195223420929
1520242196297183232
1520242203263913984
1520242207285985281
1520242211371499520
1520242217171914753
1520242217121886208
1520242220875411456
1520242222717075457
1520242233651654656
1520242239217102848
1520242240991367168
1520242241788608513
1520242244250660865
1520242245516988416
1520242246884691969
1520242255789174786
1520242258187939842
1520242260549697536
1520242264123265024
1520242268971872257
1520242270393409536
1520242271945629696
1520242273811779584
1520242274621616130
1520242281030512641
1520242284180434944
1520242285908303872
1520242289259741185
1520242293206581248
1520242295588605954
1520242295898972160
1520242296561668096
1520242300559175680
1520242301066530818
1520242303960780800
1520242305973719041
1520242306204712960
1520242318229446656
1520242319219326976
1520242324231847938
1520242333538611200
1520242339335131136
1520242343018139653
1520242347526696961
1520242347484712961
1520242347686383616
1520242353088331777
1520242353013141504
1520242354866728960
1520242356343427074
1520242363666362368
1520242366753677312
1520242372113616896
1520242372973453312
1520242376006311936
1520242382364876800
1520242385162489856
1520242388870234113
1520242393907298305
1520242402598191105
1520242404108161024
1520242404304904192
1520242406301798413
1520242412119281664
1520242414383816706
1520242419190538240
1520242422328004608
1520242423439380480
1520242423716188160
1520242425276485634
1520242428091170816
1520242431911817217
1520242435976138753
1520242438345920514
1520242438585319424
1520242443727228928
1520242444628938752
1520242449309790208
1520242450157105152
1520242454691074048
1520242456742215680
1520242456062832641
1520242458801872896
1520242459426816000
1520242461917859840
1520242462090215424
1520242463541063681
1520242466296762368
1520242468297445376
1520242468717199365
1520242468804997127
1520242469786767360
1520242472416604161
1520242476103385091
1520242476270841856
1520242476539584512
1520242481094627334
1520242482340311040
1520242482520498176
1520242487687745536
1520242487972950017
1520242488077787137
1520242493173891072
1520242493551710208
1520242508365660161
1520242510404395009
1520242510995460096
1520242512090177536
1520242514330275840
1520242514749685760
1520242520097423363
1520242522253295618
1520242525822656512
1520242526284034048
1520242526506340352
1520242532776816640
1520242534886248449
1520242540330381313
1520242548690001920
1520242550250287104
1520242559137697792
1520242559548739584
1520242559804608513
1520242563516538886
1520242565169119233
1520242567408873474
1520242571628453893
1520242575331848192
1520242586317103106
1520242587323359232
1520242599373664256
1520242608182009856
1520242609125396481
1520242614557343745
1520242618181251074
1520242621566038019
1520242623407325187
1520242628188852225
1520242628817989632
1520242629274791941
1520242636938162176
1520242636975906817
1520242637911236608
1520242646089879552
1520242646325010432
1520242649512390661
1520242655090724864
1520242655783190528
1520242656756248577
1520242663756541956
1520242667413643264
1520242673382158336
1520242676750483456
1520242680298901505
1520242689072984064
1520242691627380738
1520242692143210496
1520242693019942912
1520242693515137025
1520242698544095234
1520242703904038913
1520242705775087616
1520242705749606400
1520242706341310464
1520242707507331073
1520242709063421953
1520242709931315200
1520242711940694016
1520242716885483522
1520242717426470912
1520242717577846785
1520242717632385024
1520242727593836544
1520242730987057152
1520242732312137728
1520242732945776640
1520242738066694144
1520242739396308992
1520242739333410818
1520242741758009345
1520242742521364480
1520242745503207424
1520242747814608896
1520242747935928320
1520242749827534848
1520242752302108673
1520242759843868672
1520242769112969216
1520242769893392394
1520242772002820096
1520242772254416897
1520242773349355523
1520242776293920768
1520242780962177024
1520242784996782080
1520242785449742337
1520242795206045696
1520242799861374976
1520242801975328768
1520242806433849344
1520242810015805441
1520242813514153984
1520242817574273024
1520242821609009152
1520242831830315008
1520242834473103361
1520242837496877056
1520242839287828480
1520242846477041666
1520242850461458433
1520242851925618688
1520242856438353920
1520242857596289024
1520242865313816577
1520242874251870208
1520242881679613952
1520242882430791680
1520242885861519362
1520242891762720768
1520242892274806784
1520242894535200768
1520242899446730752
1520242900747005954
1520242902123057152
1520242907588227074
1520242911769931776
1520242915079245824
1520242915330904066
1520242915779301376
1520242920015921155
1520242920288550913
1520242925325942785
1520242928395771905
1520242932451667968
1520242937690427392
1520242945303392257
1520242945643139072
1520242948058755072
1520242951959752705
1520242955063562240
1520242958414450688
1520242963728986112
1520242965931003904
1520242970016251904
1520242972562169856
1520242973799493632
1520242978056720384
1520242979780190211
1520242981709783040
1520242981604798466
1520242985019056128
1520242987967868928
1520242991599812609
1520242991717257216
1520242994062200837
1520242997182763008
1520243005592006656
1520243006376267776
1520243008792190976
1520243009719132160
1520243011271401472
1520243013611450368
1520243015834513408
1520243021211906048
1520243022805364737
1520243022759628800
1520243022776381440
1520243023543926784
1520243023552024576
1520243024713842688
1520243025691037696
1520243030410022912
1520243032955625478
1520243038362435585
1520243039838834688
1520243041382002689
1520243043646943232
1520243045706637313
1520243046172217345
1520243046322900992
1520243047086231552
1520243048948527104
1520243049095307264
1520243050404257792
1520243050517188609
1520243053604220929
1520243054548250624
1520243055776870400
1520243056871571456
1520243058826088448
1520243058960637952
1520243082117398528
1520243082628804608
1520243087372550144
1520243091755597825
1520243094746443776
1520243095287197698
1520243098978504704
1520243101377634309
1520243101138178048
1520243102362914816
1520243103122472960
1520243106050093056
1520243107757170688
1520243110361862144
1520243116220944391
1520243119270244352
1520243120495075329
1520243121216700416
1520243125444259841
1520243128107552768
1520243130372530176
1520243135133401089
1520243137154715648
1520243137871900679
1520243138891497473
1520243143299395584
1520243145719443457
1520243153240203264
1520243154611765248
1520243159812702208
1520243160638627840
1520243161276182528
1520243163604336645
1520243172341075969
1520243174287241216
1520243179567878144
1520243183443386368
1520243186433945602
1520243189705474049
1520243195229372416
1520243196420587524
1520243198278348801
1520243203630571520
1520243206080073729
1520243207367688194
1520243209409949698
1520243210534395910
1520243214011174912
1520243221611249664
1520243226086498304
1520243227260973056
1520243230184382464
1520243232705187840
1520243250757763073
1520243251344596992
1520243252296777728
1520243256210038786
1520243256277479426
1520243262312751104
1520243262761881601
1520243264728989697
1520243264770613251
1520243266440273920
1520243268469985281
1520243278062698502
1520243280461504512
1520243288242274304
1520243292901847041
1520243295070285826
1520243295641010177
1520243297033154560
1520243298656419840
1520243300812595200
1520243303874428929
1520243304465846272
1520243305841250304
1520243307959689221
1520243310044282880
1520243314250981382
1520243318214766592
1520243322585251841
1520243326158577664
1520243327224139776
1520243330168229888
1520243331145428993
1520243332512845824
1520243337927700480
1520243342671372290
1520243343502245889
1520243345456459777
1520243348204040192
1520243350640545792
1520243351777595392
1520243357280219136
1520243357678669826
1520243360518537216
1520243363219329024
1520243363294834688
1520243370303496193
1520243370953969664
1520243375819026433
1520243378348171264
1520243379728437249
1520243381707821056
1520243383545253891
1520243386552250374
1520243386929664001
1520243399965609984
1520243400523456512
1520243411311546369
1520243412842074113
1520243417682432000
1520243419443982336
1520243420853260288
1520243422086549506
1520243424359710720
1520243425018146816
1520243428994727936
1520243430676656128
1520243433109344256
1520243439186501633
1520243442584256512
1520243443725119488
1520243445373095936
1520243446862458880
1520243446912790529
1520243447873310723
1520243458769768450
1520243458883084300
1520243460112285696
1520243464654393344
1520243471545942021
1520243472384638976
1520243474326757378
1520243475907694592
1520243476352610304
1520243476453298176
1520243480726892545
1520243487832436736
1520243489056772096
1520243489434308609
1520243491791523840
1520243492777492480
1520243494140649472
1520243494144847872
1520243498687295488
1520243498859245569
1520243501186752513
1520243504047263746
1520243504848732161
1520243505834061825
1520243507117518848
1520243507738583040
1520243509151756288
1520243514608852992
1520243515812327424
1520243516479516673
1520243516999290881
1520243524477747202
1520243525270781952
1520243526248067077
1520243527245991936
1520243530564014080
1520243533340237826
1520243535307751424
1520243538474135552
1520243542563897344
1520243544337764352
1520243546091044864
1520243546301014017
1520243546552381440
1520243546904686592
1520243547789996033
1520243548422959109
1520243553297133574
1520243554152419328
1520243554420809728
1520243561542782976
1520243563011133441
1520243566408527872
1520243569629429762
1520243573060677632
1520243577883795457
1520243579465367552
1520243580673359872
1520243582401392641
1520243585035440128
1520243584834113536
1520243585601310722
1520243587732373504
1520243593801175042
1520243593889341441
1520243593855651840
1520243600503697409
1520243600893702144
1520243602395336704
1520243603318054912
1520243605780430848
1520243606027894784
1520243611022991361
1520243613640572928
1520243613992509440
1520243614777229312
1520243619604537344
1520243619932045312
1520243625447227393
1520243630149357568
1520243636213927936
1520243637115793408
1520243642304462848
1520243646943358976
1520243648625008640
1520243653528424448
1520243655453200384
1520243657164550144
1520243657592688641
1520243659190415360
1520243659912151041
1520243664722616321
1520243666006159360
1520243666987618304
1520243673912406016
1520243675552358405
1520243682745942016
1520243686252048384
1520243686910480384
1520243686864343042
1520243688055529473
1520243688471154689
1520243688886407169
1520243690056273920
1520243691650433024
1520243697337708544
1520243698487132160
1520243701267988480
1520243701972619264
1520243704232955904
1520243706330173441
1520243711032000512
1520243712860721153
1520243720884748288
1520243722147213313
1520243730909138946
1520243729545990149
1520243734176485382
1520243737959444480
1520243739528433665
1520243741625257984
1520243742254403584
1520243743747887105
1520243744356057088
1520243748856205312
1520243750886592512
1520243752408956929
1520243753830993920
1520243761455919104
1520243763402076161
1520243766007046144
1520243766400983040
1520243768477515778
1520243769870028800
1520243769643528192
1520243772159709184
1520243772663410689
1520243773300953089
1520243774496325632
1520243775251001345
1520243777612689408
1520243780464431104
1520243782704271361
1520243787859079168
1520243791990788096
1520243795849547784
1520243802329473025
1520243802354507776
1520243802338131968
1520243806159118336
1520243812039540737
1520243813523939334
1520243815105277952
1520243816405827584
1520243818657845248
1520243823695204352
1520243829374619650
1520243839960760321
1520243841789759493
1520243842192011266
1520243845828464641
1520243858193682434
1520243858407182336
1520243866955239424
1520243868524224513
1520243872340738048
1520243872559169536
1520243878284066816
1520243880347807746
1520243883099103232
1520243884420644864
1520243893366714369
1520243894696378368
1520243898098274304
1520243904586686464
1520243905056604166
1520243907342176256
1520243908386635776
1520243912421511169
1520243914120503297
1520243915873746944
1520243919686037504
1520243922408468480
1520243939143720961
1520243939303133185
1520243948194725888
1520243948974923777
1520243956118093826
1520243957422501888
1520243965291016192
1520243965584617472
1520243968365129728
1520243968537026561
1520243970651361280
1520243972261945345
1520243972521693184
1520243973691912192
1520243979026984961
1520243990175510528
1520243991048241152
1520243991689965569
1520243996030775297
1520244004902039552
1520244006323912706
1520244007766347776
1520244009163055105
1520244015333281793
1520244021062356992
1520244022018658304
1520244026007457792
1520244026624073729
1520244028604059649
1520244029417353217
1520244038439366656
1520244043552157697
1520244046878322688
1520244050884182018
1520244051219345409
1520244053752762368
1520244054872629248
1520244054969225216
1520244057372508160
1520244062233980928
1520244062615265280
1520244066365046784
1520244081808789505
1520244085172363265
1520244086950993922
1520244087429148672
1520244089966727168
1520244093552836608
1520244094051958786
1520244093682880514
1520244094433259520
1520244104160227328
1520244104961007616
1520244107767353344
1520244108987535360
1520244109835124736
1520244115031543808
1520244117187432448
1520244118437257216
1520244121386258432
1520244124766846976
1520244125664440320
1520244130558857216
1520244139002335232
1520244159621259265
1520244160640712705
1520244163886821376
1520244166646587397
1520244168123363328
1520244169993728000
1520244175291052034
1520244176243154944
1520244179267321857
1520244188901941248
1520244188868378625
1520244194291245056
1520244194358755328
1520244196082597889
1520244197219270657
1520244197822926848
1520244199568080896
1520244201761681408
1520244202936094721
1520244203095093248
1520244211395702786
1520244211651514368
1520244223605604352
1520244228206772224
1520244228378353664
1520244229293088771
1520244236305985538
1520244236599185408
1520244238210191360
1520244241833750530
1520244249765113856
1520244252537606144
1520244254726967297
1520244257776291842
1520244257642393601
1520244259508563968
1520244266705977345
1520244269004607488
1520244275564343297
1520244277879898112
1520244280790425600
1520244283919458305
1520244284791803904
1520244284766572544
1520244290793840640
1520244291171647488
1520244291519475713
1520244296389390337
1520244297043390464
1520244302643068928
1520244304786059264
1520244310452875264
1520244315867344898
1520244322578296832
1520244327405871109
1520244327532097536
1520244327838273536
1520244329700200449
1520244332485242880
1520244334662414336
1520244341494583296
1520244348902060032
1520244351078522881
1520244354463399936
1520244359589142528
1520244365007802369
1520244365113053185
1520244366035795968
1520244370343366657
1520244379088486401
1520244379989864448
1520244381667581952
1520244390308225024
1520244393948508160
1520244394896805888
1520244400206630914
1520244401343447040
1520244402299432960
1520244403171827712
1520244405008887809
1520244407131197440
1520244410121814016
1520244410726088704
1520244412139577344
1520244416161624065
1520244418179059712
1520244423426146304
1520244428681609217
1520244433244942336
1520244433564110848
1520244435488940032
1520244435598168064
1520244435778301953
1520244436458176513
1520244436944711681
1520244444154724353
1520244447665332224
1520244448478724097
1520244450366087168
1520244451582824448
1520244465432395776
1520244466044780544
1520244471144714240
1520244472231391234
1520244475347447808
1520244481823412224
1520244482335068161
1520244485594124288
1520244487183908864
1520244492636688384
1520244495144861696
1520244516019531777
1520244518796541953
1520244527365197826
1520244532134117377
1520244533555982336
1520244533971218433
1520244545262292995
1520244560265240576
1520244562496610304
1520244562815774720
1520244566971932672
1520244571166314497
1520244572198420481
1520244572223586310
1520244577168330752
1520244579286777856
1520244585657626624
1520244588048691201
1520244588765663239
1520244588983685120
1520244589839663104
1520244593446776832
1520244600912240643
1520244604896903169
1520244605060493313
1520244609275731968
1520244609753882625
1520244615294578690
1520244619434360832
1520244620885516289
1520244620613271552
1520244624589463552
1520244626967257089
1520244627861049344
1520244628888645633
1520244629123534848
1520244637604413440
1520244646475034625
1520244653412421632
1520244656226934792
1520244659393507328
1520244660429414403
1520244660794687489
1520244662534955009
1520244667744681990
1520244669372076032
1520244677618057216
1520244679870013440
1520244685381726209
1520244686304477184
1520244696232394753
1520244696991158272
1520244697314250752
1520244697973030912
1520244700602634243
1520244701391073281
1520244708706070528
1520244712531128321
1520244712816660481
1520244716100780032
1520244720575737856
1520244720617672704
1520244723998363648
1520244724179042304
1520244727123116032
1520244728305922048
1520244729019269121
1520244730734706689
1520244731569082369
1520244732101767170
1520244732516995072
1520244741312372737
1520244742113488897
1520244742512345088
1520244747352559617
1520244748271112193
1520244750565011457
1520244753735974912
1520244761365708800
1520244767845920769
1520244768856735746
1520244770160881664
1520244776607490048
1520244776842502144
1520244780478832640
1520244782140133382
1520244782437519360
1520244783330910209
1520244787282333696
1520244789941256192
1520244795347976193
1520244802801254402
1520244804730654720
1520244812871794689
1520244814327185408
1520244822228930563
1520244824443473920
1520244826457141248
1520244827367297024
1520244829548343296
1520244832501112833
1520244839597883393
1520244841661181952
1520244844291309568
1520244845192773632
1520244845830279169
1520244850570166272
1520244854978412546
1520244855653343233
1520244856568049665
1520244857222340608
1520244856974897152
1520244859596308481
1520244866126516225
1520244867539947520
1520244869037707264
1520244869247434752
1520244872833568768
1520244874477731840
1520244874544508929
1520244874641289217
1520244876549386240
1520244884195528704
1520244885298630657
1520244887320350721
1520244894333243392
1520244896539439104
1520244897726361600
1520244898213122049
1520244898783408128
1520244899731234817
1520244902617300992
1520244905586556933
1520244905632698368
1520244907071262720
1520244907872755712
1520244908979679232
1520244913451180032
1520244915749687297
1520244915883896832
1520244918274330624
1520244918354014208
1520244919629074432
1520244919998185472
1520244922175340546
1520244924259909632
1520244925706940416
1520244927321436160
1520244929905102849
1520244932623028224
1520244933126287362
1520244934632087552
1520244938738384896
1520244939703320577
1520244941514960896
1520244953641029632
1520244953045409792
1520244955557822464
1520244957331681282
1520244962767831043
1520244962843316226
1520244964579745793
1520244966303272960
1520244966701682689
1520244967637061632
1520244967838412800
1520244968065224706
1520244968622755840
1520244970762174464
1520244972804784130
1520244972984754177
1520244978513068038
1520244989728485379
1520244991913709568
1520244994648338432
1520244996011884546
1520244998067097600
1520244998918139904
1520244999891615745
1520245001984176128
1520245007051067392
1520245008963489792
1520245009030672384
1520245014818828288
1520245015053991941
1520245013845659648
1520245015876096003
1520245015913836544
1520245020552732672
1520245021244485632
1520245023539101696
1520245027611774977
1520245027607261184
1520245028219617280
1520245031248211968
1520245035492528128
1520245035970985984
1520245044229263360
1520245046788112384
1520245049828683777
1520245049942212608
1520245052177776641
1520245054622736385
1520245054824099841
1520245055151239169
1520245057571684352
1520245060457025536
1520245061253955586
1520245062084427777
1520245062294114305
1520245072163340289
1520245074092707840
1520245077658202113
1520245077989556224
1520245085904211968
1520245092816404483
1520245095089733633
1520245095421059072
1520245103037915137
1520245103780331520
1520245106238189569
1520245110054686720
1520245112215064576
1520245115528552448
1520245116731940865
1520245122419478529
1520245122826264577
1520245124600836097
1520245129155870720
1520245132108664838
1520245134746873856
1520245135707377664
1520245139196628995
1520245139662196736
1520245139771658242
1520245141461938176
1520245142170791936
1520245145895317504
1520245148231213058
1520245149653401600
1520245150102204416
1520245150823624704
1520245151989637121
1520245157492572161
1520245160332111873
1520245163100057600
1520245169446014976
1520245171803541504
1520245171849367553
1520245172562710529
1520245173485469696
1520245181064261632
1520245182066741251
1520245185644425216
1520245187485831174
1520245187704135680
1520245192229457920
1520245194557657088
1520245194834120705
1520245197799833600
1520245201813471235
1520245202744909824
1520245208306180097
1520245210126884865
1520245211569434624
1520245214669324290
1520245216585797633
1520245218565828609
1520245222977941504
1520245223649161216
1520245226937679873
1520245226920886273
1520245230729007104
1520245235804442624
1520245237595394048
1520245238077726721
1520245238719201285
1520245242917703680
1520245243731271686
1520245244570501121
1520245246906355713
1520245251104944128
1520245255983235072
1520245256385855489
1520245257077620737
1520245258780803072
1520245268393848835
1520245268708741125
1520245270092472322
1520245271493738496
1520245272030285824
1520245272160260096
1520245272395190272
1520245272516775936
1520245273150193665
1520245275264126976
1520245282474127361
1520245289508126720
1520245291399933953
1520245291643195392
1520245292594987008
1520245293609979905
1520245294432407552
1520245299163238401
1520245302057267200
1520245302821031936
1520245303798284288
1520245305916096512
1520245309221183488
1520245310689185792
1520245311259787264
1520245314569240576
1520245317479792640
1520245318314471425
1520245320038244352
1520245320310935554
1520245320441274369
1520245322974642176
1520245323494346752
1520245323649937408
1520245325239582720
1520245327181541376
1520245329223843840
1520245329622634496
1520245333854679040
1520245334835933189
1520245335213314048
1520245337083944960
1520245337063010305
1520245338275454976
1520245340305526786
1520245340934270978
1520245348962533383
1520245349574602752
1520245351588204544
1520245355958640640
1520245356281274368
1520245356747190272
1520245357136990208
1520245360332972032
1520245368490913793
1520245369669529601
1520245372504793089
1520245373281128448
1520245377869307904
1520245379102502912
1520245380101046273
1520245382068203521
1520245384596971520
1520245386778054656
1520245392327135232
1520245392734318592
1520245393375723520
1520245394386857984
1520245394374283264
1520245394701451265
1520245399285829635
1520245399143186432
1520245404826103809
1520245405287550976
1520245409246957568
1520245414444019714
1520245419078746113
1520245421699846144
1520245425818968064
1520245428486246401
1520245436165935105
1520245436640284672
1520245437155868672
1520245437789540357
1520245439219478528
1520245444835635208
1520245447163789313
1520245451882000384
1520245454629351424
1520245463089250304
1520245465882628096
1520245466134319107
1520245473717538816
1520245477274697730
1520245478512021504
1520245479371862017
1520245482232041473
1520245484341719040
1520245485356814336
1520245489467150336
1520245490033782784
1520245490444496897
1520245490696491008
1520245493674418176
1520245494777532418
1520245494790115328
1520245494974324738
1520245496295870464
1520245496521969664
1520245498174906369
1520245501282512902
1520245501899157504
1520245504981958656
1520245505984401408
1520245506777051137
1520245511487647746
1520245512485556224
1520245515237339141
1520245526150938624
1520245527103045632
1520245529304739840
1520245531850641410
1520245533608407040
1520245535675846656
1520245546526511104
1520245547105357824
1520245551001792513
1520245553195409408
1520245553472303104
1520245555821088768
1520245556634738689
1520245562502574082
1520245564352659456
1520245566688862209
1520245566999232515
1520245576537112576
1520245579497951232
1520245581045977088
1520245585093165057
1520245594870411265
1520245602981842944
1520245603552268291
1520245609701146625
1520245614990471169
1520245614927577088
1520245617775181825
1520245618173956096
1520245621298724864
1520245624524148737
1520245638339858432
1520245639401160704
1520245639833075712
1520245643302010880
1520245645424365568
1520245648909807616
1520245648855298053
1520245648741715968
1520245650431963136
1520245659093573633
1520245659236179968
1520245660586364929
1520245662134452224
1520245663485018112
1520245666219716614
1520245667582853120
1520245668702396416
1520245674180112384
1520245692047970306
1520245693382033408
1520245695869235200
1520245696678477825
1520245699761565698
1520245708674433024
1520245719629590529
1520245727170990081
1520245727192096768
1520245727959859201
1520245729935368192
1520245730312847362
1520245735895175170
1520245738755616770
1520245741427761152
1520245742912217088
1520245745248763904
1520245747475951616
1520245750747525120
1520245751984627712
1520245756606955520
1520245758209171457
1520245758896730112
1520245762679926784
1520245766467760128
1520245767163707393
1520245767167913984
1520245770863005696
1520245775678132225
1520245775682641921
1520245775732658177
1520245775837843457
1520245781734649856
1520245784406413312
1520245784054497280
1520245784490688512
1520245784649748480
1520245784952078336
1520245785698308097
1520245788773064704
1520245789137989633
1520245796494479360
1520245802014474240
1520245804950507520
1520245809375178752
1520245809815584768
1520245811065634816
1520245814848679937
1520245817847599104
1520245822906335232
1520245829516369920
1520245837850640384
1520245838668533760
1520245839838744576
1520245841604526081
1520245845031288833
1520245850928074752
1520245856749768704
1520245857173774338
1520245859614871552
1520245864165376001
1520245867248164864
1520245868188045312
1520245874974093312
1520245876165586945
1520245876429836288
1520245877843316736
1520245878631837697
1520245881987289089
1520245886923599872
1520245889427664897
1520245891294121984
1520245891600293888
1520245899233951744
1520245900005756928
1520245903155601410
1520245903474405376
1520245906615853056
1520245907001798658
1520245912567648256
1520245915634008064
1520245916233609217
1520245920234807296
1520245920956182528
1520245924852764672
1520245927990022144
1520245929194176513
1520245929848487936
1520245932876464129
1520245943806742528
1520245947132825600
1520245952065392640
1520245957132136449
1520245958130298880
1520245958906621953
1520245961775513601
1520245964690366464
1520245981270319104
1520245984064045056
1520245984462524416
1520245984806072320
1520245986618392578
1520245994222665728
1520246001281363971
1520246001369780225
1520246001642401792
1520246001927614464
1520246003584364544
1520246003722768384
1520246008554262530
1520246009754165248
1520246011410915328
1520246014690529280
1520246025386328064
1520246026359422976
1520246027378323456
1520246029379325953
1520246033220919296
1520246034370547712
1520246033804324864
1520246042557513728
1520246044889468929
1520246047766765571
1520246047679066112
1520246050287947782
1520246058508775425
1520246059343450112
1520246062665007105
1520246073809596422
1520246080205508608
1520246085179953153
1520246085825949696
1520246088749314048
1520246090020245505
1520246094244061185
1520246094449414144
1520246098673033217
1520246099612602369
1520246106466127872
1520246108693630976
1520246109557321731
1520246109717016577
1520246117580955650
1520246121179799552
1520246122287026177
1520246124027604992
1520246128087756800
1520246128544915462
1520246129455435776
1520246130201702400
1520246134027227136
1520246140213821440
1520246142017368064
1520246148774174722
1520246155707564032
1520246167988162561
1520246181359591428
1520246185654693888
1520246186032386049
1520246192265138178
1520246192776437760
1520246194957852673
1520246195842879489
1520246196115152897
1520246197428318208
1520246200871514112
1520246203807531008
1520246209575006208
1520246209625354240
1520246210262880256
1520246214054141952
1520246214611984385
1520246218126860289
1520246223021932544
1520246223428481024
1520246225211375616
1520246225408118784
1520246233302200321
1520246233473830913
1520246234522349570
1520246241749499904
1520246243330772993
1520246249026629632
1520246254030131200
1520246255405780992
1520246262662000640
1520246274318270464
1520246276788723712
1520246279116247040
1520246280265793542
1520246280341323776
1520246281020624897
1520246285592571904
1520246287362191361
1520246291359760384
1520246295365296129
1520246299550883840
1520246300830158848
1520246302797611008
1520246303028301825
1520246308602548224
1520246309508513792
1520246315069833217
1520246315346587648
1520246315388522497
1520246316013527041
1520246316185833472
1520246319159603200
1520246319579021312
1520246327678242816
1520246327665659906
1520246327862464512
1520246345260421120
1520246351891599360
1520246353103781888
1520246354110472193
1520246355410980864
1520246363534991360
1520246369348247552
1520246374171774976
1520246375497486337
1520246379561463808
1520246380622585857
1520246383277535232
1520246392567959552
1520246409764622336
1520246410930794500
1520246419877023744
1520246427498082305
1520246428529881090
1520246435681226753
1520246435802927104
1520246444090740737
1520246456724033536
1520246458569883648
1520246461300379648
1520246462739001344
1520246467717660672
1520246469420531713
1520246471886442497
1520246477850697728
1520246480967450624
1520246483412725760
1520246483890892800
1520246487158235137
1520246489473511429
1520246494363799552
1520246495194546176
1520246498570645504
1520246499388518401
1520246514639011846
1520246519156416516
1520246521286959105
1520246530107908097
1520246531734982656
1520246535249747969
1520246535929311232
1520246542598238209
1520246544531791872
1520246548147277831
1520246549447528448
1520246554623307777
1520246560285945856
1520246561124810753
1520246561988505600
1520246561946578944
1520246563809161216
1520246566891626496
1520246571363094529
1520246577126068224
1520246579164495872
1520246582070833152
1520246587955372033
1520246590359089152
1520246593236074496
1520246597892059136
1520246601385529348
1520246602816159744
1520246605215318016
1520246608822095872
1520246609669652481
1520246615155429376
1520246621555945472
1520246621908652032
1520246623468544000
1520246623938383872
1520246625242820608
1520246637142351872
1520246641336664064
1520246644042010625
1520246646507986944
1520246652929384448
1520246657585418242
1520246663251902464
1520246664090378240
1520246664929640449
1520246670037905408
1520246672332554240
1520246673175621632
1520246674039668737
1520246678363983872
1520246679110361090
1520246682738634752
1520246692460646400
1520246696714059776
1520246701725913089
1520246705760833536
1520246709024034817
1520246709099839488
1520246709565022209
1520246712992174080
1520246716351811585
1520246720877445120
1520246721951203328
1520246725549514752
1520246724719091713
1520246730364661760
1520246732818288640
1520246733313249281
1520246737029410816
1520246743837065216
1520246746940526592
1520246749797171202
1520246751352958976
1520246755291394048
1520246755694379008
1520246761809649664
1520246763013033985
1520246766788300800
1520246768339865601
1520246769988251648
1520246775977848833
1520246782785032192
1520246783439343616
1520246787659165697
1520246787713294336
1520246794961428480
1520246798472065026
1520246801332273152
1520246818986405890
1520246820336652288
1520246820961927168
1520246822169497601
1520246821863391232
1520246822848983040
1520246830377832448
1520246830566567937
1520246830604652544
1520246833330950144
1520246834090115072
1520246834526302208
1520246835344199681
1520246838854438912
1520246840536764416
1520246846484279297
1520246847557697537
1520246856093102080
1520246861789294592
1520246865458962432
1520246868638572544
1520246873621114880
1520246880470507520
1520246880684625925
1520246888917725184
1520246894903324673
1520246897968963585
1520246901500936192
1520246902754738176
1520246907721121792
1520246909247832065
1520246910048632834
1520246912657817600
1520246912862937088
1520246913148530689
1520246917422194688
1520246920585019393
1520246924502126593
1520246927304003585
1520246930651348993
1520246937391628288
1520246939555889153
1520246941178683392
1520246941149409280
1520246948183572480
1520246950855016449
1520246951530606592
1520246951643877376
1520246952902131713
1520246955141566464
1520246955729108992
1520246956668334082
1520246959197409280
1520246970010697730
1520246973927882752
1520246977551732736
1520246980903321601
1520246986620162048
1520246989530988545
1520246990160150528
1520246991237701633
1520246995079757824
1520247004341075968
1520247004580179973
1520247012251541504
1520247014352900096
1520247015476580353
1520247018211676160
1520247020766007296
1520247023211057153
1520247026927104000
1520247039460012033
1520247039820701696
1520247046359470081
1520247049366634498
1520247052076466177
1520247063354961920
1520247074620510208
1520247078068244480
1520247079557545985
1520247086758825984
1520247090005176321
1520247092291129345
1520247092656041985
1520247095956938752
1520247102651387904
1520247106778419200
1520247115368505344
1520247116056068097
1520247123626799104
1520247125866848257
1520247133081051136
1520247135274676224
1520247136952016897
1520247139904868353
1520247143306571776
1520247145500385280
1520247147316539393
1520247148302204928
1520247150537441280
1520247154127876096
1520247154904027136
1520247155403149312
1520247155683840000
1520247164974559233
1520247165259763712
1520247166207283200
1520247166421594112
1520247168980103168
1520247169818984449
1520247170519027713
1520247174478524416
1520247174583398400
1520247177309655040
1520247182774849538
1520247185295568896
1520247188898648064
1520247192266567681
1520247195899146241
1520247211770413057
1520247212151697408
1520247212780883969
1520247215016787968
1520247215713038338
1520247219726606337
1520247225628381184
1520247226026852355
1520247226294972416
1520247226710200321
1520247232007929856
1520247237825105922
1520247238785585157
1520247240475901952
1520247244511129600
1520247245249327104
1520247246033367040
1520247246377603072
1520247246415351808
1520247253742497792
1520247258238930944
1520247262953148416
1520247264383422464
1520247267869224960
1520247275536142336
1520247279885586432
1520247283014840321
1520247288668758016
1520247293462519812
1520247293949394945
1520247294766977024
1520247294884384770
1520247296302084097
1520247304837791744
1520247306435829762
1520247312718909440
1520247317126782976
1520247317147791362
1520247317974368256
1520247320071184384
1520247323670249472
1520247324286459904
1520247329814507520
1520247333019348992
1520247339558268928
1520247340061593600
1520247341969645569
1520247344108695553
1520247352824451078
1520247358524563456
1520247366422462464
1520247370943897600
1520247371787288583
1520247372458373120
1520247375582818304
1520247381077684225
1520247381631008768
1520247383719694336
1520247386068557824
1520247386878087170
1520247388182818816
1520247396747583488
1520247398575923200
1520247410764972032
1520247411448631296
1520247411817340928
1520247414594043904
1520247417471336448
1520247417970761730
1520247420717658113
1520247423695613952
1520247423708266497
1520247426602631168
1520247427688968192
1520247431216070658
1520247431346425857
1520247432998621187
1520247434844471297
1520247435460694018
1520247440645173249
1520247440552566785
1520247445036290050
1520247445971943424
1520247454742224896
1520247462321340417
1520247463118249984
1520247462878883840
1520247467681275905
1520247469325504512
1520247472140197888
1520247472462786560
1520247472668389377
1520247473620484097
1520247474790748161
1520247479144693760
1520247482298474498
1520247491975086081
1520247501584240641
1520247504063074304
1520247504201449473
1520247508621950976
1520247509385617408
1520247512971739138
1520247513629880320
1520247514280062976
1520247516000026624
1520247516054269957
1520247517593862145
1520247520072708099
1520247520697663488
1520247522693767168
1520247522857476096
1520247523105193984
1520247523591397376
1520247525156229120
1520247528394203137
1520247530302304257
1520247534320422912
1520247535876861952
1520247538733182977
1520247545678942208
1520247547092078592
1520247550770483200
1520247551215435776
1520247552670519296
1520247556780920832
1520247559138119680
1520247563487969285
1520247563835772928
1520247567988056064
1520247570236207105
1520247571091845121
1520247571603546112
1520247574082379781
1520247574531244033
1520247574569316358
1520247578457423873
1520247583163117568
1520247583738064896
1520247583725084677
1520247586711429120
1520247586770227200
1520247589203243014
1520247593934106625
1520247594001174529
1520247595989278720
1520247597495361536
1520247597541199873
1520247598879150081
1520247599286333440
1520247600556904448
1520247600976257024
1520247601484152834
1520247603073482753
1520247611747598337
1520247611952824321
1520247612250943490
1520247616289660928
1520247617162076160
1520247617371795457
1520247617921650688
1520247619661930497
1520247623210332160
1520247624447967232
1520247626415108096
1520247626972930048
1520247631393427457
1520247635369938944
1520247638410469376
1520247643187793920
1520247643498291200
1520247648002871299
1520247648090923008
1520247650108334080
1520247654579838976
1520247656362090496
1520247662700019713
1520247667049205760
1520247668814999553
1520247669649997825
1520247674909655040
1520247676826439686
1520247677157801985
1520247686368096256
1520247695382028289
1520247700700430337
1520247701249613824
1520247703522865152
1520247703875506176
1520247704898527232
1520247715824750592
1520247716424536064
1520247718136119296
1520247721377992705
1520247727657189377
1520247729544638464
1520247730563473408
1520247735072755714
1520247735063965696
1520247735290527744
1520247746963582976
1520247755381248001
1520247756233003008
1520247757180571648
1520247761098092545
1520247761882345473
1520247767582797826
1520247773295439872
1520247774339801090
1520247774729879552
1520247776252076035
1520247776268873728
1520247779225862145
1520247780110831616
1520247783646990336
1520247786901741568
1520247787300225024
1520247789044649984
1520247799677284352
1520247802168635394
1520247802374541312
1520247806593622017
1520247812155318273
1520247814693220353
1520247818325176320
1520247824671473664
1520247832187478017
1520247833277853697
1520247834821668864
1520247838931709952
1520247851233980416
1520247852613902336
1520247853612167168
1520247855608328192
1520247860956397569
1520247861560025088
1520247863296819206
1520247863204192256
1520247869097521154
1520247871844794368
1520247877851054080
1520247877976530944
1520247878870253569
1520247879008665600
1520247879298056192
1520247881885642752
1520247882041143296
1520247883081355265
1520247884590960640
1520247887149424641
1520247893134774272
1520247897790443520
1520247898205696000
1520247899850162178
1520247900953264128
1520247908544970752
1520247920448380928
1520247926635003905
1520247926945361921
1520247927171874816
1520247929524703232
1520247930858635264
1520247935128453121
1520247940128075776
1520247940438056964
1520247945001537536
1520247948621193216
1520247949271306240
1520247959770005504
1520247961439014912
1520247962919911424
1520247966224707584
1520247970570321920
1520247971165597696
1520247976920182786
1520247979365396480
1520247980145909761
1520247980732821505
1520247982167191552
1520247982364364800
1520247984159531010
1520247985002598400
1520247987959922689
1520247994141970432
1520248003398750208
1520248005655334912
1520248006301274115
1520248006842654720
1520248014861787136
1520248023544172544
1520248026161246208
1520248032339447810
1520248034029830144
1520248040623583233
1520248042179665920
1520248043446358016
1520248044469780481
1520248046428205056
1520248046738493440
1520248050010103813
1520248050123362304
1520248050106908672
1520248051642019841
1520248054481580034
1520248058461573120
1520248060018053120
1520248072659685376
1520248076589727746
1520248079533940736
1520248083044794369
1520248084235653121
1520248093715103744
1520248095006625792
1520248098408177858
1520248098786004993
1520248100622716928
1520248100862181376
1520248102330208256
1520248103277715457
1520248103710134272
1520248109774753797
1520248111054323712
1520248113511866368
1520248113805787138
1520248119749124097
1520248120780931072
1520248123574132736
1520248124396109824
1520248125843439616
1520248129765130241
1520248140603228160
1520248144667488256
1520248149860044801
1520248155669172224
1520248156033671168
1520248158286381057
1520248160752267269
1520248164611235841
1520248165206691840
1520248167107035136
1520248173209735169
1520248175243968513
1520248180587511809
1520248184727289861
1520248188673818624
1520248195154157570
1520248199994171393
1520248200837632000
1520248202783768577
1520248218520801282
1520248225030369280
1520248231246311424
1520248232009662464
1520248233477373952
1520248233653530624
1520248241065164801
1520248241476218881
1520248245121077249
1520248245943148544
1520248248560398349
1520248248773926912
1520248249780604928
1520248256927653889
1520248287097671680
1520248298656845825
1520248299193700356
1520248299068207106
1520248302989877249
1520248303220563969
1520248304076005376
1520248305069961216
1520248307771076608
1520248310610612225
1520248323189665792
1520248324628316160
1520248325382950917
1520248326062592002
1520248330390892547
1520248340453068800
1520248345784369152
1520248347826995201
1520248349928333312
1520248357444198400
1520248358119436288
1520248374628610048
1520248375311933440
1520248383339782145
1520248385256947712
1520248387110465538
1520248391007350784
1520248394518003712
1520248395604004865
1520248396178931715
1520248396774518785
1520248405037002752
1520248406207201281
1520248406878400513
1520248407528710144
1520248407591624707
1520248416046964738
1520248418912063489
1520248422837592064
1520248429766533120
1520248433289834496
1520248435898683392
1520248438935683072
1520248440315207682
1520248444937728002
1520248445726228480
1520248462188904448
1520248462335381505
1520248465917300736
1520248471625773056
1520248471978385408
1520248472154550272
1520248472280383489
1520248478164676609
1520248478563471362
1520248485827596288
1520248486352105472
1520248489405415424
1520248498523803648
1520248500889526272
1520248507000516609
1520248508951187457
1520248510305619968
1520248511488733184
1520248512067211264
1520248512956743681
1520248514546368512
1520248515129384960
1520248516735504384
1520248522196787200
1520248523320532992
1520248526172987394
1520248534280568832
1520248535794724864
1520248544216506368
1520248544753598466
1520248544892194816
1520248548293775360
1520248551502381056
1520248557512855553
1520248558813065217
1520248560922480640
1520248561392230402
1520248563451658240
1520248563552296961
1520248564873854976
1520248566882521088
1520248566916485120
1520248570951376896
1520248578442027008
1520248585429798912
1520248588542287873
1520248592224595970
1520248594824982529
1520248600588173312
1520248602395693056
1520248606338523141
1520248608339025920
1520248609102778368
1520248609433800704
1520248610906025988
1520248623640064000
1520248625938714625
1520248630568906752
1520248632158523392
1520248635039965185
1520248636025696256
1520248636466249728
1520248649934008321
1520248650517020673
1520248652543180800
1520248653507534848
1520248653797298177
1520248654803738626
1520248659325071361
1520248664136228865
1520248664299819008
1520248665276780544
1520248666274942978
1520248669512994817
1520248670259920896
1520248679986126848
1520248680875442179
1520248682045534209
1520248685065809920
1520248686885826560
1520248688534523906
1520248689654374401
1520248689935011840
1520248690229006336
1520248692904587264
1520248695249285120
1520248700282740737
1520248705634344960
1520248710126772224
1520248715117621248
1520248720314445824
1520248721321361408
1520248722042793985
1520248726060937216
1520248727495057408
1520248729307348992
1520248735325835267
1520248738140147712
1520248745731903488
1520248746269118464
1520248750773473280
1520248762563952641
1520248763008258048
1520248765206065152
1520248768729341954
1520248777352773633
1520248780356222976
1520248784487272448
1520248786240819200
1520248787301969920
1520248794465464320
1520248796399108096
1520248798014238725
1520248799926833153
1520248805219729410
1520248805689819137
1520248806461558784
1520248809221410817
1520248810383249409
1520248812153225217
1520248813419597824
1520248822156632064
1520248823570104320
1520248827013308416
1520248834055901184
1520248834978627584
1520248835645521921
1520248835791941632
1520248838300205056
1520248838296326144
1520248854897393665
1520248855270670336
1520248859175563264
1520248861712961536
1520248866016169990
1520248867450933250
1520248872546697218
1520248876300587008
1520248879694098432
1520248881212456960
1520248884575883264
1520248884886265856
1520248885356412928
1520248887008706560
1520248888598622208
1520248890091581442
1520248893174288385
1520248896265474048
1520248898182287360
1520248898350055425
1520248902221709312
1520248915169525760
1520248915182129152
1520248918528864256
1520248918906269696
1520248920089436161
1520248921557135360
1520248923625234432
1520248926418653184
1520248938908979200
1520248939081273345
1520248939307433985
1520248940155015168
1520248947909926912
1520248948526489605
1520248957943029762
1520248964385488896
1520248965081436160
1520248966742429698
1520248969204748289
1520248976003694592
1520248977282592770
1520248979065217024
1520248979832729600
1520248980667797504
1520248983066939394
1520248988557246464
1520248997159440385
1520248998158041088
1520249000573554689
1520249006537908224
1520249008286945282
1520249014578720768
1520249016742604801
1520249017346658304
1520249020513665024
1520249020609798146
1520249022086545409
1520249022153330688
1520249023596089345
1520249028101165057
1520249031141715968
1520249031867305987
1520249035596365824
1520249041157648386
1520249050007625729
1520249055623847936
1520249059000209408
1520249066625843200
1520249068983054336
1520249077845598208
1520249079359741953
1520249085000749056
1520249092085268481
1520249094081769473
1520249096686030850
1520249099827965958
1520249100088016897
1520249101274980353
1520249107939749888
1520249110036885509
1520249109864939520
1520249113391947776
1520249114327658496
1520249117662126080
1520249121013043201
1520249121222787072
1520249122581745665
1520249125798748160
1520249127023833088
1520249130752241665
1520249132413112322
1520249133822472192
1520249134158336001
1520249136213159936
1520249136922038273
1520249139509927937
1520249147257163782
1520249151937978369
1520249153829617664
1520249155477643264
1520249155574194176
1520249167209148416
1520249168031535105
1520249170317086721
1520249181327470592
1520249182178922496
1520249194233036800
1520249197249052672
1520249201329795073
1520249204060585984
1520249207596085249
1520249213958860800
1520249214051127298
1520249216131809280
1520249218245738496
1520249220649070592
1520249221936717826
1520249229289345024
1520249231419740162
1520249238688776193
1520249240437800960
1520249248767680515
1520249249585238017
1520249252827389952
1520249258683035648
1520249261664858114
1520249264127229952
1520249266526072832
1520249273748656128
1520249277473488897
1520249278442389505
1520249281051267073
1520249289208786944
1520249289196244992
1520249291318640641
1520249295101849600
1520249301602951170
1520249304480620545
1520249307810705411
1520249309417000961
1520249309538578434
1520249311971332097
1520249317420072961
1520249318971650048
1520249320486096897
1520249320741634049
1520249321278820353
1520249321417228290
1520249324751360000
1520249334650273792
1520249335467761664
1520249337095200769
1520249337229447168
1520249338332549120
1520249346863730688
1520249347581317120
1520249349149978624
1520249353214246912
1520249356300869632
1520249358079332354
1520249371442311174
1520249375431303169
1520249377423458304
1520249381538082816
1520249386806087680
1520249388580278272
1520249394712518658
1520249398365945857
1520249402358595584
1520249404061483008
1520249404237619200
1520249408230944768
1520249412026773504
1520249420830314497
1520249434767912960
1520249442502590465
1520249443173695488
1520249447036248064
1520249449356066816
1520249452375646210
1520249455227768832
1520249456700321793
1520249460420673536
1520249464619175936
1520249464732086275
1520249465944248321
1520249470658637824
1520249472789278722
1520249476073410561
1520249479647023104
1520249485468733441
1520249487083868160
1520249487293558784
1520249493685673984
1520249496273588225
1520249497041125377
1520249497296977920
1520249497804480513
1520249501860392960
1520249502611144704
1520249504720912385
1520249506188906497
1520249508659032064
1520249511826067457
1520249516871585792
1520249518448517121
1520249521300656128
1520249521040609281
1520249521934008320
1520249533287964672
1520249535338991616
1520249546504536064
1520249548794626048
1520249551835496449
1520249553726763009
1520249553722626048
1520249554456965120
1520249556012716032
1520249557212631045
1520249558684499968
1520249559347527680
1520249570386534402
1520249575071576065
1520249575604637696
1520249585402146816
1520249588749578240
1520249588720214017
1520249589739429888
1520249591072841728
1520249594201788416
1520249599684145152
1520249608106299398
1520249612954529794
1520249613638193153
1520249617564143616
1520249620072304640
1520249630642282496
1520249637373988865
1520249639039291393
1520249645896667137
1520249662795526144
1520249666209984512
1520249668730560512
1520249679405264896
1520249684765200384
1520249690255949825
1520249693506220032
1520249697700818944
1520249702788526082
1520249704952770561
1520249709532639232
1520249710602203137
1520249713437843457
1520249716273217536
1520249718768816129
1520249718202593281
1520249719431188480
1520249719502819329
1520249720056479745
1520249720685293569
1520249728302141442
1520249729145180160
1520249731724677121
1520249732819415041
1520249734929457152
1520249735713812480
1520249736946589696
1520249739140542467
1520249740008771584
1520249740440391680
1520249742177226753
1520249743955218432
1520249743984984064
1520249747101327360
1520249753128165376
1520249754755555328
1520249755800338432
1520249759029952512
1520249763178098688
1520249763626885120
1520249764939386880
1520249768752353280
1520249769087553536
1520249769360125952
1520249770903629824
1520249774288797697
1520249778583785474
1520249790835171328
1520249793414524928
1520249795079991298
1520249796132442114
1520249799101976576
1520249803485057025
1520249803967709184
1520249804206788608
1520249805355634688
1520249810917347328
1520249820979425280
1520249821726396416
1520249822837497857
1520249830505082880
1520249847596478464
1520249850222493696
1520249854244446208
1520249859646795777
1520249859562893312
1520249861597065216
1520249862079782917
1520249876545941504
1520249876684017664
1520249877519040512
1520249877887811584
1520249881155145728
1520249895973621760
1520249896137543680
1520249903163019266
1520249904232550400
1520249906103189506
1520249907247910912
1520249915078631427
1520249914986741760
1520249917343940614
1520249920145428481
1520249921328230400
1520249922926551040
1520249926294278145
1520249926537519104
1520249926701453312
1520249927682883584
1520249930975432704
1520249948507615233
1520249949396639750
1520249950684139520
1520249950856433665
1520249951426654208
1520249954786107392
1520249956317114368
1520249957445480448
1520249963996860416
1520249968883232768
1520249972750696448
1520249973216256001
1520249975438921730
1520249975795777537
1520249977296998401
1520249978991841280
1520249986868342785
1520249987757912065
1520249991683784704
1520249991939637248
1520249995349225472
1520249996863434752
1520249998662717440
1520249999539331072
1520250004706791424
1520250005415612417
1520250006166720512
1520250008385495042
1520250009492410368
1520250010050625536
1520250012684353536
1520250015658430464
1520250018401165312
1520250018610876416
1520250020284481536
1520250026261286913
1520250034964500481
1520250038823559168
1520250042002849793
1520250042858491904
1520250043915137024
1520250045941284864
1520250049368059904
1520250060214202371
1520250060319387648
1520250061435076608
1520250062592372736
1520250065553866752
1520250069118713863
1520250084239331329
1520250095546945536
1520250097275064321
1520250097988415488
1520250099183792128
1520250100102049793
1520250104627998721
1520250110537453568
1520250112219435009
1520250125121064960
1520250125905317890
1520250127356678144
1520250130733051904
1520250134596308992
1520250135787499520
1520250139331362818
1520250140166336512
1520250142036664320
1520250149553213440
1520250154296942592
1520250154879623168
1520250156922585089
1520250161280131072
1520250164728205313
1520250166187413504
1520250171569111040
1520250176463839232
1520250177894109184
1520250183153377281
1520250185376743424
1520250191856947201
1520250194629394433
1520250195774414848
1520250196437143552
1520250197376651265
1520250197401796608
1520250198441828354
1520250199490572288
1520250203873284098
1520250207321341954
1520250209254535168
1520250211192385536
1520250213013008385
1520250218356559878
1520250219983638530
1520250224819662848
1520250227001020417
1520250229194297345
1520250232835309569
1520250240984621057
1520250241446203392
1520250242754818048
1520250248995561475
1520250249385680896
1520250249654472704
1520250251080351744
1520250252137463808
1520250253466812416
1520250255891378177
1520250256008839168
1520250261020807169
1520250262719324160
1520250272085209088
1520250273767526400
1520250276170862592
1520250280511930368
1520250288778915840
1520250288783126528
1520250291219668992
1520250295309471746
1520250297502732289
1520250304289148929
1520250308097560576
1520250311965036544
1520250311926960128
1520250312661123073
1520250317182357506
1520250319397015553
1520250320734932995
1520250323033812993
1520250325009334272
1520250325248385025
1520250325512630272
1520250328465088513
1520250328460918786
1520250330637688833
1520250331182952449
1520250338305056768
1520250340590850048
1520250342969163778
1520250343632039936
1520250343799803904
1520250345783451648
1520250346064412672
1520250349139169280
1520250351567667201
1520250353371197442
1520250355451187200
1520250357997510656
1520250360308592640
1520250360480206848
1520250361348427776
1520250369930297344
1520250371704496128
1520250374719823872
1520250381619830786
1520250392252395520
1520250394651226112
1520250397046181888
1520250401773469697
1520250405850337280
1520250409147060224
1520250411353251840
1520250412439605249
1520250415387881474
1520250416000241665
1520250422145196034
1520250422484926465
1520250424951185408
1520250428667035649
1520250429090967552
1520250443636822016
1520250444974415872
1520250450548645890
1520250450595164161
1520250451811520512
1520250451786346496
1520250451916394496
1520250453354721280
1520250454625722368
1520250454869164032
1520250455846457344
1520250457972641792
1520250470442299392
1520250471230943232
1520250471314722816
1520250471813816321
1520250472249978882
1520250473819013120
1520250478336294912
1520250481297166336
1520250481708519424
1520250483771944960
1520250487496675328
1520250487723143168
1520250491153747968
1520250491325673472
1520250495105142786
1520250498003382272
1520250505376661504
1520250506056138752
1520250506241011712
1520250506156724224
1520250508404875264
1520250512398249985
1520250518014103552
1520250520006709250
1520250522640416770
1520250523022413824
1520250524158750722
1520250532220530689
1520250533725966338
1520250534082805760
1520250536221888512
1520250543113142273
1520250543259627520
1520250548049432576
1520250550293774337
1520250555217870848
1520250558170669057
1520250564075950080
1520250579062517760
1520250581860122625
1520250582832803841
1520250585739526145
1520250589589893120
1520250590877843456
1520250592148754432
1520250593540980736
1520250603062317063
1520250606442758151
1520250611945832448
1520250616034959365
1520250616177516544
1520250620967813121
1520250620913274881
1520250629880696832
1520250630098788357
1520250631407214593
1520250635119063042
1520250636897378305
1520250641092067329
1520250641729585152
1520250646511128576
1520250652428947456
1520250654060515329
1520250662143295488
1520250664793767937
1520250671039012864
1520250674906550272
1520250675086897152
1520250676735008769
1520250678899212288
1520250683156746242
1520250685257748480
1520250686491230208
1520250688915517450
1520250692341927941
1520250699048624128
1520250699098955776
1520250700311134208
1520250708213506048
1520250708872019969
1520250716723433472
1520250718266949633
1520250722004062208
1520250736289873920
1520250737389096960
1520250739158700034
1520250739561435136
1520250742631985152
1520250744510681088
1520250745316311040
1520250752702480384
1520250752798703616
1520250752958369792
1520250755449454592
1520250761586028545
1520250767013076992
1520250770683097088
1520250773392609281
1520250774978445313
1520250776043417601
1520250776693530624
1520250778568433666
1520250781496410113
1520250785782648832
1520250785560686592
1520250786147889152
1520250788211150848
1520250788668665856
1520250796117733380
1520250799900995584
1520250801507078146
1520250803205849088
1520250808616464384
1520250811263053824
1520250812659757056
1520250814522044418
1520250816707194880
1520250819748110336
1520250824232153088
1520250830045462533
1520250840753520641
1520250840807739393
1520250850240729088
1520250857870467074
1520250859715952640
1520250860172812289
1520250864367452160
1520250868121374720
1520250872374394880
1520250872780918784
1520250876165730304
1520250879374684162
1520250880993505280
1520250882423947264
1520250885842284544
1520250888387923968
1520250894197137410
1520250895396532229
1520250896071884801
1520250898089648129
1520250905689423872
1520250905681350657
1520250908591812609
1520250909619499012
1520250911721140225
1520250913151397888
1520250913742409728
1520250914199977984
1520250914304847873
1520250915738902528
1520250918813728769
1520250919333490688
1520250926132461568
1520250928221519873
1520250930096394240
1520250930578726913
1520250934626258946
1520250939516416001
1520250939839750144
1520250945975726080
1520250951315378179
1520250951432810496
1520250953710022657
1520250956557996033
1520250970973736960
1520250972987019265
1520250974736363520
1520250976149467136
1520250978267963393
1520250981388533761
1520250983904731137
1520250985435713536
1520250987314704384
1520250989647138816
1520250990427242496
1520250993115807744
1520250994751598592
1520250996479623168
1520251000921083904
1520251002170998785
1520251002758201344
1520251009292914689
1520251010555342848
1520251012254081024
1520251013764366337
1520251019820642305
1520251026976428032
1520251029509447680
1520251030696783872
1520251033103917057
1520251033888620550
1520251039701942272
1520251040377208833
1520251048027635712
1520251052259704832
1520251052968517632
1520251054457245696
1520251054709178368
1520251056504016897
1520251064087646208
1520251070907256832
1520251076930199552
1520251082076995584
1520251083192344576
1520251085365334016
1520251088263213057
1520251088728825858
1520251090511486977
1520251094336610305
1520251096547008513
1520251097004224513
1520251100493844481
1520251104780754944
1520251114532179973
1520251116206030848
1520251120215416832
1520251123286032386
1520251129208049664
1520251133595324416
1520251134086057984
1520251134874513409
1520251140256190465
1520251140621074432
1520251145855242241
1520251150586585090
1520251150615781377
1520251151752474624
1520251154516815877
1520251160640167939
1520251160686645248
1520251163081199622
1520251164238905344
1520251167682736129
1520251168848375810
1520251174644899842
1520251174464671744
1520251175022473216
1520251179501899776
1520251180223721472
1520251180391485443
1520251180412252160
1520251183499464704
1520251183423959042
1520251185609187328
1520251189409255429
1520251189233057792
1520251200402518016
1520251201471713281
1520251205347250176
1520251207000150018
1520251212708204544
1520251213341548544
1520251214595723264
1520251216814821376
1520251223370518528
1520251228617252864
1520251228969525248
1520251229397712896
1520251234371858432
1520251235978252289
1520251238226731009
1520251242181971973
1520251246161981441
1520251257864146946
1520251265518690304
1520251273261375490
1520251275866435585
1520251282107166720
1520251285127458816
1520251293419597824
1520251296586084352
1520251297613574144
1520251300273070080
1520251302231519232
1520251303892754432
1520251305415294976
1520251314592272385
1520251314604634112
1520251317348089856
1520251319369428998
1520251320997138433
1520251321332367360
1520251325526597632
1520251326864584704
1520251327720292357
1520251332485345281
1520251336226635777
1520251336427597826
1520251342052540416
1520251343436275712
1520251343600238593
1520251344518492160
1520251358829416448
1520251360989814784
1520251363497680896
1520251367662944256
1520251371316199424
1520251371563364352
1520251378945622016
1520251380333965313
1520251383701667840
1520251386323107840
1520251389036875776
1520251391679344641
1520251392371589120
1520251399225094145
1520251401229664256
1520251403767148544
1520251407755931648
1520251408670498816
1520251410457128960
1520251415767093249
1520251415922606080
1520251422046310402
1520251431588040704
1520251432120700928
1520251435388399616
1520251435455180800
1520251439553323008
1520251439972745216
1520251441520160768
1520251443370139648
1520251444527759360
1520251451754356736
1520251454400905218
1520251457358147584
1520251457462808576
1520251466501419010
1520251467982319616
1520251470452785154
1520251471346171904
1520251474223108096
1520251475926036481
1520251486206275585
1520251498843623424
1520251500483674113
1520251504690888705
1520251507941134336
1520251508214091777
1520251508964704257
1520251512622317570
1520251514694283265
1520251523854663681
1520251524114698241
1520251524571549696
1520251524693192704
1520251532683657219
1520251533966790656
1520251540866404359
1520251542565126145
1520251545559871491
1520251546524549120
1520251548886237184
1520251549993242625
1520251550161321984
1520251552002613249
1520251558314659840
1520251559799844864
1520251560596762624
1520251561037135874
1520251562118967296
1520251561985077249
1520251565457649665
1520251566330355713
1520251566850449410
1520251568859549696
1520251569672843266
1520251571761647617
