1520221376652664833
1520221380045942786
1520221387016880128
1520221388291858438
1520221389806272512
1520221395241865219
1520221398358134784
1520221398639259649
1520221400082038785
1520221400941752321
1520221402430730240
1520221403320102914
1520221403789856768
1520221403919917057
1520221403978498048
1520221405169733632
1520221406226792449
1520221410152624132
1520221410496499712
1520221412006727681
1520221421439528960
1520221421871550467
1520221427000954882
1520221431375740930
1520221436492853250
1520221446458556417
1520221447825747968
1520221457070149634
1520221457996996609
1520221458982711296
1520221466515714053
1520221471175544835
1520221473968906241
1520221486342017024
1520221491727671303
1520221502917984256
1520221509062696962
1520221510543327232
1520221511239577603
1520221512850198529
1520221525907025922
1520221526460575744
1520221536442982400
1520221540138340353
1520221540612132864
1520221541975433216
1520221544353611778
1520221544726863872
1520221548975693825
1520221554050691072
1520221559079809024
1520221571927126016
1520221571805233152
1520221583075389440
1520221585076293632
1520221585906438145
1520221590037962754
1520221592562851840
1520221598342549504
1520221598736953344
1520221598875365376
1520221607926587392
1520221608652296193
1520221611269541888
1520221612636880896
1520221614587195393
1520221617502277632
1520221628621332483
1520221633868439555
1520221641917317120
1520221644672970752
1520221645545172992
1520221649437708288
1520221653334171649
1520221654231797761
1520221663178240000
1520221666772754432
1520221668668579841
1520221671910690816
1520221675031310336
1520221679946846208
1520221680265834498
1520221680756436992
1520221682417418243
1520221687186444288
1520221687454834691
1520221691464585216
1520221699677069312
1520221701241376769
1520221703401619461
1520221704580120576
1520221705385529345
1520221712348065794
1520221718148792320
1520221719516282880
1520221720208195584
1520221723030966277
1520221723387473921
1520221723987173377
1520221724700151808
1520221729288765441
1520221730064769025
1520221737182326784
1520221739652993025
1520221740730748928
1520221743448743936
1520221745180991488
1520221750998482945
1520221751698931715
1520221753947176961
1520221755989794817
1520221758674153473
1520221764164358144
1520221767700201475
1520221775795261440
1520221783399542786
1520221784427184129
1520221785240743936
1520221786767605760
1520221792006287360
1520221808984657920
1520221809140019200
1520221813623738368
1520221822830137344
1520221825577504773
1520221827058094080
1520221830027440128
1520221829981474817
1520221836197306369
1520221841364639744
1520221842409234433
1520221843508109312
1520221848969039874
1520221854421897216
1520221854941818880
1520221856774692864
1520221858573946880
1520221860448899073
1520221860369252352
1520221862596419590
1520221866937434114
1520221868443291648
1520221870104006656
1520221870410199042
1520221873040203778
1520221875107860480
1520221880434794496
1520221887603015680
1520221891503529986
1520221895685296128
1520221895228067841
1520221903377498112
1520221903281135618
1520221904509931520
1520221905311215616
1520221910793076738
1520221918137307136
1520221919307567104
1520221920859496449
1520221923040542720
1520221925435396096
1520221928933502981
1520221930326044673
1520221930493722627
1520221933043953670
1520221938651705345
1520221949112340480
1520221949896675329
1520221951943454722
1520221958977122304
1520221959694561280
1520221960218636289
1520221962827620357
1520221965352521730
1520221966581469184
1520221973787283456
1520221974995341313
1520221979583860736
1520221981576151040
1520221987171442688
1520221990350573569
1520221991856488449
1520221993752309762
1520222006264086528
1520222006335078405
1520222018120998913
1520222022495789058
1520222024811036676
1520222029697327104
1520222034462187521
1520222035967987713
1520222039675748352
1520222044419407875
1520222048856989697
1520222055114936320
1520222063050567680
1520222073326551043
1520222076782714881
1520222079144325120
1520222079546626049
1520222082419802113
1520222083158056961
1520222083447357441
1520222086693752832
1520222086605725702
1520222087960530944
1520222088388571136
1520222088925270017
1520222095711813633
1520222096210763776
1520222096831492096
1520222097032761353
1520222099973062656
1520222103886352385
1520222104502685696
1520222111649906690
1520222118151172096
1520222121779245056
1520222122924249094
1520222127336693760
1520222132936007682
1520222135624605696
1520222140041252868
1520222148937195521
1520222153639350273
1520222157904695296
1520222165022351362
1520222167006392326
1520222168499466240
1520222179668987905
1520222185020829696
1520222186132414465
1520222189626265601
1520222190221864961
1520222198463614976
1520222200669814784
1520222203056373760
1520222211277299714
1520222213072424961
1520222216193024000
1520222220857282560
1520222221242757120
1520222222866165760
1520222227710582785
1520222227756875781
1520222228369006592
1520222230684192768
1520222231393038336
1520222234777989122
1520222238699450368
1520222246786142208
1520222250921824258
1520222255808143360
1520222257704022016
1520222266776330240
1520222270232440832
1520222272732160002
1520222274019811329
1520222274867105798
1520222277358526464
1520222281481560064
1520222285394718720
1520222286372085761
1520222287445708800
1520222290662723584
1520222291568865282
1520222292306972674
1520222294001750016
1520222294068576257
1520222301362565120
1520222304646615040
1520222313664462849
1520222315585458177
1520222316172615681
1520222323764350977
1520222325601361923
1520222330500227072
1520222332274581504
1520222332391985152
1520222332392206336
1520222353396957184
1520222354990780416
1520222355242561536
1520222366684434433
1520222374871896065
1520222378944573440
1520222380790099970
1520222382086107139
1520222386615951360
1520222392630525954
1520222395843461122
1520222406626971649
1520222410867453955
1520222414336057350
1520222417733529603
1520222418165551106
1520222418593357824
1520222419092451330
1520222419327328260
1520222420010893313
1520222426751139841
1520222427246379008
1520222426491146244
1520222428705824769
1520222436146429952
1520222436448514051
1520222438352723974
1520222439338385408
1520222451023728646
1520222451849998341
1520222454786019330
1520222456467890180
1520222460913795073
1520222463740710912
1520222468601962496
1520222468828409858
1520222469013094401
1520222469721886721
1520222470078357505
1520222470443192320
1520222472360296450
1520222474255929345
1520222480337895425
1520222480941604866
1520222491112873985
1520222497387470848
1520222498054455297
1520222498108981248
1520222499862204418
1520222499786612736
1520222501124681728
1520222501405659136
1520222502160670723
1520222504324792320
1520222509324513282
1520222509299159040
1520222513602514946
1520222515536162816
1520222523702771712
1520222524549877760
1520222525044707328
1520222526999351302
1520222528689819648
1520222530975551488
1520222532917510144
1520222539682877441
1520222540609855495
1520222542358745088
1520222544275537920
1520222546464890880
1520222546586738689
1520222547723403266
1520222547719114752
1520222551657656321
1520222555122335744
1520222556875231232
1520222557156347904
1520222561245839360
1520222567541317632
1520222567558168577
1520222569210785792
1520222578006269953
1520222579281256448
1520222582351400960
1520222583752642561
1520222584213712897
1520222584402493445
1520222584738095106
1520222585333727239
1520222587678339072
1520222594267590657
1520222595097976832
1520222605835264000
1520222611065688064
1520222631638695936
1520222632972537858
1520222634537062400
1520222635967324161
1520222636269318148
1520222638739755008
1520222640870408198
1520222644800434177
1520222644913721344
1520222645421232128
1520222646772051968
1520222652631183360
1520222656209035265
1520222658000007170
1520222666367508482
1520222672520683521
1520222673187618816
1520222680582082567
1520222682415042560
1520222683404943365
1520222688874319872
1520222691571249152
1520222697376075781
1520222697430597632
1520222702346326018
1520222707648024576
1520222708323299328
1520222709866635265
1520222710114275330
1520222718100230146
1520222720935432192
1520222730515320832
1520222733023522816
1520222736450301953
1520222738941546496
1520222745371492359
1520222747724500992
1520222749129588739
1520222757786632192
1520222763327401985
1520222769224499202
1520222771133001729
1520222776656908289
1520222777327984641
1520222778271715334
1520222780813418496
1520222781484552194
1520222789298311168
1520222789826973697
1520222790573559811
1520222795157884928
1520222798601506816
1520222799255818241
1520222799897370624
1520222813587705856
1520222817337237506
1520222817987440641
1520222818688024577
1520222821649207296
1520222824102866945
1520222827911258112
1520222830734028802
1520222831535136768
1520222839223246848
1520222842184417281
1520222844197777410
1520222844248117250
1520222846617890816
1520222850493386752
1520222854587076608
1520222856331857920
1520222857011286017
1520222860404355072
1520222862023536647
1520222864368144386
1520222865760661505
1520222865865551874
1520222871762599937
1520222872425402368
1520222878951694340
1520222885083852800
1520222885306310657
1520222885557776384
1520222886438481920
1520222895322144771
1520222897477799936
1520222906340552704
1520222906525040646
1520222907993108486
1520222913726722048
1520222914879975425
1520222918684422148
1520222920068448256
1520222920177774593
1520222922161463304
1520222924585721863
1520222932693393410
1520222939890819072
1520222940217888769
1520222946450722817
1520222947465641985
1520222948459966465
1520222952855273473
1520222954973544448
1520222956336697344
1520222957301374976
1520222959415160832
1520222963097812993
1520222963525578753
1520222973210370049
1520222974535770113
1520222978704822272
1520222980273487873
1520222993191997440
1520222994072801280
1520222998724292609
1520223001211457536
1520223003312803842
1520223009398697984
1520223019960045569
1520223022489034752
1520223023239999488
1520223023835529218
1520223028625485828
1520223035097337863
1520223035412062208
1520223039916593153
1520223039832698882
1520223045423665153
1520223059499573248
1520223060393181191
1520223065090666497
1520223066332221440
1520223074033020928
1520223075266174981
1520223075878551556
1520223081092034560
1520223083805687810
1520223087068950530
1520223089992339457
1520223091720343553
1520223097659568134
1520223098406068232
1520223104923959297
1520223108652847105
1520223108929630210
1520223109588127745
1520223111739760641
1520223114621247490
1520223116756086785
1520223124461080577
1520223125635489792
1520223126826762240
1520223127514628096
1520223130966544385
1520223134204506112
1520223135861297153
1520223138629537792
1520223145138876416
1520223147710197760
1520223148251258881
1520223149140639744
1520223155641470977
1520223155670982659
1520223160762724352
1520223162373390336
1520223164705521664
1520223175581356034
1520223179612078080
1520223184146026496
1520223187463770115
1520223188461834240
1520223193767809026
1520223196242649089
1520223197169434626
1520223197781659648
1520223200638124032
1520223200956891136
1520223210469531650
1520223210456895489
1520223212000485378
1520223218275127298
1520223219529097216
1520223228752449536
1520223234582806528
1520223250097315842
1520223251842191360
1520223256200069120
1520223257840005120
1520223258221629440
1520223277699977216
1520223278102884353
1520223279637803009
1520223279629443072
1520223281630126080
1520223282384949248
1520223283592978432
1520223287032303618
1520223296125644812
1520223296553426946
1520223299057377280
1520223302983188480
1520223308935237632
1520223311262797824
1520223314035286018
1520223316296015874
1520223316375707650
1520223318804246528
1520223320033173505
1520223320456806400
1520223333660377088
1520223340794982402
1520223345433665537
1520223352350285825
1520223356582342658
1520223358180372480
1520223359648382976
1520223367751946240
1520223368435449858
1520223368938926080
1520223369119117312
1520223374852694017
1520223377172086784
1520223377515966464
1520223382033387520
1520223384755486720
1520223386009767936
1520223395895513088
1520223396419624960
1520223397690724353
1520223412177846279
1520223413318598656
1520223413532610565
1520223414488690693
1520223416003051522
1520223417353613318
1520223420386062343
1520223423422676992
1520223424849002499
1520223425725616130
1520223427134726145
1520223430720765953
1520223434785099776
1520223438002139137
1520223440195792896
1520223445740662785
1520223445774180353
1520223447950970880
1520223452338208768
1520223452900298752
1520223463432409088
1520223463541473280
1520223464682053632
1520223466926088192
1520223467316166656
1520223471980224512
1520223471959441414
1520223473091723264
1520223562501705728
1520223565324472321
1520223566268186624
1520223567597559808
1520223569736871936
1520223570361782274
1520223576598712320
1520223578096115715
1520223578981076992
1520223581971652608
1520223582663684096
1520223584454684674
1520223586526670848
1520223586669240320
1520223587243896836
1520223587361337344
1520223590125293568
1520223590427336704
1520223591702450178
1520223596488105985
1520223596819492866
1520223599998685186
1520223601575747585
1520223602242514944
1520223603429675009
1520223604549554178
1520223606327832577
1520223606202146818
1520223608508923906
1520223614691418112
1520223623897915394
1520223629518245889
1520223631330078720
1520223635742633984
1520223640469520384
1520223641031655424
1520223642130526209
1520223644101726208
1520223653333504000
1520223662867156994
1520223665291411458
1520223665362767874
1520223668487479296
1520223668592205824
1520223668722450432
1520223671402459137
1520223672694448128
1520223673583554561
1520223674334339072
1520223674921631750
1520223678851686400
1520223680395190272
1520223681401794560
1520223689966374912
1520223689861652481
1520223692520890370
1520223693061898246
1520223693905207296
1520223696668872705
1520223699320057856
1520223699592392705
1520223704747175936
1520223705481326592
1520223708291514370
1520223710539657221
1520223712188026887
1520223720425627649
1520223721197297664
1520223724905107459
1520223727333650432
1520223735818633218
1520223736078774277
1520223737399885825
1520223743330729984
1520223752180707328
1520223753405403140
1520223758765760512
1520223758728015873
1520223761282174976
1520223768618143745
1520223775664574466
1520223776163696640
1520223777577127937
1520223777799520259
1520223779519176704
1520223783860199425
1520223783847489536
1520223792332689410
1520223793284845568
1520223803338465287
1520223814701006850
1520223816923828224
1520223818266075137
1520223821055336448
1520223823777443840
1520223826948153346
1520223828181401602
1520223828609323009
1520223831553712129
1520223838851715072
1520223838788800512
1520223839803822080
1520223840357568513
1520223842228228098
1520223846984470536
1520223849857572866
1520223851770228737
1520223852990771202
1520223855599529985
1520223861236805632
1520223862096551937
1520223868828499970
1520223870598451200
1520223872322351104
1520223873991471106
1520223877280022528
1520223887988035584
1520223888952623104
1520223890366029824
1520223894300508161
1520223899329470465
1520223902336700419
1520223906770075648
1520223915255152641
1520223918782808065
1520223924499501056
1520223928421163012
1520223928295337985
1520223928970620929
1520223932233695232
1520223933974204416
1520223934771249152
1520223941318565888
1520223945621975040
1520223945944973312
1520223946456682498
1520223950684536832
1520223952991256576
1520223956481024005
1520223962738929664
1520223967507791873
1520223967528824834
1520223978253692931
1520223981470683136
1520223982145921028
1520223983483949061
1520223986990260225
1520223987782938624
1520223987946725377
1520223993655173120
1520224002056335360
1520224002207277056
1520224010293977088
1520224017432543232
1520224020750290953
1520224020892987392
1520224023619252231
1520224027998097408
1520224031412301824
1520224035367362560
1520224036692930562
1520224043022098432
1520224043475034115
1520224052819992583
1520224054716026880
1520224055814590465
1520224055902752768
1520224059480494082
1520224071019282432
1520224073195966464
1520224075154702337
1520224081739722754
1520224082767360000
1520224087582388225
1520224088286969856
1520224091436945408
1520224091902554117
1520224093450211329
1520224093869592578
1520224094414946308
1520224094435913729
1520224097782976515
1520224104569360384
1520224105143930882
1520224105957494784
1520224106326618112
1520224107807264773
1520224112601358336
1520224113708900353
1520224117026394113
1520224119987609601
1520224132201332738
1520224133438742530
1520224135909154817
1520224136034983937
1520224137167486977
1520224141764440068
1520224141995094016
1520224150874464259
1520224155039318018
1520224158701191170
1520224158868971520
1520224161863450627
1520224167198699521
1520224171535577089
1520224171753717762
1520224172961579009
1520224173112631298
1520224183506063361
1520224186626560001
1520224186811047936
1520224189545914368
1520224192142184454
1520224192678965249
1520224194612666369
1520224201147400192
1520224291933106179
1520224298614591489
1520224305732280321
1520224315764969472
1520224318747258880
1520224325445558274
1520224331711844353
1520224333163024385
1520224333746032643
1520224338435198976
1520224343174914048
1520224344622120960
1520224348493262849
1520224350523244546
1520224352633069568
1520224353304158208
1520224353606062083
1520224361319321600
1520224362380550145
1520224363383070720
1520224365505396738
1520224366465744896
1520224368005206018
1520224372912496640
1520224380214980608
1520224383628976128
1520224384920735744
1520224388179795968
1520224391702974464
1520224394072801282
1520224394781478913
1520224397767884800
1520224398334124033
1520224397876891648
1520224403652497410
1520224403912548357
1520224405833633795
1520224412754079744
1520224423474872326
1520224423613067264
1520224424770904064
1520224428285698049
1520224429351092234
1520224429644599297
1520224434421960705
1520224441204199433
1520224441334120448
1520224442227433472
1520224444035256320
1520224444345511938
1520224447126417408
1520224450024718336
1520224450444201985
1520224454298775552
1520224471063400449
1520224494706593793
1520224496606760961
1520224500037550080
1520224502940155905
1520224505947475969
1520224506593353728
1520224509273378816
1520224511261655041
1520224514818383873
1520224524209377280
1520224524486295552
1520224536901345280
1520224537064914945
1520224538272972800
1520224539162124290
1520224540277841921
1520224542274293760
1520224544832823296
1520224546556719106
1520224546598621193
1520224550067355648
1520224556287512576
1520224556723671041
1520224557851889670
1520224558237818880
1520224559437389825
1520224560054161408
1520224561219964930
1520224564139151363
1520224568715137024
1520224571844091906
1520224573203038210
1520224580845121536
1520224587816091653
1520224593151102976
1520224593637777410
1520224593717469185
1520224595411976194
1520224597920174084
1520224599690346502
1520224602894577664
1520224604786237441
1520224609014104066
1520224615116820480
1520224616555425793
1520224618937733120
1520224620481331200
1520224623543128064
1520224634741964800
1520224635446571009
1520224641914216449
1520224643780648961
1520224658422997000
1520224673295970304
1520224675330203648
1520224682426912768
1520224689611755520
1520224691352387584
1520224695169294336
1520224700084891649
1520224700793765890
1520224702643515396
1520224704086233088
1520224704455454721
1520224705172619265
1520224706586198016
1520224708494508035
1520224711367667713
1520224715029233667
1520224716606300160
1520224718598594560
1520224718665793537
1520224720087662594
1520224724030263298
1520224725208809475
1520224728035717120
1520224734373416961
1520224738643111936
1520224739247202305
1520224744716521473
1520224752014708736
1520224752648003584
1520224756334792705
1520224760508170251
1520224763221786625
1520224764211642368
1520224764710862849
1520224765855907841
1520224767772610561
1520224776148688902
1520224778631667719
1520224780452044801
1520224785611042817
1520224786286546949
1520224788098207745
1520224788240871430
1520224795077619713
1520224802581229570
1520224805596942336
1520224806792220673
1520224808662933505
1520224814874697731
1520224817416445953
1520224818754424832
1520224824014032896
1520224825314361345
1520224833858154496
1520224838652149762
1520224842099961856
1520224848982728705
1520224852141121536
1520224853562904577
1520224863125966849
1520224869136453632
1520224869954342926
1520224875121721344
1520224875528531974
1520224881497022465
1520224884269404167
1520224886270140417
1520224888082116608
1520224893891223552
1520224900853776384
1520224906302181381
1520224915412115458
1520224915776892928
1520224920164311040
1520224923557535746
1520224929161043968
1520224930956255233
1520224934429089793
1520224934483701760
1520224935519657984
1520224937205805058
1520224940666105857
1520224941253218304
1520224945908949003
1520224946936586242
1520224949201424384
1520224950380072961
1520224952015900673
1520224952208826370
1520224955299864576
1520224960224333824
1520224969237667841
1520224973448699905
1520224978066501632
1520224988808286208
1520224994206396419
1520224995837886465
1520224998492942337
1520225000086720512
1520225000862666752
1520225003635195906
1520225005031800832
1520225008378957824
1520225014838349824
1520225015022727171
1520225021393833990
1520225021494448128
1520225025495900160
1520225025583984642
1520225027136061440
1520225042159788032
1520225043741310976
1520225044160552960
1520225043938226181
1520225047025262592
1520225049512452099
1520225050426847232
1520225053308338179
1520225055652954112
1520225056374366212
1520225059318677507
1520225064863600640
1520225066662907904
1520225068265218048
1520225071033430016
1520225072732123137
1520225080772546561
1520225087785480192
1520225093171150848
1520225096249806848
1520225097277128704
1520225099659583488
1520225101773484033
1520225103975534592
1520225105078542336
1520225108589420544
1520225112728952834
1520225114230607872
1520225119918043137
1520225121193050114
1520225126364729344
1520225127773913089
1520225130101850113
1520225131167203328
1520225146560208896
1520225148728659968
1520225150267891712
1520225151832494080
1520225157054611456
1520225157675196416
1520225167724748800
1520225168215265280
1520225170090348544
1520225171176628225
1520225173147983877
1520225176897691651
1520225177388396546
1520225179363942402
1520225182710996993
1520225182941650948
1520225183537274885
1520225190806007809
1520225193771343873
1520225195839029250
1520225196325711872
1520225202273230851
1520225203627954177
1520225207046180867
1520225211873910784
1520225212784156672
1520225215221010439
1520225219662823425
1520225220304551936
1520225223131471872
1520225231255781377
1520225234502266881
1520225234649026567
1520225235332734976
1520225243356450820
1520225247647084544
1520225250939576321
1520225252822900743
1520225253494079488
1520225254043361282
1520225258715947008
1520225260213313538
1520225265724846080
1520225266131521536
1520225273010135042
1520225284645130240
1520225294908538882
1520225296573739008
1520225297140011008
1520225299492913152
1520225302940692481
1520225303410491393
1520225304861679616
1520225305486512128
1520225310742134784
1520225317377523713
1520225322590945282
1520225324604211200
1520225328454643714
1520225334385422337
1520225350344753154
1520225350772346880
1520225355344363520
1520225357240143873
1520225358259363840
1520225362499846144
1520225365448351744
1520225373434388481
1520225375884054528
1520225375892254722
1520225376592662536
1520225377427329024
1520225379713224709
1520225382598860800
1520225383496527872
1520225383769165824
1520225384482045952
1520225384737828864
1520225387900719104
1520225387841830915
1520225390786187265
1520225391323103233
1520225396377145349
1520225397212053504
1520225399791267840
1520225402735710209
1520225404342218754
1520225410717720576
1520225410822328320
1520225414463041536
1520225415742181377
1520225416820101124
1520225428623052801
1520225430070038530
1520225436348862464
1520225437728841728
1520225442086719489
1520225444351684609
1520225447824351232
1520225449326039041
1520225455374315520
1520225456208990214
1520225457760788480
1520225458939473927
1520225460063543296
1520225460759760896
1520225466837344260
1520225477734338560
1520225481018253312
1520225482536636416
1520225494058250241
1520225494708502529
1520225495857647616
1520225498143547392
1520225501700370432
1520225504099540993
1520225504493768709
1520225510718115843
1520225511263379456
1520225516963389441
1520225519459274752
1520225519752593410
1520225532251709441
1520225532993966081
1520225540548046848
1520225543811223552
1520225544310300677
1520225544423493639
1520225547325956096
1520225547606974472
1520225547615301632
1520225551314788355
1520225561049714688
1520225561968271360
1520225565449412608
1520225571816579072
1520225580335124482
1520225584730845185
1520225588933533696
1520225591328448512
1520225594411130880
1520225601499680768
1520225602250362880
1520225607984029702
1520225609737285632
1520225616150286336
1520225616553025537
1520225619056988161
1520225620034215936
1520225621124780032
1520225623351996417
1520225629349851136
1520225632478801923
1520225636484358145
1520225637184778244
1520225638954717186
1520225639638388739
1520225641983094786
1520225646370250753
1520225648542982149
1520225655899701250
1520225656415522816
1520225659007684611
1520225659909558272
1520225660446289920
1520225660634943488
1520225660706430977
1520225667949989889
1520225669875130368
1520225673176096769
1520225674061127680
1520225676430921728
1520225676393021440
1520225677450092544
1520225684869849093
1520225686912438272
1520225688003006465
1520225688791531521
1520225690611814406
1520225692427997186
1520225698425630720
1520225700292272133
1520225706738954243
1520225708022415360
1520225712199901187
1520225736946339845
1520225741996277762
1520225747327148037
1520225753056620545
1520225753291440129
1520225753786421248
1520225756743356417
1520225758592978944
1520225761453555712
1520225761940189188
1520225764700049409
1520225774405627913
1520225774929944576
1520225776137908225
1520225786552360960
1520225787013701633
1520225788049510400
1520225789756719106
1520225790620844037
1520225802935095296
1520225804579266561
1520225805971955714
1520225807301496833
1520225812209086464
1520225815174164480
1520225815669227521
1520225816227028993
1520225820274573314
1520225820614307842
1520225822774280194
1520225828587585537
1520225829510340611
1520225830802141184
1520225835231363073
1520225843209175041
1520225845553807360
1520225849848786944
1520225851970830337
1520225862150684673
1520225862561550338
1520225863522033664
1520225867321987073
1520225867712053250
1520225867619782657
1520225869612077056
1520225869523992577
1520225872690790400
1520225876935380992
1520225880588656644
1520225882425724931
1520225883545808896
1520225885231763457
1520225890394943488
1520225909500006400
1520225917951524864
1520225918609854464
1520225922670075905
1520225924553138176
1520225926323265536
1520225926398754818
1520225928466644993
1520225929523568640
1520225937324978181
1520225937887055872
1520225943155253248
1520225944786530304
1520225945772335104
1520225946564931584
1520225962557849605
1520225963732258816
1520225965313568768
1520225968840921095
1520225971122679808
1520225971747442688
1520225973509238788
1520225982548000769
1520225984955486208
1520225986247282689
1520225989472792581
1520225990429061120
1520225991951810560
1520226000885403648
1520226005364862976
1520226006073843713
1520226014261309440
1520226017075515392
1520226029511581703
1520226033429098496
1520226033894510592
1520226036822204416
1520226038453837828
1520226038839709696
1520226039804346374
1520226046444023808
1520226048167882754
1520226052307656705
1520226054480310272
1520226054677450754
1520226069319766016
1520226077339262976
1520226077930627072
1520226079239196672
1520226079453163523
1520226079457357829
1520226080073916417
1520226083831955456
1520226086809833472
1520226089364504576
1520226089389334528
1520226090551320577
1520226094963642370
1520226108720959488
1520226113032798210
1520226114739875845
1520226117029879808
1520226116992131072
1520226120066551811
1520226123480805376
1520226126618152961
1520226130527424512
1520226131475144704
1520226135908495360
1520226138030850051
1520226139637268481
1520226145207205889
1520226146398449666
1520226149825232896
1520226149716172800
1520226157496610817
1520226158108889088
1520226162001289216
1520226164500955136
1520226168175497217
1520226169400004608
1520226170964529152
1520226173359337472
1520226176438247424
1520226181756379136
1520226183199211520
1520226184839282689
1520226186965790720
1520226188463153153
1520226195341778945
1520226196964978689
1520226197858230272
1520226198257016832
1520226198831484930
1520226206133911553
1520226210898489345
1520226243534557189
1520226247908986880
1520226248085045249
1520226253428699137
1520226253541830656
1520226266594439169
1520226268003897346
1520226276254142466
1520226281421516800
1520226282893631488
1520226282994286592
1520226288610738177
1520226289675812865
1520226289751318528
1520226295958941696
1520226296047022081
1520226298630750209
1520226305966546946
1520226306088128513
1520226308055310337
1520226316976537600
1520226317135982592
1520226318943768577
1520226320743030784
1520226321787408384
1520226323846811654
1520226328225914881
1520226336693960705
1520226340078718976
1520226344294096904
1520226346378612736
1520226349599932416
1520226358433128449
1520226359615840257
1520226363399188481
1520226363747311620
1520226369057132545
1520226375277416448
1520226380247666689
1520226381854134273
1520226388141232129
1520227278575312900
1520227282194997248
1520227285953138690
1520227287949529089
1520227291724320768
1520227297785266176
1520227304139591680
1520227308166168578
1520227311895080960
1520227318094041088
1520227320530931721
1520227321067802624
1520227323026362368
1520227326545518593
1520227330165248000
1520227342467190786
1520227343121489920
1520227346208460800
1520227349983334400
1520227350591557632
1520227351493332992
1520227352827076613
1520227353204514818
1520227373320388608
1520227373685575680
1520227374645886977
1520227376948559873
1520227380870234113
1520227382367424512
1520227383265177600
1520227388793233410
1520227390248693761
1520227397156679681
1520227400247922689
1520227404362493952
1520227404462977024
1520227405989912577
1520227410515566592
1520227414793723906
1520227415695536129
1520227417448722432
1520227418337804288
1520227419558395904
1520227422452555776
1520227425510207488
1520227426265141251
1520227433215107074
1520227437442830336
1520227441956253696
1520227442245640193
1520227446200668161
1520227447433838592
1520227450566889472
1520227450977984512
1520227451489632256
1520227451640627202
1520227451913351168
1520227452450127873
1520227453234556929
1520227458309623809
1520227466693910528
1520227471853072384
1520227473685770241
1520227474570944513
1520227475246260224
1520227479130095617
1520227479654383617
1520227487778840576
1520227496834314241
1520227497341865985
1520227501938819072
1520227502190432256
1520227502974816257
1520227504484753408
1520227504572796932
1520227506347032582
1520227510813876224
1520227511602495488
1520227520485937154
1520227522834796545
1520227524361347073
1520227525892354048
1520227534197116931
1520227534515982337
1520227539532365830
1520227540094357504
1520227547291992064
1520227556468969473
1520227557039349760
1520227560617086978
1520227561460191233
1520227561938300934
1520227564656205828
1520227570196926465
1520227575146164225
1520227581345292288
1520227583748567042
1520227584923029513
1520227594330849286
1520227594888753152
1520227599640932353
1520227601675169792
1520227604447608832
1520227605491994624
1520227605269655552
1520227608251838464
1520227609732333568
1520227612072706048
1520227616527028224
1520227618947321856
1520227620981456896
1520227622172696578
1520227624559206401
1520227627298177025
1520227630456344576
1520227631634989056
1520227639792918528
1520227641760043008
1520227647774769153
1520227651012554754
1520227652090671104
1520227659065831424
1520227661209034754
1520227662211469315
1520227663952162816
1520227668867825666
1520227672009461762
1520227674232303617
1520227674710491136
1520227681077448704
1520227681245310977
1520227685548662786
1520227686312034309
1520227687406706688
1520227688367235072
1520227689260625923
1520227692142022656
1520227694172151808
1520227694721519616
1520227695812096001
1520227697598808070
1520227703349288962
1520227707132461057
1520227707711336450
1520227713142906881
1520227716238397440
1520227716393541632
1520227717098127360
1520227718616522754
1520227719799320578
1520227723276439552
1520227724953985024
1520227725755174919
1520227728401870855
1520227733749612555
1520227734756237312
1520227735225970688
1520227743379689479
1520227747481759745
1520227755274735616
1520227757300629506
1520227757950738434
1520227758936371201
1520227758508548096
1520227762589646849
1520227763508199426
1520227769493626880
1520227771087085568
1520227773058592770
1520227773339557888
1520227778989330434
1520227779186417665
1520227790536122369
1520227796462804994
1520227801361747969
1520227802905202688
1520227803211485184
1520227805715443712
1520227810748604417
1520227813680463877
1520227816029237254
1520227816935407616
1520227818772254721
1520227822144479238
1520227823889403905
1520227826569551874
1520227831590133761
1520227833817272320
1520227839643107329
1520227840716906496
1520227844693110787
1520227844709920769
1520227847339757574
1520227850686988288
1520227850707963904
1520227852477739008
1520227853614432257
1520227855627702272
1520227855736659968
1520227858395942912
1520227860719542272
1520227864532164608
1520227864527970306
1520227865752649731
1520227869917868033
1520227872673304577
1520227873600114688
1520227876230021121
1520227884190867457
1520227885092859904
1520227884929101828
1520227886749335552
1520227888934670336
1520227895335174150
1520227899072258051
1520227899319664640
1520227901702283264
1520227910434668545
1520227911713890307
1520227912384925696
1520227915350294529
1520227917086834689
1520227921633366016
1520227926662336512
1520227931016028160
1520227931230203904
1520227931917795328
1520227932534456321
1520227932505059328
1520227940365221889
1520227946237403137
1520227952155402240
1520227957339525121
1520227965493202944
1520227968471154688
1520227975949692929
1520227978638073857
1520227978923458560
1520227979468718080
1520227980936687616
1520227981364535296
1520227990851969025
1520227991191797768
1520227991544074243
1520227993548959744
1520227998171074560
1520227999030861825
1520228003309006848
1520228003376205824
1520228003749502976
1520228008568709120
1520228010569482241
1520228011462860800
1520228013782315008
1520228014910545924
1520228017301196800
1520228019046125573
1520228020778242048
1520228021117980677
1520228021424332802
1520228025920638977
1520228027501846529
1520228029280264195
1520228030395916288
1520228031155118085
1520228034934104065
1520228035655618561
1520228036637036549
1520228037459156992
1520228037526274048
1520228039195516930
1520228039740866566
1520228041514962944
1520228043222040578
1520228047986831361
1520228048242626566
1520228051694587905
1520228053191954438
1520228054907625473
1520228057512316929
1520228072456261635
1520228086968631298
1520228092022865920
1520228092375097346
1520228093369200642
1520228093784477698
1520228099320860672
1520228104576327682
1520228108917518343
1520228109840175106
1520228112306524162
1520228113963233281
1520228116991512576
1520228122532229121
1520228122783793152
1520228125614956544
1520228129272389632
1520228133944934400
1520228136365047808
1520228137262583808
1520228141431595009
1520228141381390336
1520228142975172615
1520228143293997056
1520228147253456896
1520228152177565696
1520228153964171264
1520228167121743872
1520228167281168384
1520228173216112640
1520228175019716608
1520228175627882496
1520228176919732225
1520228180103241730
1520228185715068928
1520228186327556096
1520228189150318592
1520228192967180290
1520228193864945665
1520228195177488386
1520228197744488449
1520228199308931072
1520228203557707776
1520228204434407424
1520228206900617218
1520228216618860545
1520228218351017984
1520228220842528770
1520228220687294465
1520228223270936584
1520228227368861699
1520228227842596864
1520228228304187394
1520228231961583617
1520228235208015873
1520228238617948160
1520228239830093824
1520228241042456576
1520228243621744642
1520228244338839553
1520228245437825028
1520228245848924160
1520228249686716418
1520228256032690179
1520228261695045633
1520228262001225729
1520228264584876033
1520228267705331712
1520228271522291713
1520228285229137920
1520228291927580674
1520228293282312192
1520228295396282369
1520228300949528576
1520228303071817729
1520228316992905216
1520228318859214848
1520228319609987074
1520228320322932737
1520228325095993345
1520228327138680832
1520228328195739651
1520228328225001474
1520228330158673921
1520228332306157568
1520228336135380992
1520228339688120324
1520228340543758336
1520228343991439361
1520228349385515008
1520228354628403200
1520228354997334017
1520228355739734019
1520228357161558016
1520228365793656832
1520228366783242240
1520228367676710912
1520228368012173312
1520228378149855235
1520228390233591808
1520228395098935296
1520228399750524928
1520228403898728450
1520228407002472451
1520228408164339716
1520228409099620352
1520228410567626752
1520228413549821952
1520228414447267840
1520228419916922880
1520228421585960961
1520228422995394560
1520228433951072256
1520228435657953280
1520228437914488833
1520228444109475840
1520228448639279105
1520228449289388032
1520228454616256514
1520228465437384710
1520228465827627008
1520228470432931840
1520228475097034753
1520228475801686017
1520228480075669505
1520228480499208193
1520228481778466817
1520228487898050563
1520228491874078720
1520228495061880837
1520228496576032774
1520228500711608320
1520228502439886849
1520228513122500608
1520228516037595136
1520228529274818560
1520228534496612352
1520228535654301696
1520228540859305984
1520228542071508994
1520228544302919680
1520228548530909185
1520228549499797508
1520228550548226048
1520228563026423809
1520228564205207553
1520228574808137730
1520228579958792193
1520228582521516034
1520228583825985537
1520228585352613889
1520228586166181891
1520228589496684549
1520228593070219264
1520228593678311424
1520228601735835649
1520228601827782656
1520228609218199552
1520228624292528130
1520228631657730050
1520228642038718465
1520228642357272577
1520228643963822081
1520228647021723649
1520228647679967232
1520228649374416896
1520228656379011080
1520228656781668352
1520228656903340037
1520228658404728832
1520228662553059330
1520228664650219522
1520228666478837761
1520228666785267713
1520228679267332096
1520228688335458304
1520228689564295168
1520228690676039680
1520228695109246976
1520228695830577152
1520228696304541703
1520228698934419456
1520228699995574274
1520228701836881921
1520228701723627520
1520228710514835460
1520228710733033472
1520228711290707968
1520228712276541440
1520228713446707201
1520228719582928902
1520228721462022145
1520228722627993609
1520228723059953664
1520228724129550336
1520228729569611778
1520228729674506240
1520228745432506371
1520228764080394240
1520228765091045376
1520228767414644736
1520228767607705600
1520228772062326785
1520228774125752320
1520228775136575488
1520228783504203777
1520228784946954243
1520228788147306498
1520228788461789184
1520228795948703744
1520228799488708609
1520228803641028608
1520228815376633856
1520228828148387840
1520228828970430465
1520228835375132672
1520228837346455553
1520228838403448833
1520228843260456960
1520228845030449153
1520228851179487232
1520228851313430529
1520228860419354624
1520228865771192321
1520228872859664384
1520228876634501121
1520228883181809664
1520228885744562176
1520228893092986883
1520228898356797440
1520228899686436864
1520228904220438528
1520228910188933120
1520228913829584896
1520228914878156805
1520228915410702336
1520228917767987200
1520228925988868096
1520228929755402240
1520228931722530816
1520228936789245952
1520228938311938048
1520228938106220545
1520228941016969217
1520228944800366597
1520228945416757249
1520228945580498944
1520228946230534147
1520228947384020995
1520228950181568513
1520228950659715073
1520228951301500929
1520228960751157249
1520228964329046017
1520228974588309505
1520228975158595585
1520228977511743489
1520228979122319360
1520228984352616448
1520228985082417153
1520228989494870016
1520228989650051075
1520228992263012352
1520228995882786819
1520228996977414145
1520228998600851456
1520229000341188608
1520229005902987267
1520229007224188930
1520229010189557760
1520229014220288000
1520229021702754304
1520229031005900802
1520229034755608582
1520229036466884608
1520229036793888769
1520229039218499584
1520229045203525632
1520229050052231168
1520229053541793793
1520229055269949443
1520229057916334080
1520229060114268164
1520229062794530817
1520229066040827904
1520229068741951488
1520229070801227778
1520229072168697856
1520229087540920320
1520229088031617032
1520229088123928587
1520229107136712704
1520229109556781057
1520229112580915202
1520229122458497024
1520229123788005377
1520229130490593282
1520229130742157312
1520229135876075520
1520229136354185216
1520229140577849346
1520229142054252545
1520229150942011392
1520229163969429504
1520229164531560448
1520229164590186499
1520229165861150721
1520229169187205120
1520229169409396736
1520229177630371842
1520229179354075136
1520229179907837952
1520229183523368960
1520229190699782144
1520229195686637568
1520229199340048384
1520229201000943616
1520229201604976640
1520229201969770496
1520229207942565892
1520229208089579520
1520229215446212615
1520229218822594561
1520229220261236741
1520229221343580160
1520229222937403392
1520229225634144256
1520229225835376645
1520229227169476608
1520229229060833281
1520229233280405505
1520229235213930496
1520229237092925441
1520229242688221186
1520229243182977026
1520229243782844416
1520229254381936643
1520229258903310337
1520229266478313474
1520229267149398016
1520229273436446720
1520229283754651650
1520229284580790272
1520229287324008453
1520229288078938113
1520229288603271173
1520229289198817281
1520229296794738689
1520229300049379328
1520229302180188163
1520229302809284608
1520229303711064064
1520229306844127232
1520229307486027779
1520229307871903744
1520229308685557760
1520229313710276609
1520229316373667845
1520229324233748480
1520229334845640705
1520229338234380290
1520229346572587010
1520229348636254208
1520229350725111809
1520229352947953665
1520229357893136384
1520229358127964167
1520229366910832640
1520229369087680512
1520229377388199937
1520229381548953600
1520229382538858496
1520229383369277441
1520229385550409729
1520229395306270726
1520229399055921152
1520229404722581505
1520229409810051072
1520229413446692866
1520229415006863360
1520229415510290432
1520229417049485312
1520229423278141441
1520229426310524928
1520229429296959488
1520229431100514305
1520229432547581952
1520229433730240513
1520229434757890048
1520229439908552705
1520229442861379585
1520229445226930176
1520229452449525760
1520229452730585089
1520229453028278272
1520229461274279939
1520229462402609153
1520229467808944130
1520229467733508097
1520229469579005952
1520229469960609792
1520229478395523074
1520229478768685056
1520229479255322625
1520229480454930432
1520229481457270785
1520229484582129664
1520229488910548995
1520229489166323712
1520229489636225025
1520229498460983297
1520229500159676418
1520229502588231683
1520229506056867843
1520229507805888519
1520229509555007488
1520229518950244352
1520229520690728961
1520229521181782016
1520229521819111426
1520229524855738368
1520229529951813635
1520229534833934336
1520229535975092224
1520229537673531393
1520229542056452096
1520229542903914501
1520229545902841857
1520229547941056512
1520229551674167297
1520229554740240388
1520229557231656960
1520229557571407873
1520229558435594240
1520229559425150977
1520229572201320449
1520229579226759170
1520229579910094849
1520229580421935110
1520229584314277896
1520229585207820288
1520229587648757761
1520229590815461376
1520229591318728706
1520229594514829313
1520229604845400065
1520229605222846466
1520229606808240129
1520229609513488385
1520229617927401475
1520229620234297344
1520229624210460673
1520229627737767936
1520229632510935040
1520229640127791104
1520229640467628032
1520229641000304641
1520229642417807360
1520229643449733121
1520229643705470977
1520229644171190272
1520229644414423041
1520229649892188176
1520229654275051520
1520229655311261696
1520229667462160384
1520229667927646208
1520229672763678720
1520229675095580672
1520229675125166081
1520229679600484353
1520229681345314818
1520229686797869056
1520229688139911168
1520229694410567680
1520229700358090753
1520229701092098049
1520229704967598081
1520229708016852994
1520229723837718534
1520229724760395778
1520229727281287171
1520229733933346817
1520229737150525441
1520229738597568514
1520229747367845890
1520229753269149696
1520229759451602944
1520229761213255680
1520229782079762432
1520229786764947457
1520229790787198977
1520229791907131397
1520229908282322944
1520229912954744832
1520229918029893635
1520229918373670913
1520229918764048385
1520229922521944066
1520229934580572160
1520229941991952385
1520229942977515520
1520229945565343744
1520229946357997569
1520229951504531461
1520229951957524480
1520229956369928194
1520229962036482052
1520229964578054144
1520229967560331265
1520229967962861568
1520229973147234305
1520229978964885505
1520229986698993665
1520229989219803136
1520229989886480384
1520229998271025154
1520230002176012288
1520230002595270656
1520230008349872128
1520230013920059392
1520230015299956737
1520230024317706240
1520230026754596864
1520230026964353025
1520230030877466624
1520230030869073920
1520230037525614593
1520230042789240832
1520230044085407744
1520230048527126528
1520230050725076992
1520230054436827136
1520230058211917829
1520230060346777601
1520230062867505155
1520230063500840975
1520230064167829506
1520230067175137281
1520230070060830721
1520230075345424385
1520230075656019969
1520230076884951042
1520230077555830784
1520230082538835968
1520230082601701379
1520230086103994372
1520230086288744449
1520230087437787143
1520230089400725504
1520230090088411139
1520230090990407681
1520230097264906241
1520230100100341762
1520230102046494720
1520230103824822272
1520230105297133571
1520230111546650625
1520230125354295296
1520230134539866115
1520230138029297664
1520230138645987328
1520230142001307648
1520230145491152898
1520230157386199040
1520230164927549440
1520230167087656963
1520230167716806661
1520230170195595265
1520230171609116675
1520230172938543104
1520230175090302988
1520230180446298112
1520230181247590400
1520230181201268737
1520230182077943808
1520230187601993730
1520230189766225923
1520230189862731776
1520230192886734848
1520230196636528640
1520230202286039041
1520230203422826501
1520230204391759873
1520230210465116160
1520230215087181824
1520230224885071872
1520230225887518720
1520230240978878464
1520230244086657031
1520230248884883457
1520230253637115905
1520230253897072641
1520230255247638535
1520230259496714240
1520230261165748224
1520230261895671808
1520230268677861376
1520230269260812288
1520230270401716226
1520230278349803521
1520230284314226688
1520230288131043328
1520230288806264834
1520230290442145793
1520230290819534850
1520230299883376641
1520230300722208768
1520230307269554177
1520230309953998849
1520230311082307592
1520230311891718144
1520230315465363458
1520230325846216704
1520230326357749762
1520230327070908422
1520230333660213248
1520230339901276160
1520230341881040897
1520230342027665409
1520230353859923970
1520230358305882112
1520230358867922950
1520230374336569347
1520230375288569856
1520230377834651651
1520230381127098370
1520230382939029505
1520230383819759747
1520230383954051073
1520230394284498944
1520230395270373380
1520230396452954114
1520230396415610880
1520230396717416450
1520230396897955840
1520230398927777793
1520230400811233280
1520230403176607754
1520230406121009158
1520230407274332160
1520230408394350592
1520230409568768000
1520230415293947907
1520230418087305217
1520230422365442048
1520230438480007168
1520230443592867842
1520230448315600896
1520230448865189888
1520230448894562304
1520230450727309313
1520230451398406145
1520230453759946753
1520230454141489153
1520230454758195207
1520230457153105921
1520230461506732034
1520230462236540930
1520230463230836736
1520230464144949249
1520230465294290944
1520230467907239939
1520230469094227969
1520230469257859074
1520230474962022400
1520230476425871361
1520230484407726086
1520230484659290113
1520230485561069568
1520230486072832000
1520230493031002112
1520230494671183873
1520230495472263168
1520230502719967232
1520230507627356166
1520230513902231552
1520230515168620544
1520230515177103360
1520230520818475010
1520230524580773889
1520230531186659329
1520230538921054209
1520230539634130944
1520230541198606336
1520230547670323200
1520230564665700352
1520230567652040706
1520230569128476673
1520230569602437120
1520230573113024515
1520230575625363458
1520230576195780608
1520230584617893888
1520230586228658177
1520230586731974658
1520230590326493184
1520230592192917508
1520230592557858816
1520230594722283520
1520230595246399489
1520230603597176833
1520230605492998144
1520230608424812545
1520230613042835457
1520230613126688769
1520230616532340736
1520230618411548678
1520230619438993408
1520230619778887681
1520230621586419712
1520230621985251328
1520230622610038790
1520230625541767169
1520230629484367874
1520230631615066112
1520230632156188673
1520230636266704901
1520230638732857349
1520230639890542593
1520230642738507778
1520230644999147521
1520230649747193856
1520230650694930433
1520230653027102721
1520230653492711425
1520230655367561216
1520230656357416963
1520230658605469701
1520230661663166465
1520230678302019585
1520230678692040712
1520230681787383808
1520230686791241729
1520230692042559488
1520230694546558977
1520230697591615488
1520230697939738625
1520230700451958785
1520230703346208768
1520230706613714945
1520230706621956096
1520230706881966081
1520230709276946434
1520230710627426305
1520230714922389506
1520230718135496704
1520230724582141952
1520230725798277123
1520230734270763008
1520230741778608129
1520230743917617152
1520230744907563010
1520230745637273606
1520230748640456705
1520230749428977664
1520230750280314881
1520230755271692289
1520230758555607040
1520230758971068416
1520230758434373633
1520230760225071104
1520230766042517504
1520230778680061952
1520230779032330244
1520230783620980736
1520230786988974081
1520230790260576256
1520230794849144833
1520230800901701632
1520230804638650370
1520230811966005248
1520230819880701952
1520230821826867203
1520230832216190976
1520230831981305858
1520230835206639618
1520230835684847616
1520230839073837056
1520230840344719361
1520230841749803008
1520230847487655936
1520230867544809473
1520230869264486401
1520230875887247361
1520230878454161408
1520230879951560705
1520230881163624449
1520230882254090240
1520230884565307393
1520230888008736769
1520230896233861120
1520230900436508678
1520230904702148608
1520230906925137923
1520230909332672516
1520230913904418816
1520230918140698625
1520230921235951616
1520230922603347968
1520230924553789440
1520230927191838721
1520230930685771776
1520230936478199814
1520230936591413249
1520230938524983297
1520230939682643970
1520230942144536576
1520230948931047427
1520230949283262465
1520230960658366464
1520230961568485376
1520230963602726918
1520230969478946818
1520230972763131909
1520230976944750593
1520230977825558528
1520230983148392448
1520230985534685185
1520230987514396673
1520230989888466944
1520230990605598726
1520230999065513984
1520231003452846080
1520231006938271746
1520231008406224896
1520231010843176960
1520231011375853569
1520231012759920641
1520231013447786497
1520231014429339653
1520231014924111873
1520231015058264065
1520231015188361216
1520231023660859392
1520231027129692160
1520231028144623616
1520231028232761344
1520231028945825792
1520231033433694210
1520231045014110208
1520231047946031107
1520231051121111041
1520231051779526657
1520231057047625729
1520231065268330496
1520231067055235072
1520231067583934464
1520231067810246656
1520231076056248321
1520231079776509952
1520231080494010369
1520231086198071298
1520231089872248832
1520231091193278466
1520231095253585920
1520231098961301505
1520231100634775553
1520231100685205512
1520231105458188289
1520231106456563713
1520231112408186880
1520231116006899712
1520231117605195776
1520231126576824320
1520231137184038913
1520231145379565568
1520231146117869569
1520231152056999936
1520231154321969152
1520231156133810177
1520231161657765891
1520231162328887296
1520231162819616769
1520231166867128320
1520231169580744710
1520231173062291456
1520231177436729345
1520231179634499585
1520231183388332033
1520231191403708417
1520231192150351879
1520231196231454721
1520231196554317825
1520231196713750528
1520231198181797888
1520231199037341696
1520231199482032130
1520231207514124289
1520231209745489920
1520231210890706945
1520231210508861440
1520231212710780929
1520231215248420865
1520231219056758789
1520231227361480705
1520231230133911557
1520231230767128577
1520231239474507776
1520231240984666113
1520231245656911874
1520231246969942016
1520231250866409478
1520231255467507713
1520231259099828225
1520231259187953665
1520231263885537280
1520231270088851458
1520231273696006147
1520231273754677250
1520231275407233028
1520231276938113024
1520231279261798401
1520231292683575297
1520231299109302272
1520231301680451587
1520231308454244354
1520231311344078849
1520231312547741696
1520231314800193537
1520231317635481603
1520231326690992128
1520231328305852416
1520231336681877505
1520231339894579200
1520231349604524033
1520231358588768257
1520231359989616641
1520231360577044480
1520231361285697538
1520231362690793473
1520231367069548544
1520231368776577024
1520231373306572800
1520231374950699009
1520231379115511809
1520231379971321861
1520231387651088386
1520231388536090627
1520231391786508288
1520231394605162498
1520231394927988736
1520231395372814338
1520231396081606658
1520231401165099008
1520231406915538951
1520231408446357506
1520231416377876481
1520231418072383489
1520231419934478336
1520231423701045248
1520231426284834817
1520231428591652866
1520231429736902656
1520231431015911424
1520231443435335682
1520231449236025344
1520231451337363458
1520231452000063491
1520231456248803329
1520231457989537792
1520231463379161088
1520231467263086594
1520231467632058368
1520231468190121984
1520231469653782528
1520231470672998402
1520231470631206912
1520231476847124487
1520231477706846208
1520231482845196288
1520231483348295681
1520231484489150464
1520231487953637376
1520231489841123333
1520231491103604736
1520231495457251328
1520231499953577984
1520231504219049984
1520231518458851330
1520231524284702721
1520231525152968704
1520231527463989251
1520231527904256001
1520231530370580481
1520231535894482946
1520231539849768965
1520231548259385347
1520231552625520641
1520231554190094338
1520231555804930051
1520231557675552771
1520231559932043269
1520231560011784193
1520231560640933890
1520231561265922048
1520231563073490944
1520231564747046913
1520231565078548480
1520231569369280513
1520231571663425537
1520231572082991106
1520231574754762752
1520231576436887552
1520231576847663106
1520231577426423808
1520231585777393664
1520231587459190784
1520231587429830656
1520231587731890185
1520231591817224192
1520231602009382921
1520231604039213056
1520231604987248646
1520231607281532929
1520231608997064705
1520231612939653121
1520231614378299399
1520231617020768257
1520231617222086656
1520231624989941761
1520231626709807110
1520231628727009282
1520231634666233857
1520231637652496384
1520231645458178049
1520231646510956550
1520231646729056256
1520231649904144386
1520231652982722560
1520231653741895681
1520231655754985472
1520231656526864387
1520231663648661504
1520231664278024194
1520231664550658048
1520231669348843520
1520231670196150273
1520231673245626369
1520231674797195265
1520231676021989377
1520231677926252544
1520231681285894144
1520231681524908032
1520231685769633792
1520231690731466758
1520231690760818691
1520231697945698306
1520231698247602178
1520231699489173504
1520231702102261760
1520231708242677761
1520231709387763712
1520231716547350528
1520231719659528192
1520231723027636225
1520231724868767745
1520231725909032960
1520231739142123521
1520231747304271872
1520231748612853765
1520231748176687106
1520231752039550977
1520231757974581248
1520231761044819971
1520231762244382721
1520231764102373376
1520231769450160128
1520231770851098626
1520231775729078274
1520231776819752960
1520231778795257856
1520231778744733698
1520231780896456705
1520231783551598592
1520231784088227852
1520231784637603840
1520231787686940672
1520231788966125568
1520231789448552448
1520231792346898432
1520231795597398017
1520231796029681664
1520231798428647424
1520231799724646401
1520231802052517889
1520231805277908992
1520231807152799744
1520231811464450048
1520231814455083010
1520231817554849792
1520231821027557378
1520231823694987264
1520231826895351808
1520231827797164032
1520231833971142656
1520231840635785216
1520231847963369473
1520231853512282112
1520231854997217280
1520231856473583616
1520231864656670725
1520231865919188992
1520231867252985860
1520231868381151232
1520231870276857856
1520231871283712007
1520231877340467200
1520231880129449985
1520231880469237760
1520231896185147392
1520231896931868673
1520231899951775745
1520231905274507264
1520231906318635009
1520231906419257345
1520231907891499008
1520231923276206080
1520231931627335682
1520231932453400577
1520231933971734529
1520231938455449600
1520231942532509696
1520231955471732736
1520231957548113920
1520231958302896128
1520231962845360128
1520231965580009472
1520231968985825280
1520231970818740231
1520231972760653828
1520231974518104065
1520231974945927170
1520231975432335360
1520231980650139650
1520231980788600832
1520231982663610368
1520231985922326529
1520231987121999872
1520232000933797894
1520232002502500353
1520232006889713666
1520232008928174082
1520232013550268421
1520232013797593088
1520232018465984512
1520232021339119616
1520232021678690304
1520232027748204544
1520232031254245377
1520232035368923138
1520232035998212097
1520232036543389696
1520232039445766144
1520232039391375360
1520232041031249920
1520232043690422272
1520232047079575554
1520232047226368000
1520232049239633921
1520232056294420483
1520232059029139461
1520232061289832450
1520232062090940418
1520232068374011905
1520232071469350912
1520232100862971904
1520232106751938560
1520232107066511361
1520232108903567360
1520232110019203075
1520232115207499776
1520232115362742273
1520232116700729347
1520232116700729344
1520232118638546945
1520232122614788102
1520232125328510977
1520232130688667648
1520232136250650624
1520232138636996611
1520232144144064512
1520232147902091264
1520232149361872897
1520232152838909953
1520232153757401088
1520232154067652608
1520232160120262658
1520232170262265857
1520232178696695808
1520232179892060160
1520232184992387072
1520232188486328321
1520232190772191234
1520232210237820930
1520232210632163329
1520232212158853121
1520232212285001728
1520232212976783364
1520232214499319808
1520232216579780613
1520232216999120896
1520232218378981377
1520232219226173440
1520232226721570817
1520232228831256577
1520232238255947777
1520232238591348737
1520232243129683968
1520232244937437184
1520232250754752518
1520232260712206336
1520232263723589633
1520232264415600642
1520232266852487174
1520232266827550721
1520232267154554880
1520232267788042241
1520232268073414657
1520232280563896323
1520232280693911556
1520232283348688896
1520232291330498562
1520232300402954241
1520232302818869250
1520232309101940737
1520232309840097280
1520232313036193792
1520232314592182272
1520232318106886145
1520232321508515846
1520232323882668034
1520232324926955521
1520232328538243074
1520232331176468480
1520232334540292098
1520232336654229504
1520232346733137920
1520232348071038976
1520232348415139840
1520232351103660033
1520232351896588288
1520232353586634753
1520232355503378433
1520232364047159297
1520232365192318976
1520232369629900807
1520232370556874752
1520232374566543361
1520232375011069952
1520232377368420352
1520232383030648833
1520232391834546177
1520232392539131904
1520232395592519680
1520232404786741249
1520232410960572417
1520232411128156160
1520232418485358594
1520232418611179520
1520232428559900672
1520232430325874688
1520232438030475264
1520232457693446144
1520232458255740928
1520232464249245697
1520232467973738499
1520232470431547393
1520232476387467266
1520232478992216067
1520232483354161152
1520232483354206208
1520232483450765312
1520232482767003655
1520232499942674432
1520232501607862278
1520232502761336834
1520232510667427840
1520232515725844481
1520232521140772864
1520232523732852736
1520232523732856837
1520232529583824896
1520232541768224769
1520232544435855363
1520232544981110786
1520232557656170496
1520232566007242752
1520232567273930752
1520232567760379908
1520232569568116736
1520232571799490561
1520232587544993793
1520232592552902656
1520232593865973760
1520232594876551168
1520232596810182656
1520232601990361088
1520232602472521731
1520232603533541376
1520232607384018947
1520232609158033408
1520232611326615552
1520232611993600003
1520232616443752449
1520232617030959106
1520232623255474177
1520232626111582209
1520232626971635712
1520232632138801152
1520232635934535680
1520232639017279488
1520232642796572678
1520232644193275906
1520232644394463232
1520232646236045312
1520232649394061312
1520232649683521537
1520232651612958720
1520232654821642242
1520232656277020672
1520232655748759552
1520232659431088128
1520232660207116295
1520232660450349058
1520232661133905920
1520232666884296704
1520232669581578240
1520232676724199425
1520232677957246976
1520232678410551296
1520232685855457281
1520232687419596801
1520232688388608001
1520232688686632960
1520232699314819074
1520232702569435136
1520232703580200961
1520232704628961282
1520232705115721728
1520232705170055169
1520232705908428800
1520232709343170560
1520232712879185926
1520232714183528451
1520232717014679552
1520232725026082816
1520232736438501376
1520232742738399232
1520232745884131329
1520232746471337984
1520232747838623744
1520232752506970112
1520232755858128896
1520232758236352513
1520232758773227524
1520232759570141187
1520232761369501697
1520232764771115009
1520232766008406017
1520232768164225025
1520232770018189312
1520232775709769728
1520232778339700736
1520232780575170561
1520232787818827777
1520232789538480129
1520232791694360577
1520232792541564928
1520232793409998848
1520232795913826306
1520232796136312832
1520232796811411459
1520232798665289733
1520232801634766851
1520232803870330880
1520232808190722049
1520232809306238976
1520232814070935552
1520232815522193408
1520232823197941767
1520232825823416321
1520232830688985088
1520232836929929219
1520232839723503616
1520232840402661376
1520232841543663616
1520232841380077570
1520232844211068928
1520232848082448384
1520232855523270656
1520232857742249984
1520232862825467905
1520232864780107776
1520232867334586368
1520232867716268032
1520232868563361797
1520232868739485697
1520232869066641408
1520232875396038656
1520232891246006273
1520232898938511361
1520232899030757376
1520232907020902400
1520232909042561024
1520232909495492608
1520232910070198272
1520232918160871424
1520232918848659456
1520232922309177344
1520232923823099905
1520232923819130880
1520232924179668993
1520232929841991680
1520232932836659200
1520232946732523527
1520232948427116545
1520232949505228800
1520232950151155712
1520232954043461633
1520232956157206528
1520232956715241473
1520232959193894913
1520232962561818624
1520232964537335815
1520232966819135489
1520232973710278656
1520232978508820480
1520232983017443330
1520232984682577922
1520232985475178496
1520232988876886016
1520232990785290244
1520232991649378304
1520232992412680192
1520233004764909569
1520233005746434048
1520233008711839744
1520233013166018560
1520233014705410048
1520233015796019200
1520233018664931328
1520233023060561921
1520233023958102017
1520233024394186752
1520233026420191233
1520233026810171392
1520233032770371584
1520233037048553475
1520233042756833280
1520233052328366082
1520233052961751040
1520233053117120514
1520233055457357827
1520233056853966849
1520233059144335361
1520233059584557056
1520233060205318144
1520233068954595328
1520233070686781440
1520233071383289856
1520233081927614464
1520233086490976256
1520233086679764994
1520233096481841152
1520233096657911810
1520233100059553792
1520233102769012736
1520233108284776451
1520233110922747907
1520233113645117440
1520233116253638656
1520233119000891393
1520233120213078016
1520233121106456577
1520233123287486465
1520233125434908672
1520233129184747522
1520233132850442240
1520233138739458049
1520233145492066304
1520233146578522120
1520233148969553920
1520233152643764224
1520233164601499657
1520233171861786626
1520233173606486016
1520233175896977408
1520233177989541888
1520233180124512256
1520233183068962816
1520233183287160832
1520233185350766594
1520233186948796416
1520233186898362368
1520233187586150400
1520233189079281664
1520233190983675904
1520233192703541248
1520233194213281792
1520233194443915264
1520233197728055296
1520233200974393344
1520233210835353606
1520233211275714563
1520233214971113473
1520233218712211456
1520233223368081409
1520233226584969218
1520233227104882690
1520233230330318849
1520233231207256064
1520233235367841794
1520233236420460545
1520233237305765888
1520233248185815040
1520233249548742657
1520233250362380289
1520233257929158657
1520233266153803776
1520233269492699137
1520233274412523521
1520233286890827776
1520233288383614977
1520233291223212033
1520233292565561345
1520233294256013312
1520233294314491905
1520233295782457344
1520233297367891968
1520233299175964672
1520233300438269955
1520233305811353600
1520233306830241792
1520233317978632192
1520233322701791232
1520233323871629312
1520233324597309441
1520233327751577600
1520233339126439936
1520233339328016389
1520233343278886912
1520233345455697920
1520233350408982529
1520233351042543616
1520233356650242048
1520233363105357824
1520233363151687680
1520233365764734978
1520233368046157824
1520233369501462528
1520233369598308354
1520233373746491392
1520233375830786048
1520233383519223808
1520233386509361152
1520233389974040576
1520233391584600065
1520233394218487808
1520233395120484353
1520233486933979136
1520233488175501317
1520233490872414211
1520233491320909824
1520233499097186315
1520233499491717120
1520233501076844544
1520233503253704704
1520233507322138624
1520233510325592064
1520233512170893314
1520233515442642944
1520233518047313920
1520233520349818885
1520233523193516032
1520233526632853506
1520233536388988928
1520233539513376768
1520233541493469184
1520233544663982080
1520233545213825024
1520233549990793217
1520233549869182976
1520233559512039426
1520233563819368450
1520233565623042050
1520233567686647808
1520233570081538048
1520233573366009856
1520233574640857094
1520233577060782080
1520233581150445573
1520233583075602439
1520233584262787072
1520233585193926656
1520233587982929921
1520233599844622336
1520233608962842625
1520233610686889984
1520233615740837888
1520233618613882881
1520233623185731584
1520233623764738048
1520233630261551104
1520233632396455939
1520233635693182976
1520233641577566209
1520233644287459328
1520233645444902912
1520233645751078920
1520233659130802176
1520233662645776385
1520233664587898880
1520233665615306753
1520233666559066117
1520233668454854657
1520233675304357893
1520233677459902464
1520233679146012673
1520233680244944896
1520233684875415552
1520233686511276032
1520233687455248389
1520233689900544001
1520233691699552257
1520233692299505664
1520233692744253440
1520233693679431684
1520233695902593024
1520233786637750273
1520233791645659137
1520233791729639424
1520233792057012225
1520233792329420800
1520233792463851526
1520233799086272517
1520233800391065601
1520233801141854208
1520233804639739904
1520233807244312576
1520233812063670273
1520233812802019328
1520233815251505152
1520233815255535616
1520233819546484736
1520233820703834112
1520233823560421377
1520233823635755008
1520233827339501568
1520233827377025026
1520233830086414336
1520233838533767169
1520233847623151617
1520233850890301441
1520233852702277632
1520233854358876160
1520233856808456192
1520233859123941376
1520233859346018304
1520233861338497025
1520233866954477568
1520233871500931073
1520233873321304066
1520233874185670656
1520233875665870848
1520233875766579200
1520233876194578432
1520233877557686272
1520233880716029952
1520233880988565505
1520233882062258177
1520233883953811456
1520233884482478081
1520233884549476353
1520233884675457026
1520233885946114049
1520233899296583681
1520233900315865089
1520233905617797120
1520233908855775232
1520233912341078016
1520233914710695938
1520233920964575232
1520233921904267264
1520233925158662144
1520233927566368770
1520233931244670976
1520233932704579584
1520233935942389760
1520233943773065216
1520233946566512640
1520233949573697538
1520233949569732609
1520233949338951680
1520233951499284480
1520233952123965440
1520233955726790656
1520233961271693312
1520233962181779456
1520233963431751681
1520233964522246144
1520233968267935744
1520233974810832896
1520233975692034048
1520233975805054976
1520233975851417600
1520233978476777473
1520233979932135425
1520233985959501824
1520233986387292161
1520233998835978241
1520233998911348738
1520234005995880448
1520234007614885888
1520234016917815296
1520234025465651200
1520234025734004737
1520234026925236224
1520234026648358914
1520234028452007936
1520234030670966785
1520234034441424897
1520234035729125381
1520234039537389568
1520234039831052289
1520234041764634625
1520234044797390848
1520234046386806785
1520234051730296832
1520234057291886593
1520234060974489601
1520234062572523521
1520234068222169088
1520234069774471169
1520234072609636352
1520234073892958208
1520234077122662400
1520234078678753281
1520234079555399680
1520234084403847168
1520234086446825472
1520234093044432897
1520234096940634117
1520234098035499008
1520234104716873728
1520234106235371524
1520234109188317184
1520234121926258688
1520234133468770304
1520234135172059136
1520234137550000133
1520234142121619456
1520234142536978432
1520234144718258176
1520234155971432448
1520234156688437248
1520234159087751168
1520234160094576642
1520234160140734464
1520234165534609410
1520234166243446784
1520234169758007297
1520234172127879174
1520234176087166976
1520234180537634817
1520234181246296064
1520234181418045441
1520234182307328000
1520234201802547200
1520234207838150657
1520234208983240705
1520234210698870784
1520234216503447553
1520234220840488960
1520234227824041984
1520234233155010566
1520234233784324096
1520234234253918209
1520234234249678848
1520234237726961664
1520234238980800518
1520234241035882496
1520234241698766854
1520234242436907008
1520234243896614914
1520234247025479683
1520234249692930048
1520234251102429184
1520234253048434688
1520234255519215616
1520234258807365633
1520234266810105856
1520234269406244864
1520234272484782081
1520234275492274177
1520234276326973442
1520234276666494977
1520234298057846785
1520234303325716480
1520234304575774720
1520234305817137152
1520234307347910657
1520234308010758145
1520234308417564672
1520234311697448963
1520234313941274631
1520234317859139584
1520234325031149574
1520234328604610560
1520234329061822465
1520234336062214147
1520234341078556672
1520234343892799488
1520234344131940353
1520234345876754433
1520234351115571200
1520234350960590848
1520234351501488130
1520234354210975745
1520234359181262848
1520234361752375296
1520234364315246592
1520234367041351681
1520234370853974017
1520234371760128001
1520234372573577216
1520234372955516928
1520234373874089984
1520234383025881089
1520234383294275585
1520234385382981632
1520234387509768192
1520234387690110976
1520234388063145989
1520234388440682496
1520234388763541504
1520234390588174341
1520234393490571264
1520234394191265793
1520234400528859137
1520234403846270976
1520234411060613120
1520234411270180864
1520234411664744448
1520234416223944704
1520234420615061505
1520234421269499905
1520234421441511424
1520234422154321921
1520234423198789633
1520234425509842950
1520234425715359744
1520234427296587776
1520234435400019968
1520234436318662656
1520234438244073472
1520234443339972608
1520234450168467456
1520234451405467648
1520234451430633472
1520234452542455810
1520234453179650048
1520234453997867008
1520234462033940485
1520234466119413760
1520234466416934913
1520234468103311360
1520234479121735685
1520234482003230720
1520234483718365186
1520234485740032001
1520234488512782342
1520234488902881280
1520234493545947136
1520234496573935616
1520234497174048775
1520234499862237185
1520234500852097024
1520234502446006273
1520234507093348354
1520234507139710977
1520234511984115712
1520234511736262656
1520234513485475840
1520234516736278529
1520234517436325893
1520234518677962752
1520234518975680512
1520234524638015488
1520234524894187520
1520234525111898113
1520234528513613824
1520234534792581120
1520234541553618945
1520234542799679488
1520234547945689088
1520234553964916736
1520234553960509443
1520234555650756609
1520234558972514304
1520234561728225280
1520234567315394560
1520234569303216128
1520234570779664385
1520234573367455744
1520234573958852609
1520234575674417152
1520234579181072384
1520234581147873280
1520234583559524352
1520234587087015936
1520234587838095360
1520234589389791233
1520234596436172800
1520234598298718208
1520234602350194689
1520234602610106656
1520234607001493505
1520234608104640513
1520234613582741505
1520234625053827072
1520234633513914369
1520234634356793345
1520234634407202817
1520234637829750784
1520234642787680257
1520234646608674816
1520234659669757952
1520234664790740992
1520234669207302145
1520234670939463680
1520234675775881217
1520234676564099072
1520234687465410560
1520234690250088448
1520234694154932224
1520234697443274752
1520234699108540418
1520234702589759489
1520234703688978432
1520234708478545920
1520234711569764352
1520234712643506176
1520234712870322178
1520234713054474241
1520234720348749824
1520234724551426048
1520234724979257344
1520234724819488769
1520234726312714240
1520234730612203521
1520234732457496576
1520234735938809856
1520234736274264064
1520234736769433602
1520234739663179776
1520234742498664448
1520234745837367297
1520234746730934272
1520234749582888961
1520234751436668929
1520234753827512322
1520234755719004160
1520234757770342400
1520234762052698112
1520234762870296576
1520234769577287680
1520234770231222272
1520234770466480128
1520234774333648896
1520234774547230721
1520234774706548737
1520234777302896640
1520234777638584321
1520234779035242496
1520234779245182977
1520234782931697664
1520234784852639745
1520234785263652864
1520234786081886208
1520234792432078853
1520234796521340929
1520234801584033792
1520234803152711680
1520234806042415106
1520234810085502976
1520234809075068928
1520234811704877056
1520234812094570497
1520234814821253121
1520234819153760258
1520234827655815168
1520234830407081984
1520234831908864000
1520234841903620096
1520234843195404289
1520234848547340289
1520234852049887234
1520234853014589440
1520234857925726208
1520234861134446592
1520234861985820672
1520234872757178369
1520234875466313731
1520234879950409728
1520234880030117889
1520234883037102080
1520234883229962241
1520234886702923777
1520234895531933697
1520234896165203968
1520234898325487622
1520234911898038272
1520234913383030784
1520234919162568704
1520234919594643456
1520234926175449089
1520234929816281088
1520234942391009280
1520234950406307840
1520234952217923584
1520234957452443648
1520234960472313856
1520234961642524672
1520234963752259584
1520234964482068481
1520234968127090688
1520234969980841984
1520234973420158978
1520234974049632256
1520234980685000705
1520234982018813952
1520234987794341888
1520234989371392001
1520234995448692736
1520235001631350784
1520235009914798080
1520235014033915904
1520235019213901824
1520235021503660032
1520235021855969281
1520235023198453761
1520235027442769920
1520235031091892230
1520235031200948224
1520235038268268545
1520235045554102273
1520235045922902016
1520235047831412736
1520235048553050113
1520235061919977472
1520235074540929024
1520235075262111745
1520235079469236224
1520235079959814146
1520235080438140928
1520235083407314945
1520235091779149824
1520235092601614336
1520235093079461888
1520235105805303809
1520235106421846016
1520235107436888065
1520235110267863041
1520235110679068672
1520235112751067136
1520235117016678400
1520235119168339969
1520235120921235456
1520235126734524417
1520235134594985984
1520235143096856576
1520235158518960128
1520235162948104192
1520235163447267329
1520235170649247744
1520235172712501249
1520235179574370304
1520235198516199425
1520235203423539200
1520235206124486656
1520235208817414144
1520235208716529665
1520235209731743745
1520235210100854784
1520235216731881472
1520235217478615045
1520235217646014464
1520235217834807296
1520235218720149505
1520235220166873088
1520235222050082816
1520235222792491008
1520235224621142016
1520235230799568896
1520235233542811648
1520235233798344705
1520235235077632002
1520235237422166016
1520235238567292928
1520235252782084097
1520235263456428032
1520235264140099584
1520235274554335232
1520235277570424832
1520235279701114880
1520235282599059456
1520235283777978368
1520235283802779649
1520235289293115393
1520235297023299586
1520235298378366976
1520235312416702464
1520235313288810496
1520235314199027713
1520235316401295363
1520235317772529664
1520235320549249024
1520235322407227393
1520235326119493632
1520235331966369797
1520235335266955265
1520235340845387777
1520235341449502720
1520235344603791360
1520235345899524102
1520235348353327106
1520235352069271552
1520235356322340864
1520235362278420482
1520235365088436224
1520235374060003328
1520235374643011585
1520235375645573122
1520235378225160197
1520235383409483777
1520235395560394752
1520235397355556864
1520235397678198784
1520235401457324032
1520235402497785858
1520235403432783873
1520235407723536385
1520235420214341632
1520235420075892738
1520235422881787906
1520235427395153920
1520235436144488448
1520235436266102784
1520235436957863936
1520235447217123328
1520235449041653760
1520235452653096964
1520235455253745664
1520235458168561664
1520235463704924160
1520235470248050688
1520235473645580288
1520235475931308032
1520235477785354240
1520235481824342016
1520235486820057090
1520235488543604738
1520235497897234432
1520235500354764802
1520235502901010432
1520235507103412225
1520235511251677184
1520235512136617987
1520235514842222593
1520235515207118848
1520235517303922688
1520235518357028864
1520235526586257408
1520235527030464513
1520235529018961920
1520235537281523712
1520235539756208128
1520235547708768258
1520235553337184256
1520235553605971968
1520235558987268096
1520235562426581003
1520235563508695040
1520235565513592832
1520235566402580480
1520235568613191680
1520235570848759810
1520235575319547906
1520235575961591808
1520235578528174080
1520235578846896128
1520235579874549760
1520235579635429376
1520235586770010115
1520235586925211649
1520235597356572672
1520235597448630272
1520235599294345216
1520235609306308608
1520235610891784192
1520235615022829569
1520235616566661120
1520235618059517953
1520235617988317188
1520235620647714817
1520235627467272192
1520235628020961280
1520235635008630784
1520235639677263875
1520235639920533504
1520235642151653378
1520235657490309125
1520235664318423040
1520235665287675904
1520235666092683264
1520235667380670464
1520235667506483202
1520235667791704064
1520235670597423105
1520235670752534528
1520235671897911297
1520235685277757441
1520235685524885506
1520235688830312448
1520235691069870083
1520235691254640640
1520235691916943360
1520235693783810053
1520235694559358978
1520235696468160512
1520235696627531776
1520235696744665088
1520235700662128640
1520235705108434944
1520235709508255744
1520235709948473345
1520235711395340288
1520235711441473536
1520235712331026433
1520235722908651520
1520235723714146304
1520235723797852160
1520235724741967872
1520235727530852352
1520235728793649152
1520235732245180416
1520235733398794244
1520235734284005376
1520235736142082048
1520235739573014530
1520235741439135749
1520235744333529089
1520235748288794626
1520235754454020096
1520235754576019456
1520235755544596480
1520235757621092352
1520235765808058368
1520235767335092229
1520235768123633664
1520235775085793280
1520235777208176640
1520235790697066498
1520235791460737024
1520235800855678976
1520235801526693890
1520235804123185152
1520235808355422210
1520235815372472323
1520235818933436421
1520235821017681920
1520235821772640256
1520235830014578688
1520235832149348352
1520235844283809792
1520235849945780225
1520235853448024064
1520235853867487233
1520235854706348032
1520235864005103616
1520235864776843264
1520235866681393152
1520235868266840064
1520235869994876930
1520235870397550593
1520235874600243200
1520235875413925889
1520235875619459072
1520235877376479232
1520235879247220737
1520235880665214976
1520235887879405569
1520235890601504770
1520235890869604355
1520235891125489666
1520235892023042049
1520235904488538112
1520235906246254594
1520235912210546688
1520235914269655040
1520235917440864257
1520235917646393345
1520235919194099712
1520235920653357056
1520235927901454337
1520235938164916225
1520235939851022336
1520235941159641088
1520235950638391296
1520235958511169538
1520235961925632000
1520235962520915969
1520235977423302656
1520235978560249856
1520235990027145216
1520235992346955776
1520235993898491905
1520236010742816769
1520236015386230786
1520236016333836288
1520236021790638080
1520236023900295168
1520236029839802368
1520236035543736321
1520236039318622209
1520236048563187712
1520236052946235393
1520236055836114944
1520236056506896384
1520236059267072001
1520236059405086720
1520236065566588928
1520236077457743872
1520236081094213633
1520236081614045184
1520236084093145088
1520236084541952001
1520236084885557248
1520236091390889987
1520236091735183360
1520236096877395968
1520236097598410753
1520236098550525953
1520236102795202561
1520236104888299520
1520236111943004161
1520236112249118722
1520236113679454208
1520236115080269824
1520236118876123136
1520236117496582144
1520236122336788480
1520236130343743489
1520236135716298756
1520236138929213440
1520236139319332866
1520236141366026240
1520236141626019840
1520236144452980737
1520236145916882949
1520236148253085696
1520236158432997379
1520236158722011136
1520236159439319040
1520236159770959873
1520236169555968002
1520236180746424330
1520236186417000449
1520236194558136320
1520236196974133248
1520236198262108160
1520236214535987200
1520236217610121217
1520236218117632002
1520236226351050753
1520236227060178945
1520236229307994114
1520236229970710530
1520236230729949185
1520236230562115584
1520236237700751360
1520236237776252930
1520236240670687233
1520236241517948930
1520236241836412928
1520236245107941376
1520236246937014273
1520236250329886720
1520236253861478406
1520236256415809537
1520236263235743745
1520236264414322688
1520236267929489408
1520236270047600651
1520236271360090112
1520236277135659009
1520236278763208705
1520236278985666560
1520236279761305600
1520236280130416640
1520236285553967105
1520236285863993345
1520236291660849152
1520236292725829633
1520236291526328320
1520236299550347264
1520236316276928512
1520236318063661056
1520236325189734400
1520236328801107968
1520236332106551300
1520236349101854721
1520236351492268033
1520236356781236224
1520236362804260864
1520236364771463174
1520236371470069760
1520236384040103937
1520236384010735616
1520236384216567808
1520236385722318848
1520236385914949633
1520236394312237056
1520236396916592640
1520236396887248896
1520236401157042176
1520236405959495680
1520236407104876544
1520236407281045505
1520236411361710080
1520236418236567552
1520236419914289152
1520236427216244738
1520236428466081793
1520236431507001344
1520236433570598912
1520236435420241922
1520236435609362433
1520236440642547714
1520236443439964161
1520236449727414272
1520236452239400961
1520236460938432513
1520236468094271488
1520236470362984448
1520236471504220161
1520236472527654913
