1511524316483141632
1511524316197933060
1511524317242146819
1511524318378926082
1511524319494553622
1511524320887156736
1511524321721831428
1511524323961364480
1511524325953884167
1511524327585423365
1511524328063619080
1511524328751484936
1511524329200275460
1511524329405792260
1511524329615511563
1511524331020599303
1511524332668866563
1511524333801385996
1511524336418668548
1511524343561728000
1511524345071427589
1511524345625165826
1511524347105656832
1511524348875743237
1511524352096804864
1511524352671502340
1511524352877277188
1511524353426530304
1511524353682415627
1511524354072334343
1511524355125174279
1511524356211585028
1511524356597313540
1511524357855752198
1511524358325522436
1511524359051034626
1511524360846299142
1511524364847616005
1511524366739255299
1511524367016108033
1511524367431315462
1511524367682912259
1511524368161157128
1511524369230565379
1511524369524273154
1511524369859809282
1511524371277307907
1511524373198524422
1511524373655601160
1511524374892974093
1511524375928975361
1511524376193253377
1511524377417986053
1511524377682190336
1511524378982367232
1511524380332867589
1511524382098739201
1511524382748913664
1511524384615415809
1511524385701646336
1511524386041384963
1511524386334945280
1511524387111022594
1511524395382194179
1511524400780173314
1511524402885808128
1511524404768948238
1511524405003833346
1511524405972811790
1511524406849413121
1511524407071682572
1511524407281397769
1511524408057290759
1511524408287932416
1511524408787091469
1511524409705701378
1511524410624204807
1511524414453596163
1511524416999641097
1511524419973357568
1511524423043534851
1511524423169413132
1511524423349805064
1511524425123958788
1511524427162439684
1511524427539922950
1511524429460914179
1511524432958918662
1511524436846989355
1511524437979504640
1511524438021451781
1511524438432432132
1511524438222651393
1511524441506955268
1511524443302023179
1511524446573576192
1511524447991255040
1511524447991259137
1511524451267002373
1511524451531243524
1511524453347467278
1511524453817094147
1511524454542811139
1511524456128151556
1511524456031735808
1511524459982864384
1511524463891951626
1511524464529399815
1511524469109673992
1511524470112063490
1511524472041443328
1511524472926482440
1511524474306248709
1511524478152495111
1511524478857138178
1511524479691800577
1511524482762092545
1511524483638734863
1511524484943073288
1511524488239849476
1511524489758130191
1511524491582746630
1511524496297103369
1511524496808816648
1511524496817389569
1511524497186246663
1511524498213904385
1511524498532708360
1511524499572891662
1511524499711176705
1511524500579315714
1511524502122946562
1511524502584414234
1511524502651482117
1511524502928502788
1511524503775596559
1511524508750041094
1511524509974777858
1511524509920202752
1511524510671020033
1511524511048511488
1511524514940739594
1511524516308164612
1511524517071437825
1511524517671161856
1511524519848165385
1511524520775098377
1511524521890701313
1511524530862411779
1511524532842020867
1511524533139873799
1511524534779887617
1511524537476820995
1511524539359973383
1511524540949667841
1511524542111531011
1511524543948460035
1511524548369424390
1511524549749317644
1511524551259312132
1511524555009007619
1511524556682448901
1511524557206687744
1511524557743706114
1511524559773736960
1511524560172204047
1511524560767795210
1511524564311945222
1511524565146644486
1511524565788332035
1511524566128107520
1511524568703328257
1511524570385338374
1511524571974975489
1511524572578959365
1511524573627490311
1511524579403083778
1511524580367777796
1511524582540390401
1511524582653677570
1511524583253463046
1511524585971322885
1511524585841299460
1511524586940207109
1511524588299112455
1511524592673824773
1511524594808766469
1511524598751375362
1511524599871201283
1511524601939079169
1511524606657667081
1511524607035158528
1511524607978844166
1511524609589395456
1511524612164755468
1511524614203133957
1511524618875686920
1511524621065019393
1511524622008823812
1511524623099248641
1511524623678124036
1511524624105938946
1511524626563747848
1511524628929282049
1511524631643103234
1511524631613775876
1511524633253756929
1511524635849932805
1511524636475158528
1511524638324527107
1511524640417624064
1511524641457807365
1511524644783853568
1511524644825743367
1511524644976799748
1511524645895299076
1511524646142816260
1511524650001571859
1511524649972252677
1511524650471231488
1511524653688246273
1511524656376918021
1511524658365018114
1511524659048505346
1511524661162618883
1511524662399975424
1511524670809546753
1511524673028247555
1511524674802495489
1511524675301658625
1511524677008564224
1511524678506008579
1511524679084912645
1511524679739224065
1511524681421045764
1511524682540933122
1511524691994939401
1511524694188597251
1511524694364770305
1511524697422413834
1511524698605047813
1511524701021310976
1511524702715584519
1511524703575453696
1511524703718023168
1511524705370619904
1511524709778796549
1511524709824970752
1511524710797885445
1511524712219914253
1511524713314586628
1511524713675251713
1511524716338634752
1511524717190074370
1511524718649741312
1511524724639256577
1511524725784256515
1511524726451097607
1511524727617204228
1511524731064791041
1511524731484319752
1511524734068051969
1511524734663593987
1511524736915881986
1511524736932659206
1511524742196604937
1511524743614246913
1511524744620871684
1511524746034360322
1511524746269184002
1511524749616238600
1511524749519822848
1511524754196508675
1511524753848348674
1511524753517191169
1511524755379269633
1511524755555459072
1511524759682572289
1511524760232116242
1511524762102767621
1511524767861456905
1511524768658378753
1511524770596237318
1511524776657006594
1511524776812101639
1511524777965588488
1511524778091241472
1511524778519244803
1511524782201839618
1511524782835212293
1511524783397253134
1511524783925694465
1511524785020456962
1511524786068992011
1511524788547866641
1511524789135065098
1511524789042700291
1511524789848006656
1511524793732026375
1511524794768007172
1511524795325816836
1511524797330644998
1511524797943066626
1511524800975589381
1511524801415897095
1511524802032455681
1511524802313748488
1511524802162479107
1511524805224407052
1511524806566584323
1511524806948229120
1511524807178862596
1511524809611653127
1511524813663346689
1511524814590300161
1511524816465145859
1511524817165557766
1511524817211727872
1511524817371082762
1511524819787034629
1511524820571377677
1511524822618034181
1511524822802698242
1511524824924971011
1511524826904735744
1511524827407994888
1511524827974279168
1511524829693939713
1511524830151340036
1511524831501688832
1511524836325138434
1511524837407301641
1511524839064064003
1511524840116822019
1511524841081376779
1511524841190572039
1511524843761672197
1511524846655651841
1511524848954191889
1511524849683996682
1511524849595961354
1511524850380283915
1511524852070555652
1511524852330643460
1511524853450670082
1511524855497302020
1511524855816019968
1511524855899992068
1511524858324295683
1511524860706672641
1511524864233988102
1511524864682823682
1511524864900927494
1511524868055080960
1511524869233643526
1511524870550654976
1511524872714915840
1511524878171652100
1511524880621125638
1511524882151972865
1511524883670441996
1511524885713113093
1511524885469835274
1511524888472870924
1511524889102290945
1511524891199258632
1511524892004470787
1511524894646972416
1511524894898638860
1511524896358211588
1511524897654198278
1511524899160039431
1511524899487113222
1511524903723454471
1511524905271152647
1511524908915822596
1511524910291640320
1511524910824398854
1511524911222857728
1511524916394627074
1511524917149319173
1511524918176980995
1511524918395031562
1511524919049338883
1511524922379677698
1511524923482779649
1511524924195749889
1511524925948973058
1511524926418833413
1511524934480183303
1511524936988430343
1511524937344995334
1511524939001737217
1511524940704530435
1511524943913177093
1511524946098495488
1511524946769498113
1511524947113390087
1511524947981750272
1511524951064465413
1511524952138301446
1511524954571001892
1511524958186336265
1511524959440580609
1511524963043446784
1511524965283250192
1511524965761310728
1511524965870411776
1511524966021451787
1511524966566662149
1511524966533054467
1511524967363526659
1511524968529645576
1511524970219847681
1511524973638262789
1511524974728724482
1511524977585135622
1511524980017836032
1511524981091487747
1511524982643466245
1511524985399037963
1511524986409922571
1511524987886309392
1511524991208235027
1511524994559496202
1511524997352861711
1511525004134998021
1511525006131572744
1511525006924292104
1511525008316801030
1511525009424064516
1511525010854326275
1511525010845974531
1511525011277889540
1511525015128354821
1511525015375781892
1511525016256622595
1511525017548435460
1511525017812619268
1511525018500579336
1511525020014682117
1511525020572471298
1511525022090907652
1511525023240044548
1511525023613337602
1511525026020929547
1511525030513025033
1511525031267950593
1511525031427325956
1511525032555593728
1511525032593432585
1511525033788727302
1511525033868414976
1511525035017711619
1511525036263366658
1511525036410036229
1511525036448006146
1511525036099837953
1511525037060550657
1511525037731364871
1511525043754393610
1511525044253761539
1511525044761116675
1511525048733122561
1511525048959451136
1511525049173430284
1511525049450311685
1511525049492291585
1511525050624712705
1511525052545699840
1511525052990251010
1511525054487662595
1511525054902849537
1511525055188160514
1511525055481753622
1511525058455523328
1511525058682179586
1511525063207628803
1511525063853498368
1511525065933869059
1511525064864419847
1511525067569700866
1511525068504977413
1511525070874763269
1511525071378161670
1511525071772438528
1511525076000194563
1511525077853954053
1511525078554628108
1511525079678689283
1511525081490538496
1511525082409091075
1511525083663249412
1511525084099395589
1511525085030592515
1511525086070726659
1511525094379696134
1511525099224059904
1511525099157049344
1511525099836518404
1511525099895148544
1511525100956401665
1511525103997272072
1511525109521080321
1511525110661922822
1511525110741667850
1511525110875832323
1511525111068872706
1511525111828041738
1511525121038721032
1511525123047792644
1511525123643301889
1511525123584671754
1511525123479719936
1511525124905832451
1511525124842954763
1511525127909003268
1511525128894664704
1511525129641209859
1511525129683189761
1511525130400419842
1511525130937245710
1511525135332872196
1511525136935133185
1511525137253818381
1511525139669733385
1511525140554731523
1511525142324826119
1511525144736452615
1511525148184264713
1511525151036350471
1511525151334182918
1511525153762693121
1511525154240843776
1511525154492456967
1511525158711873539
1511525164030308352
1511525164260937730
1511525166391701505
1511525166806880262
1511525172125261827
1511525173861785600
1511525174029557762
1511525174847414275
1511525176906764291
1511525178999726085
1511525180555907078
1511525184712421377
1511525188961292298
1511525189439348740
1511525192039866369
1511525193004556294
1511525194418081800
1511525194636140546
1511525195995136002
1511525198650089478
1511525200558448644
1511525200827150338
1511525202836004866
1511525203934912516
1511525207474900992
1511525208812883972
1511525210243145729
1511525211585323014
1511525217000202241
1511525218786979840
1511525220057812996
1511525222704467979
1511525223056748553
1511525226382770179
1511525228714811393
1511525229797023753
1511525232951107587
1511525234238976000
1511525240890748932
1511525241444605956
1511525243382292481
1511525244648964100
1511525245890482176
1511525246591016960
1511525247098703872
1511525247757045760
1511525247769616388
1511525249417764868
1511525249829027843
1511525249942269959
1511525251271778306
1511525252442034180
1511525255474565125
1511525255948513289
1511525259480113157
1511525260608380929
1511525261078155266
1511525264131506177
1511525268070019074
1511525269189836806
1511525270934720512
1511525273312931840
1511525274684473355
1511525277628870662
1511525278379618308
1511525278803189764
1511525282225790976
1511525282507018248
1511525284448813065
1511525285904191491
1511525287858774017
1511525291491012609
1511525293864980485
1511525295697842176
1511525298843619328
1511525300319965185
1511525304472424454
1511525305244078088
1511525305344827396
1511525311082483713
1511525311824990217
1511525312282218504
1511525312353357827
1511525313578213383
1511525313603375104
1511525313758519300
1511525315364990976
1511525318296850432
1511525319399948294
1511525320205090821
1511525320775671811
1511525321497010177
1511525324378488834
1511525328006660105
1511525328522563597
1511525330246377478
1511525332305727490
1511525336080695301
1511525336173133827
1511525336579723266
1511525336676245529
1511525337515139074
1511525341554225170
1511525345815674888
1511525346591612930
1511525346599968773
1511525346998460422
1511525350081183748
1511525350714580998
1511525352983576580
1511525352912285697
1511525354564952069
1511525355760279555
1511525356192284691
1511525359635898372
1511525363167420424
1511525366405419008
1511525367193944066
1511525368179605517
1511525368632647684
1511525373837721604
1511525375066742784
1511525376195018754
1511525377730125824
1511525380099878912
1511525382138302468
1511525383497302017
1511525384491253761
1511525383564410880
1511525385749495812
1511525385942585351
1511525386097729549
1511525386751991813
1511525389130244103
1511525390103293957
1511525392745738246
1511525392838017034
1511525392489791496
1511525394440146950
1511525394905800707
1511525397372022792
1511525396830994433
1511525397594312713
1511525398093475845
1511525400383471616
1511525400345784320
1511525400706486275
1511525404133183490
1511525406951813120
1511525407023149060
1511525409837490185
1511525409904545800
1511525410990866432
1511525411716542471
1511525412484128769
1511525414317006849
1511525416103784460
1511525417089437697
1511525417982828547
1511525419379531777
1511525419379474435
1511525421216641027
1511525422827294723
1511525423263457280
1511525423791943682
1511525425201229844
1511525429273845769
1511525431605874695
1511525432486735872
1511525433078161410
1511525433816326150
1511525433988288517
1511525434235756545
1511525435091341316
1511525436102217731
1511525438828470292
1511525444402786308
1511525447808466944
1511525449901527042
1511525450031509507
1511525449960202248
1511525450337730560
1511525451612794888
1511525452023742470
1511525452199993345
1511525456322859008
1511525461855289350
1511525462367141890
1511525463545548807
1511525465818861574
1511525467039412227
1511525467265896448
1511525468205424648
1511525468402552839
1511525469895618565
1511525470898114563
1511525471191810048
1511525471766339593
1511525473075052556
1511525473343340545
1511525475868626944
1511525477185462275
1511525477281722371
1511525480100294657
1511525480893190147
1511525482675650567
1511525482801647622
1511525484496134146
1511525485490102282
1511525485603393538
1511525485758537730
1511525486345834499
1511525490150019073
1511525493648015360
1511525493841006592
1511525496881823744
1511525497670447108
1511525500053000195
1511525501168496643
1511525505144692738
1511525505773748224
1511525507006881795
1511525508185526280
1511525508332326912
1511525509179613187
1511525509607395334
1511525511830380547
1511525513013178370
1511525517496889345
1511525520504205318
1511525520592146434
1511525523498876934
1511525529207414789
1511525532717965312
1511525532927766545
1511525535222050821
1511525535456837638
1511525539370405891
1511525540125196292
1511525540242640903
1511525541123432453
1511525541907775490
1511525543870672902
1511525544847982603
1511525545112178689
1511525546638905345
1511525547091898369
1511525549629485056
1511525549662945280
1511525550292090882
1511525551449718786
1511525555597942795
1511525558756290563
1511525559112765440
1511525559934889998
1511525563089014796
1511525563500011531
1511525564011716610
1511525565248925703
1511525569778925570
1511525574187130881
1511525574438760451
1511525577278341122
1511525577408364548
1511525577987141632
1511525578356232195
1511525578918318080
1511525583255179264
1511525586673586176
1511525589630570504
1511525590721044485
1511525594961526786
1511525595028631558
1511525595372572674
1511525595875844103
1511525601663934469
1511525603241074693
1511525608857219076
1511525611554156556
1511525612833447941
1511525615610081281
1511525618512379906
1511525618449539079
1511525619401564166
1511525619913351171
1511525620441882624
1511525623986016258
1511525626754306052
1511525627869999110
1511525629463826447
1511525629656772637
1511525629870682113
1511525635587518468
1511525640264110080
1511525641258164232
1511525642034196481
1511525643158179847
1511525643439202309
1511525644986900480
1511525646270283776
1511525647629393930
1511525647641985033
1511525650917564420
1511525651064438789
1511525651974701067
1511525655137161223
1511525655242059781
1511525656433201153
1511525656529719297
1511525656798154757
1511525658014404809
1511525661298503681
1511525662875693063
1511525664503046146
1511525665383727111
1511525667854299140
1511525668076593155
1511525670781923329
1511525672061128704
1511525672220516356
1511525673965338628
1511525676427399177
1511525679648710656
1511525679866826760
1511525681297084417
1511525682227994627
1511525688494497795
1511525692005093383
1511525692424474627
1511525692726513667
1511525692823019523
1511525694433603586
1511525694567821318
1511525698992803841
1511525702834741260
1511525707054264322
1511525706374987776
1511525708891369472
1511525708895555586
1511525712443887616
1511525714205593604
1511525714771820544
1511525714964582403
1511525719431651335
1511525721130385420
1511525726222176267
1511525726192820227
1511525726637465606
1511525730353565697
1511525732060733450
1511525736259149833
1511525737660047360
1511525738738069510
1511525739606142982
1511525740109602827
1511525740470284296
1511525742668132355
1511525744035471364
1511525744840749064
1511525747453796360
1511525747894140928
1511525747927629827
1511525747835428873
1511525748959596547
1511525754680623105
1511525756404387844
1511525756429651968
1511525756442230789
1511525757050572804
1511525761538273282
1511525763283140612
1511525763408965635
1511525766529314816
1511525767053672456
1511525771302604809
1511525771453554688
1511525779586363397
1511525785332592648
1511525786163023872
1511525789879181319
1511525790776762375
1511525792332849158
1511525792911659012
1511525795793096706
1511525800192917504
1511525800427798529
1511525804349530112
1511525805075144705
1511525805712683015
1511525806329274372
1511525806807388175
1511525810355777541
1511525811618295814
1511525815128891394
1511525815099576325
1511525815753842711
1511525816622014471
1511525818882830339
1511525819235061760
1511525827959308289
1511525830027091974
1511525835030810625
1511525835974615041
1511525839413944327
1511525842391760899
1511525842572267528
1511525843914350595
1511525844262469633
1511525845357281281
1511525846170759171
1511525847957659654
1511525848800804870
1511525850344304644
1511525852378456065
1511525852848300050
1511525854798561283
1511525856329576455
1511525856187129857
1511525858493743107
1511525858883870731
1511525862981705732
1511525863627624449
1511525863677902850
1511525865418629123
1511525867238871040
1511525869935898630
1511525873249312768
1511525873798758403
1511525873937231873
1511525879226191878
1511525879922532361
1511525881998684160
1511525883735068672
1511525884548861957
1511525885177995268
1511525886893338627
1511525892488499204
1511525892534714372
1511525892895522816
1511525893310750725
1511525893491109889
1511525895466635277
1511525895433039882
1511525904266108935
1511525909345411075
1511525912696836101
1511525915343339526
1511525915259506690
1511525915288903681
1511525916769505282
1511525918958919681
1511525925422305280
1511525926949072902
1511525928601534472
1511525933743755275
1511525934603640835
1511525935316705284
1511525937795551236
1511525938588176386
1511525939695558660
1511525942367330307
1511525943009071105
1511525943537545219
1511525944808415243
1511525948537118729
1511525948973277189
1511525950416162819
1511525952123248650
1511525952366518284
1511525955633823754
1511525956485369864
1511525959698112514
1511525960260141061
1511525961531113473
1511525962453770246
1511525965234638859
1511525966190891012
1511525969177231365
1511525970229956611
1511525973040189447
1511525974982205440
1511525978022965254
1511525980174757898
1511525981110083586
1511525982628372485
1511525983114907651
1511525984356474883
1511525990266249219
1511525990857691136
1511525991423827970
1511525992447180808
1511525993156071424
1511525994519306240
1511525997203623940
1511526002207657984
1511526005839745035
1511526006892417035
1511526008633106432
1511526011078430734
1511526011141246984
1511526011170611200
1511526013779554309
1511526017726394370
1511526017764052999
1511526026681200642
1511526026874077184
1511526029336236037
1511526035279470597
1511526035732447237
1511526037116624898
1511526037754155014
1511526038039416836
1511526038274203648
1511526045081653251
1511526048479203329
1511526051574296576
1511526052153425925
1511526052853653512
1511526054418173959
1511526055898660869
1511526057932955649
1511526058398556166
1511526059824807946
1511526060202016768
1511526061032587268
1511526061162606592
1511526061284245505
1511526061187772417
1511526062597066763
1511526063012257792
1511526069131788293
1511526070348140545
1511526071287562242
1511526072461975557
1511526076408901644
1511526081714700295
1511526088555515910
1511526088924667904
1511526093504888834
1511526097346830341
1511526099418849280
1511526101377556482
1511526103181058049
1511526106888904713
1511526108168179719
1511526109900328970
1511526113201250307
1511526114669309956
1511526116154093578
1511526116888035336
1511526117311717384
1511526119794950144
1511526120319037444
1511526121216618503
1511526122588098566
1511526123645321217
1511526126396526593
1511526129479340033
1511526131677159426
1511526131643658245
1511526132172177408
1511526134890045442
1511526135322095631
1511526135955402756
1511526139071799299
1511526139243773954
1511526147447836673
1511526148278308875
1511526148982943745
1511526150002118664
1511526151071707144
1511526151273029633
1511526151516311560
1511526151633747968
1511526152938180616
1511526152921399301
1511526154271870980
1511526156746559488
1511526160798482440
1511526163822350338
1511526165655207937
1511526167563616257
1511526168809332744
1511526171703394306
1511526174597517318
1511526175289581583
1511526178628280322
1511526179286790145
1511526179659993090
1511526180234665997
1511526180905799684
1511526181031583752
1511526181409116162
1511526184751964166
1511526185720758283
1511526186278703109
1511526186756751360
1511526187822383104
1511526188321234944
1511526191903252483
1511526192402284552
1511526196714082309
1511526198014324736
1511526200472223753
1511526201482960901
1511526202456133633
1511526202997379074
1511526203013963784
1511526206314893317
1511526207380205569
1511526211343851523
1511526214497968128
1511526214539882498
1511526216670793729
1511526220202188802
1511526219795283982
1511526221368246272
1511526221556994048
1511526222429310978
1511526225382158344
1511526226447413248
1511526229542940676
1511526230042062852
1511526230016901125
1511526234894782480
1511526236509683712
1511526237692477447
1511526238002819079
1511526238501941257
1511526239349137420
1511526247754522626
1511526247989649408
1511526248979312645
1511526250480873488
1511526250912776198
1511526251097468937
1511526254050168833
1511526254117326859
1511526255979597835
1511526259762814981
1511526264917610497
1511526267262222337
1511526269883662337
1511526277693460481
1511526279312338946
1511526283867533319
1511526285184483328
1511526286480523265
1511526286715494407
1511526288250572801
1511526292394491910
1511526293296275464
1511526295452147715
1511526295909322757
1511526298740568065
1511526299814305795
1511526300871188483
1511526301462638599
1511526306105675779
1511526306726309899
1511526307166892035
1511526310228725767
1511526323084308488
1511526327328849920
1511526328624951296
1511526330776625152
1511526330977902594
1511526331414200326
1511526333028970512
1511526337521012741
1511526338506723329
1511526338569682944
1511526339496472576
1511526340519940108
1511526343913218052
1511526346459131904
1511526346660360192
1511526346924691460
1511526351756570629
1511526354726146051
1511526357251117063
1511526358366621697
1511526358995943430
1511526359318745092
1511526360157675525
1511526360531054594
1511526361151717379
1511526362976239620
1511526367057399813
1511526367430590466
1511526367954878465
1511526368030474241
1511526372463755268
1511526373545938946
1511526376993611777
1511526377643728898
1511526883929862148
1511526887662792708
1511526892448407554
1511526893262094339
1511526894591778825
1511526894784573440
1511526897427140612
1511526904213426187
1511526904918167555
1511526905891143685
1511526908881686536
1511526909909286919
1511526916410515468
1511526916641144840
1511526916758839302
1511526919774384133
1511526922811064335
1511526924648169473
1511526925730291712
1511526929215758336
1511526933292589073
1511526933598773256
1511526934227914753
1511526934626373636
1511526935964364800
1511526936681627654
1511526941131743238
1511526941689585664
1511526941526044679
1511526944801701890
1511526946089410562
1511526946278187009
1511526946735337475
1511526947196649473
1511526948555603970
1511526956633841666
1511526958693298180
1511526961486696463
1511526962384322560
1511526962828824590
1511526964099702791
1511526964292509697
1511526964640817153
1511526966045908995
1511526967551660034
1511526967727767553
1511526967895592963
1511526971326541824
1511526972869931008
1511526972958064645
1511526972735713286
1511526974648467460
1511526977211146246
1511526979857788957
1511526981707444231
1511526982038835211
1511526983271952386
1511526985171877891
1511526985868132354
1511526985662668802
1511526986577072130
1511526989726982147
1511526989861109762
1511526990695780358
1511526990771552260
1511526992860045314
1511526994441347073
1511526994600775687
1511526994814844929
1511526994932117506
1511526995380813824
1511526996983136257
1511526997066985480
1511527002590826496
1511527005426094085
1511527006835462151
1511527008685240335
1511527009108860928
1511527010513915913
1511527010857897985
1511527011839270913
1511527012875182080
1511527013139419138
1511527013433151494
1511527014305574914
1511527014771347457
1511527023277129733
1511527024623599619
1511527024770310147
1511527025042939912
1511527025693147137
1511527027521867778
1511527028566102021
1511527028574470149
1511527033473544197
1511527033620287493
1511527036803760134
1511527042612965378
1511527043145609221
1511527047109165061
1511527050145845249
1511527050405949442
1511527050775076873
1511527053287383040
1511527053383933961
1511527055216812032
1511527057263497225
1511527057762754560
1511527061747531778
1511527061957091334
1511527062225498128
1511527067094986758
1511527067208269826
1511527069699747845
1511527069980766209
1511527070148567052
1511527070458957824
1511527071335342090
1511527071213838339
1511527075861221385
1511527076288999428
1511527078146891778
1511527079262703625
1511527079505907715
1511527080491511810
1511527080642678785
1511527081821233155
1511527082060361729
1511527082303672322
1511527082219683840
1511527085550018564
1511527086258806790
1511527087257145349
1511527087835860994
1511527088163065857
1511527088641167368
1511527092646780935
1511527092860694531
1511527093552750594
1511527093418483713
1511527094429360139
1511527097340243970
1511527097935740933
1511527099668082691
1511527106861314050
1511527108517969920
1511527112473255936
1511527117200056324
1511527117783195649
1511527118756360196
1511527118605275144
1511527119142387715
1511527119221886982
1511527120937308174
1511527121381826561
1511527122778664960
1511527122934071297
1511527123588202506
1511527125123219456
1511527125139996672
1511527127212081154
1511527127291678724
1511527130605174789
1511527131137953800
1511527133780357120
1511527135906873344
1511527137584549893
1511527137903271936
1511527139555880967
1511527140357025803
1511527140495433742
1511527141829193728
1511527142034653187
1511527144022851585
1511527145071382530
1511527147092938754
1511527150775640072
1511527151857774600
1511527153166434304
1511527153346699271
1511527153661366278
1511527154231689221
1511527154906853377
1511527155036946439
1511527158069575688
1511527160800067628
1511527162515529728
1511527162838454272
1511527163073384452
1511527165401210880
1511527166697213953
1511527166755889160
1511527166990712835
1511527167947120648
1511527168773435392
1511527169725501448
1511527171793498114
1511527172858871810
1511527173466767367
1511527174150443012
1511527174452482051
1511527174683172867
1511527177346502663
1511527177698910213
1511527178160193539
1511527179678633986
1511527180655812612
1511527180869767176
1511527183952535563
1511527185437413378
1511527185584209922
1511527188155314185
1511527189610737665
1511527195218378755
1511527196220870658
1511527200075526146
1511527200327147521
1511527202923458565
1511527203980328962
1511527204785692675
1511527205020573699
1511527212477988866
1511527214554271748
1511527218757128194
1511527218777931779
1511527218958467072
1511527219335729160
1511527220040572930
1511527221453676550
1511527728058707974
1511527728561930244
1511527729073737733
1511527732244533256
1511527732500484098
1511527732341051400
1511527733947473929
1511527734786375680
1511527736032043035
1511527736094998537
1511527736807993345
1511527739802767369
1511527739865673729
1511527742336032771
1511527744835829760
1511527745049837574
1511527746672943105
1511527747411230720
1511527748577206272
1511527749399289858
1511527751450308618
1511527754050715648
1511527755472687106
1511527755791441921
1511527756139573256
1511527757498531846
1511527758534430723
1511527760140853249
1511527761000771589
1511527763982921733
1511527765031411715
1511527765505413129
1511527767120171011
1511527771033452544
1511527771490684936
1511527772744732678
1511527776364466179
1511527776549015557
1511527777144655883
1511527778105151495
1511527781993168896
1511527783238975491
1511527783842955272
1511527784346226693
1511527786187575297
1511527787236048896
1511527787911393291
1511527789836521482
1511527792114118660
1511527792231469061
1511527792340520960
1511527797726056457
1511527797965131779
1511527799948910595
1511527801114951683
1511527803673620501
1511527804986404866
1511527806341103620
1511527807297404928
1511527808857690114
1511527815463809025
1511527818793996302
1511527823567110147
1511527824376700938
1511527825471418374
1511527825748242437
1511527827912409110
1511527828814188548
1511527829665689608
1511527830026338310
1511527831393775621
1511527834736545793
1511527836456263680
1511527837760724997
1511527838729580549
1511527838461173764
1511527841208446984
1511527843808825350
1511527845184606216
1511527851480207365
1511527852071698435
1511527852780699649
1511527857754984452
1511527857943633925
1511527858216136705
1511527858795122688
1511527860783222784
1511527862297403394
1511527862968504322
1511527863169822732
1511527865145298952
1511527866646908935
1511527867439620097
1511527869171834884
1511527869444460547
1511527870501474307
1511527870341996547
1511527872569257987
1511527872980307973
1511527872934076420
1511527873286492161
1511527875853258753
1511527879275909122
1511527882216161283
1511527882757132288
1511527883185000448
1511527888432119809
1511527892194566145
1511527890143305730
1511527893767176192
1511527900637540355
1511527903833595911
1511527904852824066
1511527908719923203
1511527909156130822
1511527911475535874
1511527911538499589
1511527912041697283
1511527913404907522
1511527917473435653
1511527918794870784
1511527918958166023
1511527919092477952
1511527920526897161
1511527924016594948
1511527929938907137
1511527932098977799
1511527934225436680
1511527934259040257
1511527934548492292
1511527934787526657
1511527938784735233
1511527939036303360
1511527940084875271
1511527941913645064
1511527944664989699
1511527944988106753
1511527947114618884
1511527947408134146
1511527947861217298
1511527949702471680
1511527951057268741
1511527954265825280
1511527957390667777
1511527957319274496
1511527957667495940
1511527960892874755
1511527964009242624
1511527964659404801
1511527965435346947
1511527972704079881
1511527973412769798
1511527975409569793
1511527979553230848
1511527979771441156
1511527981713293318
1511527982430670848
1511527983659761664
1511527983873409025
1511527987107475456
1511527990311542786
1511527991209336837
1511527999606243331
1511528001296551937
1511528001929887744
1511528005071515650
1511528005063086080
1511528008766701568
1511528012650582016
1511528013174919168
1511528013355180034
1511528014152146945
1511528014672236544
1511528016177938432
1511528017339863040
1511528017687949316
1511528021668384772
1511528025564889088
1511528029352304647
1511528035115315223
1511528038059712515
1511528039162605571
1511528040567771138
1511528041138249749
1511528042916683780
1511528043319341070
1511528044359417858
1511528045479403524
1511528046586732545
1511528046863470593
1511528053213736961
1511528053343756298
1511528055998750725
1511528057932238848
1511528057932500992
1511528060641763329
1511528061853917191
1511528062139224071
1511528064391520258
1511528064693506054
1511528065360404482
1511528065507250177
1511528065851174915
1511528066916495374
1511528067503738882
1511528069512761351
1511528069718233092
1511528071190429703
1511528071953846280
1511528073065218050
1511528074298511361
1511528076957650944
1511528076911517697
1511528078106841089
1511528079516127237
1511528080208183301
1511528081248460803
1511528082510913538
1511528084419264513
1511528086327599105
1511528086428344329
1511528086919016457
1511528089305632771
1511528090089967616
1511528093621506049
1511528096347865097
1511528096758964227
1511528097400729601
1511528097979551751
1511528098855981056
1511528099854401542
1511528100697452550
1511528100953214981
1511528101116788737
1511528109040074752
1511528109291581445
1511528110617141249
1511528111778766861
1511528112047108102
1511528112470777857
1511528112487550976
1511528114135916554
1511528115687723012
1511528117776572423
1511528120004001792
1511528125007634434
1511528125368348675
1511528126118989824
1511528126806999046
1511528128157466629
1511528128572706821
1511528134021365763
1511528134503456779
1511528138882400262
1511528142023929856
1511528144246915073
1511528148067917828
1511528148856459266
1511528148835483649
1511528150349623298
1511528153109336071
1511528153604308996
1511528154313203718
1511528155168874498
1511528157630840833
1511528159027634178
1511528160827154433
1511528161556807683
1511528164421509125
1511528164954189826
1511528166904455171
1511528167118446598
1511528167433027594
1511528167722262532
1511528170150846466
1511528170390011905
1511528171044278281
1511528171996266498
1511528172537352192
1511528178983981059
1511528180678598658
1511528183224582144
1511528186479353858
1511528188182241283
1511528189000097793
1511528189054566404
1511528194553245699
1511528196554080264
1511528197380517889
1511528198034628608
1511528199745855492
1511528201989902350
1511528204380561410
1511528205135622144
1511528205093646339
1511528206372900864
1511528207136268293
1511528209610940417
1511528211485765637
1511528212228153355
1511528213570326540
1511528215235473411
1511528219379486721
1511528219874410496
1511528220407091209
1511528223552724998
1511528225477906434
1511528225771565062
1511528225947766791
1511528226266484751
1511528229609385993
1511528229290532865
1511528231735857154
1511528237670752265
1511528237775605764
1511528238417207307
1511528238908162048
1511528241298915328
1511528241810522118
1511528242263515137
1511528245627338758
1511528246315266050
1511528246453714946
1511528247045013512
1511528255978885120
1511528259686744065
1511528260081008650
1511528262001999875
1511528263604215811
1511528264166166529
1511528265197895680
1511528268314390535
1511528268964544516
1511528268872228869
1511528270231179278
1511528272588333056
1511528275046289417
1511528275595702282
1511528277751615494
1511528279248941061
1511528279634853892
1511528279689338884
1511528283426340867
1511528283518681095
1511528283690647560
1511528284424712193
1511528286916075523
1511528287876661258
1511528288400904206
1511528289206210564
1511528289218793472
1511528289726349317
1511528291357761541
1511528293182447619
1511528294033805323
1511528294520430609
1511528295908749321
1511528296931942406
1511528297443864581
1511528299272450054
1511528303919722496
1511528305433972740
1511528308978106374
1511528309737336834
1511528310844575749
1511528313021415424
1511528313537372162
1511528313986207747
1511528314166521856
1511528316112715778
1511528316406276098
1511528322123001856
1511528324392177672
1511528326032244737
1511528328691343363
1511528331124125701
1511528331597991936
1511528331891650564
1511528332579401728
1511528332755705858
1511528332936249344
1511528334492057602
1511528336236990465
1511528338384433155
1511528344193536000
1511528345846091777
1511528347968417797
1511528348152963075
1511528351470657544
1511528351848087554
1511528352917639168
1511528354813562886
1511528358022197259
1511528358072434692
1511528361377554432
1511528363940319235
1511528364653359114
1511528365693587462
1511528368403062786
1511528373012480003
1511528373985718275
1511528374874869761
1511528378372968455
1511528379329261570
1511528381246021632
1511528381032112133
1511528381346725889
1511528382831415299
1511528383716413440
1511528383947157504
1511528385981595650
1511528390309916678
1511528392402866176
1511528392486707202
1511528396727238661
1511528398895656969
1511528402892865542
1511528405535277075
1511528406638333953
1511528407116312579
1511528407468756997
1511528411113607175
1511528411222618117
1511528415849066497
1511528417908379662
1511528423847460865
1511528428411002887
1511528429950279687
1511528430642343942
1511528434907766784
1511528437709692937
1511528438041137156
1511528439672619016
1511528441388097540
1511528441518202882
1511528442428334080
1511528445913743363
1511528446044049410
1511528446769381386
1511528447323283456
1511528448354922503
1511528450766614532
1511528452163260422
1511528452326928399
1511528452557582340
1511528453966815234
1511528456080793602
1511528456957399048
1511528459373359105
1511528460065329155
1511528461030076422
1511528461772509189
1511528465589280768
1511528469502390274
1511528473470414848
1511528474682531846
1511528478902042624
1511528479262756876
1511528480353226757
1511528481993207818
1511528482442027010
1511528482932678656
1511528483410915329
1511530369882935306
1511530372235993091
1511530376828792835
1511530377126555650
1511530380058374145
1511530384172924931
1511530384328114181
1511530385083179011
1511530385959620613
1511530386718965766
1511530387499253760
1511530388061097985
1511530388547674112
1511530390783238152
1511530390921560070
1511530393375236098
1511530395053010951
1511530395896061955
1511530397859028997
1511530398978826244
1511530401977806850
1511530402581778438
1511530405358276609
1511530406167945218
1511530407086501891
1511530410030813186
1511530412765556737
1511530413403086849
1511530414866894848
1511530415005208580
1511530421007364097
1511530421363916800
1511530422244630530
1511530424337670144
1511530426686447620
1511530428603289606
1511530430100652039
1511530431551840259
1511530434622013444
1511530436341768193
1511530438866751488
1511530440275935232
1511530440506724362
1511530442016579588
1511530444503801856
1511530444864561153
1511530448660402177
1511530450120060929
1511530453261598727
1511530454087716869
1511530462350557188
1511530462715518978
1511530467090001920
1511530468583354370
1511530468700614656
1511530469300613124
1511530470680539136
1511530471724883973
1511530472878317581
1511530473054482434
1511530473801105410
1511530474161815555
1511530474207911937
1511530476846075904
1511530476988780546
1511530481669521408
1511530482160193537
1511530483238285318
1511530483703767047
1511530490993516548
1511530491345842181
1511530491815632899
1511530492176519170
1511530497121345537
1511530497553440772
1511530497742098449
1511530498337964034
1511530499658952719
1511530500376125441
1511530501504667650
1511530503270240256
1511530504784384000
1511530505895821316
1511530506780921860
1511530507732979713
1511530508517363712
1511530509125386247
1511530510237016081
1511530513017712640
1511530514766827529
1511530516301889541
1511530517283233794
1511530517304422409
1511530521343451138
1511530521368612869
1511530521750384659
1511530522765369345
1511530523235164185
1511530524719955974
1511530524841545733
1511530524912885764
1511530525688741891
1511530525697183750
1511530527425191937
1511530527945199618
1511530529736302596
1511530533980983301
1511530534215864322
1511530536531116033
1511530537084665861
1511530538443681802
1511530540415041537
1511530541874565122
1511530541962698759
1511530544319930368
1511530544982593539
1511530546710683649
1511530547960500232
1511530548183056384
1511530550200258563
1511530550921674776
1511530551039176711
1511530552570294273
1511530555489374209
1511530558739914754
1511530559633297409
1511530559796826112
1511530562485321728
1511530563261415438
1511530567178797061
1511530567849943043
1511530569984794624
1511530572442902532
1511530575924011008
1511530576355987456
1511530576553066496
1511530577383632902
1511530577920466944
1511530579606622218
1511530579979915264
1511530580000882690
1511530580617437186
1511530582865375232
1511530586174861316
1511530589777809410
1511530589744209925
1511530593070174208
1511530598736744451
1511530602943721473
1511530604566773762
1511530606252990470
1511530607175733263
1511530607549026304
1511530608769572867
1511530608878575618
1511530611747573761
1511530613928611845
1511530615610351621
1511530617015570433
1511530617636208640
1511530620547211270
1511530622287765508
1511530623231578114
1511530625349554178
1511530625873813508
1511530626125545473
1511530627929096197
1511530628856041472
1511530642080735232
1511530647021572098
1511530647415779333
1511530647436812291
1511530649882083333
1511530650649915394
1511530651488509954
1511530651605999617
1511530652230819842
1511530652964990981
1511530655062147075
1511530655326392320
1511530657931014147
1511530658144866308
1511530658916618243
1511530659713536009
1511530660997083139
1511530668257337346
1511530668865425414
1511530671596056578
1511530673861021705
1511530674624385025
1511530675207290881
