1511508967113084941
1511508969306701829
1511508971278024707
1511508971919716352
1511508973706436614
1511508974058852363
1511508975904251905
1511508977007403039
1511508977418489862
1511508978479603716
1511508979159117834
1511508979909812230
1511508980450963466
1511508984003543043
1511508984267780100
1511508990353678351
1511508990575976453
1511508992140394496
1511508993084059648
1511508993721651203
1511508994141179907
1511509003523686401
1511509003892772867
1511509004178149384
1511509007307264000
1511509007281885184
1511509008204668934
1511509008624009218
1511509010591236099
1511509011031642121
1511509014483456006
1511509015158681603
1511509015531974660
1511509017339781130
1511509018992381961
1511509020460388356
1511509020472971265
1511509020766576644
1511509025959120896
1511509025992622085
1511509026160402437
1511509027028860928
1511509027917905920
1511509027867578375
1511509030069489664
1511509032183414784
1511509035211636736
1511509036159676426
1511509036591632399
1511509038688788484
1511509039208882178
1511509041025101824
1511509041352224777
1511509044359532547
1511509045714341893
1511509045848555524
1511509046238629897
1511509046473502732
1511509048864251904
1511509052894892033
1511509052903284742
1511509053251411968
1511509052559220739
1511509054035828739
1511509054790811650
1511509055357034501
1511509055692591108
1511509055285698563
1511509056095195136
1511509057311588366
1511509058347487235
1511509062839685124
1511509066648072200
1511509067000336384
1511509067881140228
1511509068141277185
1511509068208558084
1511509068363538432
1511509068996874240
1511509070338945031
1511509071949713418
1511509076278194180
1511509077712674816
1511509077838467081
1511509078639628294
1511509079595884548
1511509079788769285
1511509079788765205
1511509081110024195
1511509081156108293
1511509082519359496
1511509084327055362
1511509085845438473
1511509087275692040
1511509087804014593
1511509087942500360
1511509089939079171
1511509091440594964
1511509091822227463
1511509091859972106
1511509092103249921
1511509092497514498
1511509097430016008
1511509097769799686
1511509098487029762
1511509100043059203
1511509100991070211
1511509105814368260
1511509106019995652
1511509108150702082
1511509109270478848
1511509110000345094
1511509111623622661
1511509112898703373
1511509113003466762
1511509115192983560
1511509116094722056
1511509117780774916
1511509118288371716
1511509118556770304
1511509119894757377
1511509120683286538
1511509124319793155
1511509125712289804
1511509126479810564
1511509126488072193
1511509126844669966
1511509127830425610
1511509131995271172
1511509136269361160
1511509139800969219
1511509141491261442
1511509142531411973
1511509144565596167
1511509145115152384
1511509145261912068
1511509145416986627
1511509148730630146
1511509151431766021
1511509153956700162
1511509155370217477
1511509155919638536
1511509158197178368
1511509160436846595
1511509161380839424
1511509162710155264
1511509163607834632
1511509168074670086
1511509172436754435
1511509172625489927
1511509176190750720
1511509176492593152
1511509181299318795
1511509181878087684
1511509183581073415
1511509183778242567
1511509183895535622
1511509183987953666
1511509185107841027
1511509186080919552
1511509186634567683
1511509186823217161
1511509188463280135
1511509190413541381
1511509192162660355
1511509194083487744
1511509194993803268
1511509196742791174
1511509196952547330
1511509197149675531
1511509197514498051
1511509197480996866
1511509198038704135
1511509203625512962
1511509204196106250
1511509204770729987
1511509207069069320
1511509207413137419
1511509211708272640
1511509212643442690
1511509213029310478
1511509213410992128
1511509215705239559
1511509216154034177
1511509219257815047
1511509222575517703
1511509223783473155
1511509224379105286
1511509224978894854
1511509226593652742
1511509228086829064
1511509229043171334
1511509232692219907
1511509235011629058
1511509236987138051
1511509237754695682
1511509238555758595
1511509240329953292
1511509249813270533
1511509250417340419
1511509253722451975
1511509254229819392
1511509254091390978
1511509259133100034
1511509261364256774
1511509261611843587
1511509262413049858
1511509263734222851
1511509264510201858
1511509264875106306
1511509265281953793
1511509266007535616
1511509268293427206
1511509270684225541
1511509271996817414
1511509274207395845
1511509276010897412
1511509276325462019
1511509276296196106
1511509277671890945
1511509279504834564
1511509279555129351
1511509283405545475
1511509283971735556
1511509285154471942
1511509291584434177
1511509294180618242
1511509295703207949
1511509296357548032
1511509296986664962
1511509298081316867
1511509298123358211
1511509298714746887
1511509300459544577
1511509301659066379
1511509302988713990
1511509303928233988
1511509304796487680
1511509304947396610
1511509309468852226
1511509313344487426
1511509313717784576
1511509320525127682
1511509320697061378
1511509321561034754
1511509322324488194
1511509327336681481
1511509330868129800
1511509333523107845
1511509336694013955
1511509337935691781
1511509337998516228
1511509340297269251
1511509341869772808
1511509343316975616
1511509344428437514
1511509345980370948
1511509348773769225
1511509351269376001
1511509351747497985
1511509353593208832
1511509353773289477
1511509355069333507
1511509356105420806
1511509357703401489
1511509358957445133
1511509360182239235
1511509362027732995
1511509362090680322
1511509362522664967
1511509363185303562
1511509363470520322
1511509364850495495
1511509365244768259
1511509369803915269
1511509370378489857
1511509371641114636
1511509376535830528
1511509377731072005
1511509378024804356
1511509384312107012
1511509384714592257
1511509385893367809
1511509387789185024
1511509388070060034
1511509388799979520
1511509392826540039
1511509393942224906
1511509395208777731
1511509397851234306
1511509398971387904
1511509399969411082
1511509401915604994
1511509402339135509
1511509405648441367
1511509406344695817
1511509406793482242
1511509407326109702
1511509407879815176
1511509408672632832
1511509410824306692
1511509410996125696
1511509411063287819
1511509411327619072
1511509413412093958
1511509414112636932
1511509414469062665
1511509414724915213
1511509415622758401
1511509418894102539
1511509422568136704
1511509422601867272
1511509424153767936
1511509426221506564
1511509429350551558
1511509429665079299
1511509431934148618
1511509433028907019
1511509433658052611
1511509437491683331
1511509437965651970
1511509438187855872
1511509439165181953
1511509439198728215
1511509439442034695
1511509442398875648
1511509442885558278
1511509444156440582
1511509444730896385
1511509445481619458
1511509445557329926
1511509448069681152
1511509448287821825
1511509448749105154
1511509448967262213
1511509451479650307
1511509451890647040
1511509452163371016
1511509455086796804
1511509457368399873
1511509460425973762
1511509460933566465
1511509461525053444
1511509461659226124
1511509464129720321
1511509464293257216
1511509464834269187
1511509465794760704
1511509466818269186
1511509469766770690
1511509470681219081
1511509471180337155
1511509471775895555
1511509472040083456
1511509472363036674
1511509472329490435
1511509473063542786
1511509473030033411
1511509473277456388
1511509474162483202
1511509480764227591
1511509484329385989
1511509485302710272
1511509486447513603
1511509488523743235
1511509488804765696
1511509489995898895
1511509490583097350
1511509490646102016
1511509492906799111
1511509499886067717
1511509500586602502
1511509504298561545
1511509505758146562
1511509506324373505
1511509506840276998
1511509506991267841
1511509507158982661
1511509507230339079
1511509507549151232
1511509508354457606
1511509510569041925
1511509511533694982
1511509512083197963
1511509512791994371
1511509512833929223
1511509515245600771
1511509516835344387
1511509517514985472
1511509518353637379
1511509525781782528
1511509525999886347
1511509527786622979
1511509531385282569
1511509531779555331
1511509531737706499
1511509532534575104
1511509534342357023
1511509534300258305
1511509535894249474
1511509539832668164
1511509541745315845
1511509542529495040
1511509542928109575
1511509542894514176
1511509544500969475
1511509546547781635
1511509551627055105
1511509551962591234
1511509553606705160
1511509555154407425
1511509555817197572
1511509555544473600
1511509556425371662
1511509557549285377
1511509558086311937
1511509565262680069
1511509566244237314
1511509568190390273
1511509568765009922
1511509569415041027
1511509573815107585
1511509574683172872
1511509574817308672
1511509577245904896
1511509579171086341
1511509581649883137
1511509583243665414
1511509583541403653
1511509583902253063
1511509584678199297
1511509584548184066
1511509584808189953
1511509584942403589
1511509586875985920
1511509591904993282
1511509591938543616
1511509594715082753
1511509594757021699
1511509595520389120
1511509597248536586
1511509597659480071
1511509602331992064
1511509607771951120
1511509609193877506
1511509609692942339
1511509610133401610
1511509612738007045
1511509616122806276
1511509617658179585
1511509618496839682
1511509620090716160
1511509620652662791
1511509622791806977
1511509623974604809
1511509623844610056
1511509625169924106
1511509627778834436
1511509627866914818
1511509628642897920
1511509630341591043
1511509631381561344
1511509634405879812
1511509634665832454
1511509634724425732
1511509635857104896
1511509639401193483
1511509640219004931
1511509640504573954
1511509640370167810
1511509643104702465
1511509643209715712
1511509645126479876
1511509654165237762
1511509656706899972
1511509658669883400
1511509660708261891
1511509667029073926
1511509666928500746
1511509668312530951
1511509669407244291
1511509671286349824
1511509671609344008
1511509672108470278
1511509674973179912
1511509677183578114
1511509677686734848
1511509677829464069
1511509678454358020
1511509678752210957
1511509687161827331
1511509687673499650
1511509688310976521
1511509694120173575
1511509698192842753
1511509698599657474
1511509699392323586
1511509701363654657
1511509703322443777
1511509703901208577
1511509703955820544
1511509704983433217
1511509707852296199
1511509712042397704
1511509712147292160
1511509715024416769
1511509715313995776
1511509716022738949
1511509720523173892
1511509721227960321
1511509727703977987
1511509728756736003
1511509729419448327
1511509730023325698
1511509731428421635
1511509732028203022
1511509732376334342
1511509733278162945
1511509738701344778
1511509739695394825
1511509743822589964
1511509748260261888
1511509750176911366
1511509750999101440
1511509756049240069
1511509757152088067
1511509758213246980
1511509758288797712
1511509758766899204
1511509761929404420
1511509763816923139
1511509765398179842
1511509765570060290
1511509766144770052
1511509767017148435
1511509769558896641
1511509770385166336
1511509772826259460
1511509773878976519
1511509775791632390
1511509776030707713
1511509777289035776
1511509787955154957
1511509789909696517
1511509789888626699
1511509790496808961
1511509790597517315
1511509791595761667
1511509793093353476
1511509794691162112
1511509795450368000
1511509796700233735
1511509797367078912
1511509797429940228
1511509806124716033
1511509810759573505
1511509812047400962
1511509811908820998
1511509813922078724
1511509814635081732
1511509815138263040
1511509815243288576
1511509817038446592
1511509817768165376
1511509818338590732
1511509820020604931
1511509820364533767
1511509821048209412
1511509822017052676
1511509827259928587
1511509827729735687
1511509828014907399
1511509828132298763
1511509834289623044
1511509834906181634
1511509835363332105
1511509839297531907
1511509841159802885
1511509841654829056
1511509845408718861
1511509845664481281
1511509846117466115
1511509847082217478
1511509847593914370
1511509849019981825
1511509849003151361
1511509849930141705
1511509860487213059
1511509863498764291
1511509864337620993
1511509866699173891
1511509866824802305
1511509870452875268
1511509871396593668
1511509874236178432
1511509875125272588
1511509877272711169
1511509878745047041
1511509879315484680
1511509880150138885
1511509882859659266
1511509884231159808
1511509884348604419
1511509886697455619
1511509887523643398
1511509892082851845
1511509892116492293
1511509892464582666
1511509894796660745
1511509895236964360
1511509896335958022
1511509897581666312
1511509898433081344
1511509898722516996
1511509899251007488
1511509901524221953
1511509901654343686
1511509903663415300
1511509907379421185
1511509907434053633
1511509907652153352
1511509908730134529
1511509910072217606
1511509910672056326
1511509911217360905
1511509912026849282
1511509912672784388
1511509913075339267
1511509917135478789
1511509917458485254
1511509919308070915
1511509919723397127
1511509921891823621
1511509923821236231
1511509925343682562
1511509925696086025
1511509925855473667
1511509927709270016
1511509929080889350
1511509929789640711
1511509930288685060
1511509934323625986
1511509936072970242
1511509936316076037
1511509937272365062
1511509940363571211
1511509941294616581
1511509941932240898
1511509942171320326
1511509942880149508
1511509943907766282
1511509944062853124
1511509945958768644
1511509946327830530
1511509947674206212
1511509948601053184
1511509952602554369
1511509953915367428
1511509954569547778
1511509954770915333
1511509959753805825
1511509961662156800
1511509961771266055
1511509961792110593
1511509962677174276
1511509964254236690
1511509969031598081
1511509969912442881
1511509970457612290
1511509971162259458
1511509973439848462
1511509973968338949
1511509974052225035
1511509976828809219
1511509979236388874
1511509979886493700
1511509980465307650
1511509981547352073
1511509981740380160
1511509983258722311
1511509983581646848
1511509984332455942
1511509984994947077
1511509988304429056
1511509989566918656
1511509989764087810
1511509992691896322
1511509996449710091
1511509997775110148
1511509998031024137
1511509999192793089
1511510000744779779
1511510002128805905
1511510002653085697
1511510006700855298
1511510006713266178
1511510009145868288
1511510009733079044
1511510010727211018
1511510013482881024
1511510015181533190
1511510015718395905
1511510016871874563
1511510020072083456
1511510020508237831
1511510020806307841
1511510021330243586
1511510022110728192
1511510024060817413
1511510026036334598
1511510030419435522
1511510031149289480
1511510033602908161
1511510037524619271
1511510041303597059
1511510043891544068
1511510044000628741
1511510044306808839
1511510045665726464
1511510046949228550
1511510047058182171
1511510047611834374
1511510047490256896
1511510048119431168
1511510050606571522
1511510051273465858
1511510051437133825
1511510055102959622
1511510056730169348
1511510057137102848
1511510058563248129
1511510059259510784
1511510059423092742
1511510061033484290
1511510061260156932
1511510063290236934
1511510064707821584
1511510065706160136
1511510067127980036
1511510070697332736
1511510071599333378
1511510072131739649
1511510072224100355
1511510072446402562
1511510075294113794
1511510076053413890
1511510077643108352
1511510077647298580
1511510088321835013
1511510088888066053
1511510092612571137
1511510093606522880
1511510096945242119
1511510097457213440
1511510100619399174
1511510100816633858
1511510101231869964
1511510102456651781
1511510102603354116
1511510103886909444
1511510106231525377
1511510107699306498
1511510108697673733
1511510113181323268
1511510113944846343
1511510113999327242
1511510115161186308
1511510116750827521
1511510117929435144
1511510119498010626
1511510120492118018
1511510121389641745
1511510123394572290
1511510124946415619
1511510127047815168
1511510127119147008
1511510130801659912
1511510137344704512
1511510137281863681
1511510140083654662
1511510141434224641
1511510141920858117
1511510144382873604
1511510144672219136
1511510145309847562
1511510146123501570
1511510147075616771
1511510151949283328
1511510152729579521
1511510153018982407
1511510154952462343
1511510155896238085
1511510156676411394
1511510157146173444
1511510159696277510
1511510162258935811
1511510163169099776
1511510165094293510
1511510168290402311
1511510168273657862
1511510168978264066
1511510170500833287
1511510172312776706
1511510172375605248
1511510173403201542
1511510177006161924
1511510178658754565
1511510180093173771
1511510180076437507
1511510182731386880
1511510188288880644
1511510189937156099
1511510191216361474
1511510193787621379
1511510195041705997
1511510196803280904
1511510199785381897
1511510203270893571
1511510203828736005
1511510207704272908
1511510213127557132
1511510213836345355
1511510213790101504
1511510214360580098
1511510214553518085
1511510214775869440
1511510216411656194
1511510217384677384
1511510218252947457
1511510221075714057
1511510225483878403
1511510226687696902
1511510228822491140
1511510230567378948
1511510233893453829
1511510234577133570
1511510235835416585
1511510237928464384
1511510239236997138
1511510240746954763
1511510243733299208
1511510245092343808
1511510245616812035
1511510248217096194
1511510248523112453
1511510248925929477
1511510250402324505
1511510251136327680
1511510252436533251
1511510253443108876
1511510255028559880
1511510254940565511
1511510256714670082
1511510258308595720
1511510259151646723
1511510259445211149
1511510263778152449
1511510266055471123
1511510266319626245
1511510267179450383
1511510267582107660
1511510268077035527
1511510270048448520
1511510270937604103
1511510274758561795
1511510275291287554
1511510275815780355
1511510276729982979
1511510276969054221
1511510279879766019
1511510280894926853
1511510281272311808
1511510281297575937
1511510281465311258
1511510281448398848
1511510282799140868
1511510282857758720
1511510283562459148
1511510284048945152
1511510284350984198
1511510284405465088
1511510284317474818
1511510286229987339
1511510287479934984
1511510288062947332
1511510288201355267
1511510290780897281
1511510294681423875
1511510295080017922
1511510296661217280
1511510298041421825
1511510298901028866
1511510302063738883
1511510303158280196
1511510303909068823
1511510305670631424
1511510305930727428
1511510307235155974
1511510308455600129
1511510312557723653
1511510313547583496
1511510316034764801
1511510318341578752
1511510323072839686
1511510323831914496
1511510324960280578
1511510326067568645
1511510326990319624
1511510328646983690
1511510331906043907
1511510332140834825
1511510332480667648
1511510332891615233
1511510333013245953
1511510339589976077
1511510341053825025
1511510342081331209
1511510342941253644
1511510343268417545
1511510345218764803
1511510346825179142
1511510347244580865
1511510348632838145
1511510350474235908
1511510352957263880
1511510356543381513
1511510357000564745
1511510357122039808
1511510358544027649
1511510359428980736
1511510359072555008
1511510360729210884
1511510362587373581
1511510362549592065
1511510363011010566
1511510365271584772
1511510365565300742
1511510365607284746
1511510366098006025
1511510366785835017
1511510373463212033
1511510374369091590
1511510374968958977
1511510376327925770
1511510376550129667
1511510376717983744
1511510378940932100
1511510383709896704
1511510384343146496
1511510386658672642
1511510387828703233
1511510388491309066
1511510389724532744
1511510391175667714
1511510393012822020
1511510394556329987
1511510395202199556
1511510397848891398
1511510398452871173
1511510398666776579
1511510402441613312
1511510404454830088
1511510405352333318
1511510408749801479
1511510409588658185
1511510413409673216
1511510414147915782
1511510415305588747
1511510418979758084
1511510420061933572
1511510427989159940
1511510428005933062
1511510429117386754
1511510429113229314
1511510430484779012
1511510432565108737
1511510436985950211
1511510437653008385
1511510438051303441
1511510438571229186
1511510439464783880
1511510441448869888
1511510442379780106
1511510442606305283
1511510442925076491
1511510445013667844
1511510445001216011
1511510446460731393
1511510446557306887
1511510447857483777
1511510447987568647
1511510448767651848
1511510450655141889
1511510453452742662
1511510453914161165
1511510454388072453
1511510454362939396
1511510455168245767
1511510457953267721
1511510461518393344
1511510463741407233
1511510463879725066
1511510465939181570
1511510466253979654
1511510465972772869
1511510470431236102
1511510472759070722
1511510473887424522
1511510478521987075
1511510479784628229
1511510480766046214
1511510482183770120
1511510482389196803
1511510484780036112
1511510485765660673
1511510485761507329
1511510488324227083
1511510488890454020
1511510489033064459
1511510489364324352
1511510489947332614
1511510491042136075
1511510492279447552
1511510493403430912
1511510495517413379
1511510496750579714
1511510496993849351
1511510498256240656
1511510499338309632
1511510505839644673
1511510506783260674
1511510507370520585
1511510509459324933
1511510510520475650
1511510510994345988
1511510512541990919
1511510512495906816
1511510513041260549
1511510513481658374
1511510514098229253
1511510515457138700
1511510517839536128
1511510520246898689
1511510520611942404
1511510521874456581
1511510526718742537
1511510527146614788
1511510527662608390
1511510532125335552
1511510532846673929
1511510532599300106
1511510534566391822
1511510535459721222
1511510536793509891
1511510537275908104
1511510537250938881
1511510537984749569
1511510539133935619
1511510540346179592
1511510540669050888
1511510541046534150
1511510544683085832
1511510545379340292
1511510545530335236
1511510549112180745
1511510550026792961
1511510553713426447
1511510554002792455
1511510554518634497
1511510558348132357
1511510559870627850
1511510562328694784
1511510565738450948
1511510570570244100
1511510571581165571
1511510576161296386
1511510577251819521
1511510577595699210
1511510577318875141
1511510577931333644
1511510580703731712
1511510582725333001
1511510584906371074
1511510585208365056
1511510586001178627
1511510586860965890
1511510587095801862
1511510588576440320
1511510590082236421
1511510592972107790
1511510593513132035
1511510596948275208
1511510598051270658
1511510600421343242
1511510601486458885
1511510601830486022
1511510601843240962
1511510602279276544
1511510604003033095
1511510604615401476
1511510605462605827
1511510607324925953
1511510612706304013
1511510613427736576
1511510617097744385
1511510619043868677
1511510619291275269
1511510619408773122
1511510620377653251
1511510620746973188
1511510622915239940
1511510625817612301
1511510629013942275
1511510630146187265
1511510630494347277
1511510636492165120
1511510637301534725
1511510638165696517
1511510639000395778
1511510639042306057
1511510639151362049
1511510642867515401
1511510642951340037
1511510643110600705
1511510644121432069
1511510644599758857
1511510646973739022
1511510651369369622
1511510651340038144
1511510654879997962
1511510657908330504
1511510658243862528
1511510659766308865
1511510659816644616
1511510661318451200
1511510661976969216
1511510663318806529
1511510663696420877
1511510667412574210
1511510668524019715
1511510668746412033
1511510669908230149
1511510672416587776
1511510672793694212
1511510675302096901
1511510676035973125
1511510677705433093
1511510678602981376
1511510679198613508
1511510680914046982
1511510682826641412
1511510682893795328
1511510684672135168
1511510686433697801
1511510686412816386
1511510686689599491
1511510687062835203
1511510689935859715
1511510699087859717
1511510702699257881
1511510704259571719
1511510707031924744
1511510708097363976
1511510709112291332
1511510710035091457
1511510712765620228
1511510713046601729
1511510714778857475
1511510715374387200
1511510716146192391
1511510719384195077
1511510719677800451
1511510721208754176
1511510722630537219
1511510722945208322
1511510723301715971
1511510724853575683
1511510729597276161
1511510732734664705
1511510735221936133
1511510735930732544
1511510739198091272
1511510739332313099
1511510739529392140
1511510739894296578
1511510740150145030
1511510747045634050
1511510749436432396
1511510749994274823
1511510751055425544
1511510751550267395
1511510751571292168
1511510753001590793
1511510753450377216
1511510755903893504
1511510758252859393
1511510759246815232
1511510761423740928
1511510761717305351
1511510762749054977
1511510763462176783
1511510765265637382
1511510770709839873
1511510771431362563
1511510772056313859
1511510774262419459
1511510774367551489
1511510774468198401
1511510779480231946
1511510779597668353
1511510780004470788
1511510783619964932
1511510784718909445
1511510785780064260
1511510786094645263
1511510786761543680
1511510787352936454
1511510787524857861
1511510789861089285
1511510791236767755
1511510793744891906
1511510794499985415
1511510797272424452
1511510799881326596
1511510800388788234
1511510802389471235
1511510803358584833
1511510803672879105
1511510806617214977
1511510806990852096
1511510807393161223
1511510807338754053
1511510807498178565
1511510811029778439
1511510811868545027
1511510819384741896
1511510822584995840
1511510825307197440
1511510825378455555
1511510826246676495
1511510826942935042
1511510827513360385
1511510830931759107
1511510831757991940
1511510831812722688
1511510833939025920
1511510845481799683
1511510845766967302
1511510847692185600
1511510849680257027
1511510852914094081
1511510854709264384
1511510855044800514
1511510855619334144
1511510855812329474
1511510858756632576
1511510859624943619
1511510859847282691
1511510860853825537
1511510860639834116
1511510862942646275
1511510863836028930
1511510864544899074
1511510865161424901
1511510865186594817
1511510866843295750
1511510867598319619
1511510869196345346
1511510869372555269
1511510870484037634
1511510870676971520
1511510880294428674
1511510883058466819
1511510884396507138
1511510885738635274
1511510887785508872
1511510888888602627
1511510890419531781
1511510892336369685
1511510893544321025
1511510894529888260
1511510896325058567
1511510902704848897
1511510902427860995
1511510904193654785
1511510904252383235
1511510904885682178
1511510905577742340
1511510906689175562
1511510907616079879
1511510907934945282
1511510910346612739
1511510914734133248
1511510915476299781
1511510916860362762
1511510917615398916
1511510918269603840
1511510921679720452
1511510923495854086
1511510925198643219
1511510926427815936
1511510926889046020
1511510927132217348
1511510927182635021
1511510928008925185
1511510931704008707
1511510939857829889
1511510948032430082
1511510955091533827
1511510960590237697
1511510964985810950
1511510966516817922
1511510970639818753
1511510970690068486
1511510970908262403
1511510972212649984
1511510973651300365
1511510976352432130
1511510976809644039
1511510978520879115
1511510978562822148
1511510980987011077
1511510982539067397
1511510984833187842
1511510988033597443
1511510988008435718
1511510988725657602
1511510990139101188
1511510993347788804
1511510997600817153
1511511000641589248
1511511001006546944
1511511002361303047
1511511002118033412
1511511002851930112
1511511003770630145
1511511009671979013
1511511010682802179
1511511010930302984
1511511013438500870
1511511019486691331
1511511020145188876
1511511020443160577
1511511020816277506
1511511020900130824
1511511022338781193
1511511023945146373
1511511026776293376
1511511026847596544
1511511027044737028
1511511030668660742
1511511030635061254
1511511031851458567
1511511031989813249
1511511032497385486
1511511035563413507
1511511037463474184
1511511037752786947
1511511040844079106
1511511044832776196
1511511044828585984
1511511055259914251
1511511056136519680
1511511056430084106
1511511058351112197
1511511063199723521
1511511066114670608
1511511066177675269
1511511066496413711
1511511066790055946
1511511067301748736
1511511071173095435
1511511071714349056
1511511072926224384
1511511073945489414
1511511080748699650
1511511084879994883
1511511086264168457
1511511086910087171
1511511087119802383
1511511087006556168
1511511088604581888
1511511091343511557
1511511091716763648
1511511093839028244
1511511095311319040
1511511099623026695
1511511101606928384
1511511104945819649
1511511107151798283
1511511109509029888
1511511109953630213
1511511111308398607
1511511111903895553
1511511114852585478
1511511116580634634
1511511118505730052
1511511119285866496
1511511120581959684
1511511123408953350
1511511127800401926
1511511128161112064
1511511128576307205
1511511130593759239
1511511133265485829
1511511133403893762
1511511133621944320
1511511137375903755
1511511137610866692
1511511140408430593
1511511140576206851
1511511140727148552
1511511143122096130
1511511143705161730
1511511144401620993
1511511144921542656
1511511146376962051
1511511147257733126
1511511147387752451
1511511147605811204
1511511150546063377
1511511150936141826
1511511155990306821
1511511160281079809
1511511161841278978
1511511163670077446
1511511164534075392
1511511166278934540
1511511166853390336
1511511167373651968
1511511168212426752
1511511168732573696
1511511169898622977
1511511171920183296
1511511173551829002
1511511175669846019
1511511176362053641
1511511177377026050
1511511177565724684
1511511177322541057
1511511178794655744
1511511180564742146
1511511180820594695
1511511181789442050
1511511181814484993
1511511181869170694
1511511183186182148
1511511183429406725
1511511189246861312
1511511190605864962
1511511191817961473
1511511195970322434
1511511196268171265
1511511197346062339
1511511204493209601
1511511204568735754
1511511208263929862
1511511209136246788
1511511211636051972
1511511212516786177
1511511217399021568
1511511217755590662
1511511219668242437
1511511221715013632
1511511222742618132
1511511222478323717
1511511224239988740
1511511227360583685
1511511227515785223
1511511227620601859
1511511227775823873
1511511231815122944
1511511235677892613
1511511235749109760
1511511236210479109
1511511236420251652
1511511237951209473
1511511238760673286
1511511238685175812
1511511239159128064
1511511239846944778
1511511242132930563
1511511242615230465
1511511244355866636
1511511245664382983
1511511245819682825
1511511246511738884
1511511246658543620
1511511246503387140
1511511249611210756
1511511254376058888
1511511254426345476
1511511254749302790
1511511256880271360
1511511257542709254
1511511260214575104
1511511261049233412
1511511263519596546
1511511263230459905
1511511265818071051
1511511269442002947
1511511270092341251
1511511270314455043
1511511272612937742
1511511275632840705
1511511276568125447
1511511279999070213
1511511282343677962
1511511282368892930
1511511284122013696
1511511285212618755
1511511289629192194
1511511293462827015
1511511293982871554
1511511296923086857
1511511296663072769
1511511297019502595
1511511297648697357
1511511298323980296
1511511307908001795
1511511309728243718
1511511309682192384
1511511318125236224
1511511318452486147
1511511321543528454
1511511322361487363
1511511323045212162
1511511327021445122
1511511328493645825
1511511329282170889
1511511331769405443
1511511332339736576
1511511333526593538
1511511335535890438
1511511336987119620
1511511340795539466
1511511342347395080
1511511342565543936
1511511342452285447
1511511342976544772
1511511343895097362
1511511345023365120
1511511346642395137
1511511346810134532
1511511349989462017
1511511352174649346
1511511357140750342
1511511357304279048
1511511358793154569
1511511358923317250
1511511360433180679
1511511361905438726
1511511362312323080
1511511362639437826
1511511363855732737
1511511365189619715
1511511367974539264
1511511367433531394
1511511368528281611
1511511371820638209
1511511375318822923
1511511376300331009
1511511377415970818
1511511377613139968
1511511377537609729
1511511379982790656
1511511382071693314
1511511382621143045
1511511384575598592
1511511385565540358
1511511390963617795
1511511391013949444
1511511391118766080
1511511394138611722
1511511398240731139
1511511400706985984
1511511400870719488
1511511403747704832
1511511407287808002
1511511407514300419
1511511409036779520
1511511412400664576
1511511412673286144
1511511413373784070
1511511413860147205
1511511417198985221
1511511418574675972
1511511418998247428
1511511419275022338
1511511420051116039
1511511421078671362
1511511421191962626
1511511421800136710
1511511422152364034
1511511424371208193
1511511424887050247
1511511425801457675
1511511426736734212
1511511427881832457
1511511429236477960
1511511430058676226
1511511430901731331
1511511431556079619
1511511432705490950
1511511432759848967
1511511433313460227
1511511435397980170
1511511435800723456
1511511442314432515
1511511446605156353
1511511447045652482
1511511447817400324
1511511449016823813
1511511450468159488
1511511452003274755
1511511452737159170
1511511452724703240
1511511457720066052
1511511462627491842
1511511464569450505
1511511464842039309
1511511465043365888
1511511470760251395
1511511471934558215
1511511473754882055
1511511475835359237
1511511475898228745
1511511476636463116
1511511477198503937
1511511477659717636
1511511480809795588
1511511480784535556
1511511485364715521
1511511487466115072
1511511491358470145
1511511495288541189
1511511495233921028
1511511499658960896
1511511502129442819
1511511505681924099
1511511505849798656
1511511506088873984
1511511507330379779
1511511508169146380
1511511508424998912
1511511513546301441
1511511513835708428
1511511517740548100
1511511519120728068
1511511520814977026
1511511525978218502
1511511526594723840
1511511527744024583
1511511529258164227
1511511529379741699
1511511530159882246
1511511532064194561
1511511531883794442
1511511532407910401
1511511533808934912
1511511535276933126
1511511535293710349
1511511536686227458
1511511537189634048
1511511538095513617
1511511541232906240
1511511543434956804
1511511544466714632
1511511547939536898
1511511549529231374
1511511549495627776
1511511552226172933
1511511553069170689
1511511555246071817
1511511556756054016
1511511557406081024
1511511557955543043
1511511558467293186
1511511559658512385
1511511561021628419
1511511564439875584
1511511569968119808
1511511570358185999
1511511571499216898
1511511571683586049
1511511571800985609
1511511572404912131
1511511573243830285
1511511575231881225
1511511575613562882
1511511576070795284
1511511579719778307
1511511579665252358
1511511580080496643
1511511580097216514
1511511581141655559
1511511582639108099
1511511583352049665
1511511583880589313
1511511583666716677
1511511583805132800
1511511584195194880
1511511585147305993
1511511585457688581
1511511590373556229
1511511591031824403
1511511592034254851
1511511594131464199
1511511596421500933
1511511598141222916
1511511599860916228
1511511600125067268
1511511600146100230
1511511600838193152
1511511600934830080
1511511601379127296
1511511601786109959
1511511603216367617
1511511603513991171
1511511605888303105
1511511605896527873
1511511607347720197
1511511609260318721
1511511609654534144
1511511610090831885
1511511612309614602
1511511613496516609
1511511614167650310
1511511615035826189
1511511618974322706
1511511620102803457
1511511620526125059
1511511624082989058
1511511624812843020
1511511625836154882
1511511626079477761
1511511627212140544
1511511629090865152
1511511630751879168
1511511632840912903
1511511633935454211
1511511635730460674
1511511640486912001
1511511642034814978
1511511642173063173
1511511643175505923
1511511644710621189
1511511646014947334
1511511648217055238
1511511652218384389
1511511652755451906
1511511653875073029
1511511654663704576
1511511655502553088
1511511655754211333
1511511655938772992
1511511656999919619
1511511657046065163
1511511657347960838
1511511657343823872
1511511658602147847
1511511659143073792
1511511660309196801
1511511663509397508
1511511663454957570
1511511664058945538
1511511667540217863
1511511669876224005
1511511670904037378
1511511672485199875
1511511672942379010
1511511673093656577
1511511674112651266
1511511674536312838
1511511674729435137
1511511676088209409
1511511676281049091
1511511676494958604
1511511676784463874
1511511679351328770
1511511679342989329
1511511683247788036
1511511684975898633
1511511686846500869
1511511687710404611
1511511688041934854
1511511688792707077
1511511689170239491
1511511689270906891
1511511689677713414
1511511691070251013
1511511694673068039
1511511697433014286
1511511700826378240
1511511700939362304
1511511701748862981
1511511702407630849
1511511703346982916
1511511704231948289
1511511706106830861
1511511707256070145
1511511708950482948
1511511710099812353
1511511711634923523
1511511712947654671
1511511712805101569
1511511715476910088
1511511717292953601
1511511725383852037
1511511726067535877
1511511727548026880
1511511733449510917
1511511735374655494
1511511742286868487
1511511742899277828
1511511743377330198
1511511743939371032
1511511744669134857
1511511745159958538
1511511747445858307
1511511747840069640
1511511748590854153
1511511748762812420
1511511752193691648
1511511753091428352
1511511753162731520
1511511753502474241
1511511756778184711
1511511757021659141
1511511757885513732
1511511758044860421
1511511758510432260
1511511758594351110
1511511758837587973
1511511760381095942
1511511762079817731
1511511764416057349
1511511764449603584
1511511765179318272
1511511766139817989
1511511770124681218
1511511774599983105
1511511775950393349
1511511777149960196
1511511777288278017
1511511780077486084
1511511780366901258
1511511781482672136
1511511783026089988
1511511784863244296
1511511785374990336
1511511787736293380
1511511788638162949
1511511789619531777
1511511790345236497
1511511791171477507
1511511792345878534
1511511793709031428
1511511794581450753
1511511796322025476
1511511798452830209
1511511798826086403
1511511799375540226
1511511802621878277
1511511802764529669
1511511809949413379
1511511810616221697
1511511812772188160
1511511816483971073
1511511816790290446
1511511818056916996
1511511818585649153
1511511820632313860
1511511821047545864
1511511822108663809
1511511824017018885
1511511824503656452
1511511825032138756
1511511826554568721
1511511827909427200
1511511828584710148
1511511829092216833
1511511833362026498
1511511833320083456
1511511835492732934
1511511835341512706
1511511836851642371
1511511837526802440
1511511838470643726
1511511839762534401
1511511840018345992
1511511846557257733
1511511848981569536
1511511850470772739
1511511850759950341
1511511851187720195
1511511854778130435
1511511855398801410
1511511857353400322
1511511857760473090
1511511858141933572
1511511858779459584
1511511859156946946
1511511859261812738
1511511862256586753
1511511866094325762
1511511866832416769
1511511872884858889
1511511873577009154
1511511875120472065
1511511877976789001
1511511878740107264
1511511879931334668
1511511881546141700
1511511888198348800
1511511892174462979
1511511892308766724
1511511894267416579
1511511900064030735
1511511903985676294
1511511905374031874
1511511912038731778
1511511913863290888
1511511914731524099
1511511916874661889
1511511917034102784
1511511917386506242
1511511917348671493
1511511921257811968
1511511921257861129
1511511921043853315
1511511922377695238
1511511922428059656
1511511923866669068
1511511927628959747
1511511931173183491
1511511932657967106
1511511933995859984
1511511934348275714
1511511934939586564
1511511938634760192
1511511942933925893
1511511943437246472
1511511944406175751
1511511944485916674
1511511944733339648
1511511946893443075
1511511947421835265
1511511949338628107
1511511951200903176
1511511951716896769
1511511952165638152
1511511953776300033
1511511955705581572
1511511956095750148
1511511958394183680
1511511958469726212
1511511958444396546
1511511958926802947
1511511963171491844
1511511964916277250
1511511965818134534
1511511971170222081
1511511973845946372
1511511978161983498
1511511984075943941
1511511984281460737
1511511985833263110
1511511986663743489
1511511988190400514
1511511991084634116
1511511992128921600
1511511992527466500
1511511993823514636
1511511997782835200
1511511998865063936
1511512000114872340
1511512001096388610
1511512003977924611
1511512004099465228
1511512006326685700
1511512010214813699
1511512011804454912
1511512012504895488
1511512016367853573
1511512016946663440
1511512016493629444
1511512017051521026
1511512018305568768
1511512019891286016
1511512020457189379
1511512022260887561
1511512022785138693
1511512025821814792
1511512028166381572
1511512029936377860
1511512032184524807
1511512033518407689
1511512035389022216
1511512036366241801
1511512036475289603
1511512036915793921
1511512039625314311
1511512039633698818
1511512040107618306
1511512045673492484
1511512046239887364
1511512046361325572
1511512048227786752
1511512050593370114
1511512050702422019
1511512051738419203
1511512054871605251
1511512057589415946
1511512061947301894
1511512064728215568
1511512067257389056
1511512069564243968
1511512073133568009
1511512075746652164
1511512075868200968
1511512078250557447
1511512079982858242
1511512080565874688
1511512081866145796
1511512084890148875
1511512086924632064
1511512090221195266
1511512090787336196
1511512095308890113
1511512096898715649
1511512097238261766
1511512099083669513
1511512100794941442
1511512101415800841
1511512107438723084
1511512110718763010
1511512113059094529
1511512113365536771
1511512115311525892
1511512115437539332
1511512116053909505
1511512117567967234
1511512118335574016
1511512121380683776
1511512125998514190
1511512128184008704
1511512128783626250
1511512129962135552
1511512131065155588
1511512131715407881
1511512131618938886
1511512132273295361
1511512134139719680
1511512138690535428
1511512138073968640
1511512139214827520
1511512140305346564
1511512142868094984
1511512142872293378
1511512143820046336
1511512144310902787
1511512146722525184
1511512148941459460
1511512151575470083
1511512151839674374
1511512151927791621
1511512153148297218
1511512156335972357
1511512156252127239
1511512156415709188
1511512158282174467
1511512159485927429
1511512160131850240
1511512161180581893
1511512161654349831
1511512162476470278
1511512164061822987
1511512164015775749
1511512165580214276
1511512169317339150
1511512169761886210
1511512169799688197
1511512172102225920
1511512172718874627
1511512174346256399
1511512177986920457
1511512178662203394
1511512181061398529
1511512181279440899
1511512187843620866
1511512188330065927
1511512193417859080
1511512194202337280
1511512196349583370
1511512196555194369
1511512198421561350
1511512199449227271
1511512200439083013
1511512202997547011
1511512203580653576
1511512207217070080
1511512207250661380
1511512207565201416
1511512208810852353
1511512210379526144
1511512211847532546
1511512212283736072
1511512215773499392
1511512217199460358
1511512218701021185
1511512219623866380
1511512222773788674
1511512224296505344
1511512224652984321
1511512227643367424
1511512228817780738
1511512231279742981
1511512231187525633
1511512231464378372
1511512233574113282
1511512234727510018
1511512236510035974
1511512239664242688
1511512239722971140
1511512240331104258
1511512241690058753
1511512246848995332
1511512247218192386
1511512247662747649
1511512249013317647
1511512249973751808
1511512253199233024
1511512253836808197
1511512255036338176
1511512255195721730
1511512258802819072
1511512260367171585
1511512268621725708
1511512270395822081
1511512272056815625
1511512272409186304
1511512273642303501
1511512274573406212
1511512274464382990
1511512276569833479
1511512277903556611
1511512284736151557
1511512285335932928
1511512289228333056
1511512290142609410
1511512290784284674
1511512292088819712
1511512292432748552
1511512296228593665
1511512296245313539
1511512297797296131
1511512298048954369
1511512298602459137
1511512299756048387
1511512300674592771
1511512301895131137
1511512303170109440
1511512306227851267
1511512307796381702
1511512309201580044
1511512309314854924
1511512310266871816
1511512309906169862
1511512313118879748
1511512314536763397
1511512319314042888
1511512321528676354
1511512325630615557
1511512327153197059
1511512327379689475
1511512327660707847
1511512327622901762
1511512328935776258
1511512330038820881
1511512330919624705
1511512331066523651
1511512331066523650
1511512332828090377
1511512333633437700
1511512342516973571
1511512344823840772
1511512346199527428
1511512346711187458
1511512347231363073
1511512347625820160
1511512350309892097
1511512350301511683
1511512350351843328
1511512352117583875
1511512354936135683
1511512355330527245
1511512357658411011
1511512359579303938
1511512360464404485
1511512361504591873
1511512362490101763
1511512362712457218
1511512363580772363
1511512364616724482
1511512368131428355
1511512369570136065
1511512372346822656
1511512372615204868
1511512372569124869
1511512374536192000
1511512374762618883
1511512375119298563
1511512376478035973
1511512376264306702
1511512377186992131
1511512380739629062
1511512380915789840
1511512380827656208
1511512381406466049
1511512385982541825
1511512387303653388
1511512389027606528
1511512391934226434
1511512393616171008
1511512395277123587
1511512398078910466
1511512402021724160
1511512402348711937
1511512405192450054
1511512406836621315
1511512407251763200
1511512407688065030
1511512408069660674
1511512411181920265
1511512411441876998
1511512411513270283
1511512412801089540
1511512416911253505
1511512417070637057
1511512417188159488
1511512416726757378
1511512418719047685
1511512419910225923
1511512422275858433
1511512422879748099
1511512423278293006
1511512424997863426
1511512424951787520
1511512432530890761
1511512432581222400
1511512435588583426
1511512442165157896
1511512442987294722
1511512444618817537
1511512445600337923
1511512445952663557
1511512446585950210
1511512448796442632
1511512449639452672
1511512451665256453
1511512453535965190
1511512454270005249
1511512455511519232
1511512456945938438
1511512457545666563
1511512458803957767
1511512460620181510
1511512460926361601
1511512464378241032
1511512465259044871
1511512466655793162
1511512467503001647
1511512467653935107
1511512469847609350
1511512471944712193
1511512472389402625
1511512473001762821
1511512473857413126
1511512474268442637
1511512475136675847
1511512475400871937
1511512476956962816
1511512477498028045
1511512478504603650
1511512482300444672
1511512483491721221
1511512485123215363
1511512488243777536
1511512490181595141
1511512490324156421
1511512490680762372
1511512495579709440
1511512496322097156
1511512497983008774
1511512498612191243
1511512501820993540
1511512501850185730
1511512502890385414
1511512508984700928
1511512509806747651
1511512511203446786
1511512512268808198
1511512514533769219
1511512514760216585
1511512515188072453
1511512515787862016
1511512518098886659
1511512518765813767
1511512521139761153
1511512522012168195
1511512525707354118
1511512525959045127
1511512526671937540
1511512526852435991
1511512527020208134
1511512528748220423
1511512530581168130
1511512530656628743
1511512533399707658
1511512535647858689
1511512536256069633
1511512539867271174
1511512540244811776
1511512541150687233
1511512542375518209
1511512550466375684
1511512551728812048
1511512553993691151
1511512557051383824
1511512557756026894
1511512563846164482
1511512564974469135
1511512565339369472
1511512569495891973
1511512570737397761
1511512573052604420
1511512573212041217
1511512573493055502
1511512574000574466
1511512574520532992
1511512577569927168
1511512579734048771
1511512580191399940
1511512580317143042
1511512583626534926
1511512587950862336
1511512592321196033
1511512593189511171
1511512594477105152
1511512595408248839
1511512599065681925
1511512601964032006
1511512603419459588
1511512605462048769
1511512610352635910
1511512612743356422
1511512612672094208
1511512612789497857
1511512615884926978
1511512622310510594
1511512622511894538
1511512623237550084
1511512623791149056
1511512624873148418
1511512624764268552
1511512626643324929
1511512627024994312
1511512629931655178
1511512630317490183
1511512631294705671
1511512631043051526
1511512635019341829
1511512636130742277
1511512636525010951
1511512638664187908
1511512640111190017
1511512640631283712
1511512640954245137
1511512641075924992
1511512641818152960
1511512645689614337
1511512645844848640
1511512646947905538
1511512648235556866
1511512648608890883
1511512649258971144
1511512650802511874
1511512651188387848
1511512656523505667
1511512657395863554
1511512660549976066
1511512660940148757
1511512661447565315
1511512661468626947
1511512663146340359
1511512664379658241
1511512664505204741
1511512664597405701
1511512669806903298
1511512671920824329
1511512678959050753
1511512679848062982
1511512683203674114
1511512684025589762
1511512684885417986
1511512685212737536
1511512685833297930
1511512689595539460
1511512689889136653
1511512694310019081
1511512694859440131
1511512695262035975
1511512695404642304
1511512699062136841
1511512699917815810
1511512703919173638
1511512705760436225
1511512706536415241
1511512710068023298
1511512712412639235
1511512712869822464
1511512714325155848
1511512717869395969
1511512718305497095
1511512719467417605
1511512723858862082
1511512723967860736
1511512725360369664
1511512725888933889
1511512725838602243
1511512726375391235
1511512729672040450
1511512730313838595
1511512730846519306
1511512732134215687
1511512734243995648
1511512734449418246
1511512735749652490
1511512736093642756
1511512736131338243
1511512737498681356
1511512738861789185
1511512740354936833
1511512742955560963
1511512743001665547
1511512744683524097
1511512746860318720
1511512749473472513
1511512754380840961
1511512758390558723
1511512760978673664
1511512761049698307
1511512761964109824
1511512763159490568
1511512763306291201
1511512763536916480
1511512764719771661
1511512766087155717
1511512766187720707
1511512768062631937
1511512768700162055
1511512770029707278
1511512770344329216
1511512771539652616
1511512771812286469
1511512772173086720
1511512773951434769
1511512774756769795
1511512776258334721
1511512777382404096
1511512777495621635
1511512778028298243
1511512779051651077
1511512779563446275
1511512784042926080
1511512784000987137
1511512784818917377
1511512784718254085
1511512784873340938
1511512785192202247
1511512789763907587
1511512794398871552
1511512795799592965
1511512796256681991
1511512796885884935
1511512798647533570
1511512798706159620
1511512799914176525
1511512804121055234
1511512805773561860
1511512805823991813
1511512806507663369
1511512808864821251
1511512810911682562
1511512811910086656
1511512813998587905
1511512814745227272
1511512816284581889
1511512816565604358
1511512817974882307
1511512821783306247
1511512821770878976
1511512823192502277
1511512823234547716
1511512825851748354
1511512827990843392
1511512830058672128
1511512833183338498
1511512834789761033
1511512836974911488
1511512839638462471
1511512840271765510
1511512842477912067
1511512842977316865
1511512843262124035
1511512843497136134
1511512847230160896
1511512847720882178
1511512852750041088
1511512852946903041
1511512854284972037
1511512856973484046
1511512860551176196
1511512861364953091
1511512863701090309
1511512864863002627
1511512865110323201
1511512866322796545
1511512868872667139
1511512868939878401
1511512869124333575
1511512869095026690
1511512870856577026
1511512877055844354
1511512880100872197
1511512880360923136
1511512884781670400
1511512884660080640
1511512885482172419
1511512887487041542
1511512890846720003
1511512891647836161
1511512893237641221
1511512895007477761
1511512895938433031
1511512897855369228
1511512900288094209
1511512901357613056
1511512901625937920
1511512901563125761
1511512902213279747
1511512903358324743
1511512904155152387
1511512906092978178
1511512906952757257
1511512908118859781
1511512908466896905
1511512910731911170
1511512917560152067
1511512918759772169
1511512918579240961
1511512921318342664
1511512921016356870
1511512924413702145
1511512925088980994
1511512926410010634
1511512929832742914
1511512931493629960
1511512931846041607
1511512932508651520
1511512933574053888
1511512934257766415
1511512935973142532
1511512936258445312
1511512937294446602
1511512938208759811
1511512938388996097
1511512940683403274
1511512941337714690
1511512941610385411
1511512945158721538
1511512945825619968
1511512946555375621
1511512948312875012
1511512948526702600
1511512950569377796
1511512951617957889
1511512952716808200
1511512953740308484
1511512956256890883
1511512956961538048
1511512957640871936
1511512959629107208
1511512960891600904
1511512960899985408
1511512962745348101
1511512963647254531
1511512966214352897
1511512967229095944
1511512967279435785
1511512970362294275
1511512971561811987
1511512973076013056
1511512975932276736
1511512977488465923
1511512977958219782
1511512977983291393
1511512978411200514
1511512978855714820
1511512985654620162
1511512996442484740
1511513001681203206
1511513001840590851
1511513002310352897
1511513004344492040
1511513007997992964
1511513008379473925
1511513008228507659
1511513009822310402
1511513009843314693
1511513012481503234
1511513012351512588
1511513014851280897
1511513015115526152
1511513015350403073
1511513016231206913
1511513016508035072
1511513019775430668
1511513023353171968
1511513024460427264
1511513025462906884
1511513027140636681
1511513027337768962
1511513028260352007
1511513028612792323
1511513029577424899
1511513031255207941
1511513032576442381
1511513033457213440
1511513039031447552
1511513039429943304
1511513042252619784
1511513042466623499
1511513043565518852
1511513045826215943
1511513047856201732
1511513047948533769
1511513048422490113
1511513048737095682
1511513049588506625
1511513050863517697
1511513057167556614
1511513058388103172
1511513060921561089
1511513065136738313
1511513067863035904
1511513071386341376
1511513071818350598
1511513072220913674
1511513076704714757
1511513077149319170
1511513078222970883
1511513079292510218
1511513081809190924
1511513082773880840
1511513084074024966
1511513084568944647
1511513089706913793
1511513093171564544
1511513094534615046
1511513097864896514
1511513099597144074
1511513099953750022
1511513099794370563
1511513100163461122
1511513101451079684
1511513109898407942
1511513112536563717
1511513112578506761
1511513114319151105
1511513113920782336
1511513114478534658
1511513117628448770
1511513121407574023
1511513121474686985
1511513127648702466
1511513129154404356
1511513130480078853
1511513130962141193
1511513131679371268
1511513133554282502
1511513134200143875
1511513139040423952
1511513139321491458
1511513139669524488
1511513139786960898
1511513142148349952
1511513142731411468
1511513143079489537
1511513143830360076
1511513147378749444
1511513147588456455
1511513148397920259
1511513148506923009
1511513152344711173
1511513153921724418
1511513154924298244
1511513155951861766
1511513158044766214
1511513159860998149
1511513160435572742
1511513160653717504
1511513161228337154
1511513164541747200
1511513164780904454
1511513169537257483
1511513171454046213
1511513172112510976
1511513172724826114
1511513173194686464
1511513173551042563
1511513175811837954
1511513175883198464
1511513180467572742
1511513180895334400
1511513180970889216
1511513182417862662
1511513183047102464
1511513183466446855
1511513185882456069
1511513188264775681
1511513190647177220
1511513190667993090
1511513190915522567
1511513194111680515
1511513197018324994
1511513198452781064
1511513200856027136
1511513201418158083
1511513202345091072
1511513206677725187
1511513208980398087
1511513213250191369
1511513214869250049
1511513215406309377
1511513217587191810
1511513221424889857
1511513221370466312
1511513222788284417
1511513222754578438
1511513223241076739
1511513226529452036
1511513227645042695
1511513227770875912
1511513229276684295
1511513232271413255
1511513233919725573
1511513234364370944
1511513234188210177
1511513235035406337
1511513238697123840
1511513239980552195
1511513240139882501
1511513243210199043
1511513245269598210
1511513245848322048
1511513251036680195
1511513252878069760
1511513257693319173
1511513257512775683
1511513260159385601
1511513260532826115
1511513261560274951
1511513265486008321
1511513267117731844
1511513271123259393
1511513271899144199
1511513273165918209
1511513274893877252
1511513276017954818
1511513277133643776
1511513281835552775
1511513282498211842
1511513282473074688
1511513282611453962
1511513282988883968
1511513287279710211
1511513289775271937
1511513290991718402
1511513292170305539
1511513293109997568
1511513294066143248
1511513295752253440
1511513297090134016
1511513297836601346
1511513299686498305
1511513305399140353
1511513306623881223
1511513307009761281
1511513308364677121
1511513309496885251
1511513309496938504
1511513314324631555
1511513314882469893
1511513315389763585
1511513316610478081
1511513316866338821
1511513318384713737
1511513318590234625
1511513318934077440
1511513320540549130
1511513322050437120
1511513322641842177
1511513323245817872
1511513324814536711
1511513326605512708
1511513327201103876
1511513327859609609
1511513330430709761
1511513330883735553
1511513335094812676
1511513338194415617
1511513338257281037
1511513340329304067
1511513341428183040
1511513342048980992
1511513344053817347
1511513345232355330
1511513345639264259
1511513347509923849
1511513348571111433
1511513349548560386
1511513349711962114
1511513350001213448
1511513355948859397
1511513360231276549
1511513360382234625
1511513362714312706
1511513369467097088
1511513371736166401
1511513371895648258
1511513376492593155
1511513378778406914
1511513379810205699
1511513379906760709
1511513379789225986
1511513381529960450
1511513382863650821
1511513382830186497
1511513383375364096
1511513385854193668
1511513390312833030
1511513394939146240
1511513395236904966
1511513398558826498
1511513402493046792
1511513402656661514
1511513403004801028
1511513404179161094
1511513404296601604
1511513405429067787
1511513405861072899
1511513406121123841
1511513407815569410
1511513409572986889
1511513410604879878
1511513414157406208
1511513414320934914
1511513414811664387
1511513414878773251
1511513415008886789
1511513417915400194
1511513419408621576
1511513419526160386
1511513420415262723
1511513420436279297
1511513424345415680
1511513426195103756
1511513430523629571
1511513431979012101
1511513432700375049
1511513432952033281
1511513435925794821
1511513437372751876
1511513438673113092
1511513440833179649
1511513441411993601
1511513443530072070
1511513443999825940
1511513447741235202
1511513451969105920
1511513455660257280
1511513459732754442
1511513461418831874
1511513461611765762
1511513462790365189
1511513463977349123
1511513464635863040
1511513465957011457
1511513466196090887
1511513466892341248
1511513474114936834
1511513474559578113
1511513480465166336
1511513484772749312
1511513484919459842
1511513486836252672
1511513489130545152
1511513489180872704
1511513491487981573
1511513491517186053
1511513495732424711
1511513498181844995
1511513501260468228
1511513501117952005
1511513501558259716
1511513502518857733
1511513502858588167
1511513503449993227
1511513503823245312
1511513511268163586
1511513513923121156
1511513517207306249
1511513517848883205
1511513518142599170
1511513518654337033
1511513521837727747
1511513524929011719
1511513527575584773
1511513528448208896
1511513528657924096
1511513529244917767
1511513530222227463
1511513532353101828
1511513533237895172
1511513534731063298
1511513537071493121
1511513537864093699
1511513540691169286
1511513541248962563
1511513541349683209
1511513541890777098
1511513541916131330
1511513542805098500
1511513543539146752
1511513551218765826
1511513551390838793
1511513562786807811
1511513563319480327
1511513563290124292
1511513563793395721
1511513564598738958
1511513566263840770
1511513570357522438
1511513570856644615
1511513574572761088
1511513578087628801
1511513582869037057
1511513585482088454
1511513586866155524
1511513587050860544
1511513589223464964
1511513589592559623
1511513590183956485
1511513591500972036
1511513591551303692
1511513597335248896
1511513602028625921
1511513606722142211
1511513607212834828
1511513610438287363
1511513613164494854
1511513617903980548
1511513617920835590
1511513621628874754
1511513622341640203
1511513625143427074
1511513625688748035
1511513625646751757
1511513625948790790
1511513630520578049
1511513631401336856
1511513633318215686
1511513633527894022
1511513633196498946
1511513635671220226
1511513636778426369
1511513637285998594
1511513638473019399
1511513643623620610
1511513645754339331
1511513645972303874
1511513646152753152
1511513646194737153
1511513649109561347
1511513649466257410
1511513649738825732
1511513650326036485
1511513651097841667
1511513656466591744
1511513662548238337
1511513664842391554
1511513670442000392
1511513671142412288
1511513672618811402
1511513677333204998
1511513678507614213
1511513678822182920
1511513680273457162
1511513680302821377
1511513681963724803
1511513682089590787
1511513688259411977
1511513688926162944
1511513689693773824
1511513690486489092
1511513691711229952
1511513692801847301
1511513693955272713
1511513699210698756
1511513701274247176
1511513701454688271
1511513701811212291
1511513708320731142
1511513708647886851
1511513717330137089
1511513717401436176
1511513717892124675
1511513719003561985
1511513719829942275
1511513720572293121
1511513725068587015
1511513725043412998
1511513729015468043
1511513731427143680
1511513731938852871
1511513733876662272
1511513736741371913
1511513741837357056
1511513742357508103
1511513743296892930
1511513745700409345
1511513749018001417
1511513749378715649
1511513749861150722
1511513753346486272
1511513754139254797
1511513754835599360
1511513756425232388
1511513758497222658
1511513759319306240
1511513759906471940
1511513760116232198
1511513760808280068
1511513763576487942
1511513766894223360
1511513776977321987
1511513782610182148
1511513782954172417
1511513783881150466
1511513784376045571
1511513784506068995
1511513787161010176
1511513788641693698
1511513788947873799
1511513790684307458
1511513796245954577
1511513807163740164
1511513808853999616
1511513809390903305
1511513810737278982
1511513812238807040
1511513815531364353
1511513818177933316
1511513818328965120
1511513819574587412
1511513819511767062
1511513820119941129
1511513824364572673
1511513825786347520
1511513828470706183
1511513828412071939
1511513829502599171
1511513829586440192
1511513831582875648
1511513832753184772
1511513833403297794
1511513833789169669
1511513840936173569
1511513840848183301
1511513840822853635
1511513841414426635
1511513842962022407
1511513843708706832
1511513843930959880
1511513844203638788
1511513849337421825
1511513849731690499
1511513851438764040
1511513853565222919
1511513853737242631
1511513855293374472
1511513856492941319
1511513858929799168
1511513858875215880
1511513858954903557
1511513859231830017
1511513860167061509
1511513860024545281
1511513861110784004
1511513861786152965
1511513862247493635
1511513863023480837
1511513864038408197
1511513864600494083
1511513864919257099
1511513866810839048
1511513868157296643
1511513869340061701
1511513869428137996
1511513870254624769
1511513873630871561
1511514382232076292
1511514382529826816
1511514382798307331
1511514382907457538
1511514383314210819
1511514383897272324
1511514384329326605
1511514387672342528
1511514388284559364
1511514391312752642
1511514391849623553
1511514391979696128
1511514392155807748
1511514392134926336
1511514395310010369
1511514396123713542
1511514396798984197
1511514398153756674
1511514401924427776
1511514404927545345
1511514405187506187
1511514411348873216
1511514412162629634
1511514412640870408
1511514416143081472
1511514416373719040
1511514416176578563
1511514417183268868
1511514418408046594
1511514420131811334
1511514424733061124
1511514425295093772
1511514427425701897
1511514430537883649
1511514433192923144
1511514436670046217
1511514438326579204
1511514445495029760
1511514446765645827
1511514450448293891
1511514453334007810
1511514454160203783
1511514455326306305
1511514457121382405
1511514457838690306
1511514458249641992
1511514460623716364
1511514464247549955
1511514467972136968
1511514471407226886
1511514472153853953
1511514473005260805
1511514474699956226
1511514475488292864
1511514480122945539
1511514490759745540
1511514492772958211
1511514496409513988
1511514502616997888
1511514504332517388
1511514507956391942
1511514509650890755
1511514511726972933
1511514511785836554
1511514511945179144
1511514513903865860
1511514516076511236
1511514516533952513
1511514516567179264
1511514519734046722
1511514519813644292
1511514521105481735
1511514521550176262
1511514522883813381
1511514522934296582
1511514525417324548
1511514526897823758
1511514527346880513
1511514527866707970
1511514529720586245
1511514532287590414
1511514533227122692
1511514544195125249
1511514548238528515
1511514549194739720
1511514550985969664
1511514551262625792
1511514552923729922
1511514555251404803
1511514557348565002
1511514557289840643
1511514561169530883
1511514561832108036
1511514565732970497
1511514567943364612
1511514568702447620
1511514568916299781
1511514574008295425
1511514575077785604
1511514575639830528
1511514576738828292
1511514578181496833
1511514579788087302
1511514582187184129
1511514582526971911
1511514588260585477
1511514588608712711
1511514589556527104
1511514589581791236
1511514590978449409
1511514591498547202
1511514594195484673
1511514594400952320
1511514594329645062
1511514599438311428
1511514608019726338
1511514608103833607
1511514609026486281
1511514612230983685
1511514615875874820
1511514616710729729
1511514619776483329
1511514620766400519
1511514621202608134
1511514624537112589
1511514625036140553
1511514625438797829
1511514628051935237
1511514628970491910
1511514629268295685
1511514630945972235
1511514631856136195
1511514632661389315
1511514632896323587
1511514641771511811
1511514643881201668
1511514645433049094
1511514650017468422
1511514650625646595
1511514652932513803
1511514654580879361
1511514655272935425
1511514656598339587
1511514656694755333
1511514659433578500
1511514663099551745
1511514663942557705
1511516184994275334
1511516189356437504
1511516189847134210
1511516191164088322
1511516194481876996
1511516195077378055
1511516195299774468
1511516195836477443
1511516196897759235
1511516197132644357
1511516197803765761
1511516198990667782
1511516201574449152
1511516202560016399
1511516205068263436
1511516205491884040
1511516207899463686
1511516209883328514
1511516211883958272
1511516211540025352
1511516215109369861
1511516219073085440
1511516219748515842
1511516222898294787
1511516226220019713
1511516227436523529
1511516227411357701
1511516229147758596
1511516232641613826
1511516234482950144
1511516234617139201
1511516235724431372
1511516236072603652
1511516236508770306
1511516236760371205
1511516236714233859
1511516238081626113
1511516239914541058
1511516241307086855
1511516242015887386
1511516246046609410
1511516246096945152
1511516247334301704
1511516248122834948
1511516248714223619
1511516250018623495
1511516257790668802
1511516258281345039
1511516258725937158
1511516260336553997
1511516262869962756
1511516263591329801
1511516263759204363
1511516268385427468
1511516270092599297
1511516270780424196
1511516273473200132
1511516273284374531
1511516275746525187
1511516276979601408
1511516279114452999
1511516280393715716
1511516280578265092
1511516281698193409
1511516284990767108
1511516288392347650
1511516290032275458
1511516290623676422
1511516290804027406
1511516290976186369
1511516293719117831
1511516296323776513
1511516298643226624
1511516301507899398
1511516302501941254
1511516306507505665
1511516307572854791
1511516307618992129
1511516311574228993
1511516320105435142
1511516321611137024
1511516322185854976
1511516326766026756
1511516327529390081
1511516328380837895
1511516328523440131
1511516331379769345
1511516332902305793
1511516335800524804
1511516336396111876
1511516338652651523
1511516338614947847
1511516339910983686
1511516340275847180
1511516342041653254
1511516343111233538
1511516346055602180
1511516346609278984
1511516348853239813
1511516350446854147
1511516353202634754
1511516353844371458
1511516356084215813
1511516367660462093
1511516367543017473
1511516369757605893
1511516371812864008
1511516373456982016
1511516377735217152
1511516377768763393
1511516379710590979
1511516379995852804
1511516382109872130
1511516381979807747
1511516383598845954
1511516386060820481
1511516386887147520
1511516392964640773
1511516396265648130
1511516397440049159
1511516397666541572
1511516402095689739
1511516402389340181
1511516403337150475
1511516403681177602
1511516403924357121
1511516404943568897
1511516405652508672
1511516405971230721
1511516410526248961
1511516410966646784
1511516411813842947
1511516416750489608
1511516417300041731
1511516417903845377
1511516419053461504
1511516421465022468
1511516422974976002
1511516423687921667
1511516425294426120
1511516429597749251
1511516430046535686
1511516434756734979
1511516437789167617
1511516439735418881
1511516442138660876
1511516444793651206
1511516446609883141
1511516446727286788
1511516450309214218
1511516450531467270
1511516451684990979
1511516452100128768
1511516453148758032
1511516455778541568
1511516457473036289
1511516459431874563
1511516460031557634
1511516460564172811
1511516460866228229
1511516460870475776
1511516461235331077
1511516461721952257
1511516461826809859
1511516462850232322
1511516463085064203
1511516463257071619
1511516465710702597
1511516466205573127
1511516467300241416
1511516467564589070
1511516470517411845
1511516471872131073
1511516475001090048
1511516478062878721
1511516479325450240
1511516480352960515
1511516481023987714
1511516484857704453
1511516486816473098
1511516487047077895
1511516490012319745
1511516490041741319
1511516491136520193
1511516490956263429
1511516493347008512
1511516494231973891
1511516494538096642
1511516500959666179
1511516501060239361
1511516501211324417
1511516502540828672
1511516503488831489
1511516504407355399
1511516504650563585
1511516506844110848
1511516509474017285
1511518535276761089
1511518536728039427
1511518538527301647
1511518539936636931
1511518543426342915
1511518547201167364
1511518552054022150
1511518552897069062
1511518557665964033
1511518559024947239
1511518559851196421
1511518562309005313
1511518563475107852
1511518563500236804
1511518564745814018
1511518568654987266
1511518569460346911
1511518570412396549
1511518571771346945
1511518572669026304
1511518575470731272
1511518575646937097
1511518580176732162
1511518581921660934
1511518581745348614
1511518582068453377
1511518582638845960
1511518583930642433
1511518584505352194
1511518586204049408
1511518586329833473
1511518594802327554
1511518595313926149
1511518601219555329
1511518601592909832
1511518601802616837
1511518603257991169
1511518603757207553
1511518604814073863
1511518605753696260
1511518609285201923
1511518610329636874
1511518611126505475
1511518611608940544
1511518612623790081
1511518612925919237
1511518613643091978
1511518615589298180
1511518616268812289
1511518619498283009
1511518619737509889
1511518623029944330
1511518623495606278
1511518624204439554
1511518626418995204
1511518627425517568
1511518628126072832
1511518628113522692
1511518629363343361
